000000000000	001000000000000	00000000000	000000	00001000	0100000000000000
000010000000	000000000001000	00000000100	000000	00000000	0000000010000000
000001000000	000000000010000	10000001000	000000	00000000	0000000001000000
000000000000	000000000000000	00000100000	000000	00000010	0000000000000000
000000010000	001000000000000	00000000000	000000	00001000	0000000000000000
100000000000	000000000000000	00010000000	000000	00000000	0000000000000000
000000000000	000000000000000	00000000000	000000	00000000	0010000000010000
000001000000	000000000000000	00001000000	000000	00000000	0000000000000000
000000000000	000000000000000	00000000000	000000	00000000	0010000000010000
000010000000	000000000001000	00000000000	000000	00000000	0000000010000000
000100000000	000000000000100	00000010010	000000	00000000	1000000000000000
000000000000	000000000000000	00000100000	000000	00000010	0000000000000000
000010000000	000000000001000	00000000000	000000	00000000	0000000010000000
000000000000	001000000000000	00000000000	000100	00001000	0000000000000000
000000000000	000000000000000	00000000000	000000	00000000	0010000000010000
000000000000	000001010100000	00000000000	000000	01000000	0000010000000000
000010000000	000000000001000	00000000000	000000	00000000	0000000010000000
000000000000	000000000000000	00000000000	010001	00100001	0000000000000000
000000000100	010000000000000	00000000001	000000	00000000	0000000000001000
000000000000	000000000000000	00000000000	010000	00100001	0000000000000000
000000000000	000000000000000	00000000000	010000	00100001	0000000000000000
010000001000	100010000000000	00000000000	000000	00000000	0000000000000000
000000000000	001000000000000	00000000000	000000	00001000	0000000000000000
000001000000	000000000000000	00001000000	000000	00000000	0000000000000000
000000000100	010000000000000	00000000001	000000	00000000	0000000000001000
000000000000	000000000000000	00000100000	000000	00000010	0000000000000000
000010000000	000000000001000	00000000000	000000	00000000	0000000010000000
000000000000	000001010100000	00000000000	000000	01000000	0000010000000000
000000000100	010000000000000	00000000001	000000	00000000	0000000000001000
000010000000	000000000001000	00000000000	000000	00000000	0000000010000000
000000000000	000100000000000	00000000000	100000	00000000	0000000000000000
000000000000	000000000000000	00000000000	000000	00000000	0010000000010000
000000000010	000001010100000	00000000000	000000	01010000	0000000000000000
000000000000	001000000000000	00000000000	000000	00001000	0000000000000000
000000000000	000000000000000	00000000000	000000	00000000	0010000000010000
000010000000	000000000001000	00000000000	000000	00000000	0000000010000000
000010000000	000000000001000	00000000000	000000	00000000	0000000010000000
000000000000	000100000000000	00000000000	000000	00000000	0000000000000000
000000000000	000000000000000	00000000000	010000	00100001	0000001000000000
010000001000	100010000000000	00000000000	000000	00000000	0000000000000000
000000000000	001000000000000	00000000000	000000	00001000	0000000000000000
000000010000	001000000000000	00000000000	000000	00001000	0000000000000000
000001000000	000000000000000	00000000000	000000	00000000	0000000000000000
000100000000	000000000000100	00000010010	000000	00000000	1000000000000000
000000000000	000000000000000	00000100000	000000	00000010	0000000000000000
000000010000	001000000000000	00000000000	000000	00001000	0000000000000000
000000000000	000000000000000	00000000000	000000	00000000	0010000000010000
000000000000	001000000000000	00000000000	000000	00001000	0000000000000000
000001000001	000000100000000	00000000000	000000	00000000	0000000000000000
000000000000	000100000000000	00000000000	000000	00000000	0000000000000000
000010000000	000000000001000	00000000100	000000	00000000	0000000010000000
000000010000	001000000000000	00000000000	000000	00001000	0000000000000000
000010000000	000000000001000	00000000000	000000	00000000	0000000010000000
000000010000	001000000000000	00000000000	000000	00001000	0000000000000000
000000000000	001000000000000	00000000000	000000	00001000	0100000000000000
000000000000	000000000000000	00100000000	000010	00000000	0000000000000001
000000000000	000000000000000	00000000000	010000	00100001	0000001000000000
000000010000	001000000000000	00000000000	000000	00001000	0000000000000000
000000000000	001000000000000	00000000000	000000	00001000	0000000000000000
000000000000	000000000000000	00000000000	000000	00000000	0000000000000000
000000000000	000000000000000	00000000000	000000	00000000	0010000000010000
000000000000	000001010100000	00000000000	000000	01000000	0000000000000010
000010000000	000000000001000	00000000000	000000	00000000	0000000010000000
000000000100	010000000000000	00000000001	000000	00000000	0000000000001000
000000000000	001000000000000	00000000000	000000	00001000	0000000000000000
001000000000	001000000000000	00000000000	000000	00001000	0000000000000000
000000010000	001000000000000	00000000000	000000	00001000	0000000000000000
000001000000	000000000000000	00001000000	000000	00000000	0000000000000000
000000000000	000000000000000	00100000000	000010	00000000	0000000000000001
010000001000	100010000000000	00000000000	000000	00000000	0000000000000000
000000000000	000000000000000	00000100000	000000	00000010	0000000000000000
000000000000	000000000000000	00000100000	000000	00000010	0000000000000000
000000010000	001000000000000	00000000000	000000	00001000	0000000000000000
000000000000	000000000000000	00000000000	000000	00000000	0010000000010000
000000000000	001000000000000	00000000000	000000	00001000	0000000000000000
000000000000	000000000000000	00000000000	000000	00000000	0010000000110100
000001000000	000000000010000	10000001000	000000	00000000	0000000001000000
000000000000	001000000000000	00000000000	000000	00001000	0000000000000000
000000000000	000000000000000	00000000000	010000	00100001	0000001000000000
000001000000	000000000000000	00000000000	000000	00000000	0000000000000000
000000000000	001000000000000	00000000000	000000	00001000	0000000000000000
000000000000	001000000000000	00000000000	000000	00001000	0100000000000000
000000000000	000000000000000	00000000000	000000	00000000	0010000000010000
000001000001	000000000000000	00000000000	000000	00000000	0000000000000000
000010000000	000000000001000	00000000100	000000	00000000	0001000010000000
010000001000	100010000000000	00000000000	000000	00000000	0000000000000000
100000000000	000000000000000	00010000000	000000	00000000	0000000000000000
010000001000	100010000000000	00000000000	000000	00000000	0000000000000000
000000000000	000000000000000	00100000000	000010	00000000	0000000000000001
000000000000	000100000000000	00000000000	000000	00000000	0000000000000000
000000000000	000000000000000	00000100000	000000	00000010	0000000000000000
000000000000	000000000000000	00000000000	000000	00000000	0010000000010000
100000000000	000000000000000	00010000000	000000	00000000	0000000000000000
000000000000	000000000000000	00000100000	000000	00000010	0000000000000000
000001000000	000000000000000	00001000000	000000	00000000	0000000000000000
000001000000	000000000000000	00000000000	000000	00000000	0000000000000000
000100000000	000000000000100	01000010000	000000	00000000	1000000000000000
010000001000	100010000000010	00000000000	000000	00000000	0000000100000000
000001000000	000000000010000	00000001000	000000	00000000	0000100001000000
000000000000	000000000000000	00000100000	000000	00000010	0000000000000000
000000000000	000000000000000	00000000000	000000	00000000	0010000000010000
000000000000	001000000000000	00000000000	000000	00001000	0000000000000000
000000000000	000000000000000	00100000000	000010	00000000	0000000000000001
000001000000	000000000010001	10000001000	000000	00000000	0000000001000000
000000000000	000000000000000	00000000000	010000	00100001	0000001000000000
000000000100	010000000000000	00000000001	000000	00000000	0000000000001000
000000000000	000000000000000	00000100000	000000	00000010	0000000000000000
000001100000	000000000000000	00000001000	000000	00000100	0000000000000000
000000000000	001000000000000	00000000000	000000	00001000	0000000000000000
000000000000	001000000000000	00000000000	000000	00001000	0100000000000000
000001000000	000000000000000	00000000000	000000	00000000	0000000000000000
010000001000	100010000000000	00000000000	000000	00000000	0000000000000000
000000000000	000000001000000	00000000000	000000	00000000	0010000000010000
000000000000	000000000000000	00000000000	000000	00000000	0010000000010000
000000000000	000000000000000	00000000000	010000	00100001	0000001000000000
000000000000	000000000000000	00000100000	000000	00000010	0000000000000000
000000000000	000000000000000	00000000000	010000	00100001	0000001000000000
000000000000	000100000000000	00000000000	000000	00000000	0000000000000000
000000000000	000000000000000	00000100000	000000	00000010	0000000000000000
001000000000	001000000000000	00000000000	000000	00001000	0000000000000000
000100000000	000000000000100	00000010010	000000	00000000	1000000000000000
000000000100	010000000000000	00000000001	000000	00000000	0000000000001000
000010000000	000000000001000	00000000000	000000	00000000	0000000010000000
000000000000	000000000000000	00000000000	010001	00100001	0000000000000000
000000000000	000100000000000	00000000000	000000	00000000	0000000000000000
000000000000	001000000000000	00000000000	000000	00001000	0000000000000000
000000000100	010000000000000	00000000001	001000	00000000	0000000000001000
000001000000	000000000010000	00000001000	000000	00000000	0000100001000000
000000000000	001000000000000	00000000000	000000	10001000	0000000000000000
100000000000	000000000000000	00010000000	000000	00000000	0000000000000000
000010000000	000000000001000	00000000000	000000	00000000	0000000010000000
000000000000	000000000000000	00000000000	010000	00100001	0000001000000000
000000000000	000000000000000	00000000000	010000	00100001	0000001000000000
000100000000	000000000000100	00000010010	000000	00000000	1000000000000000
100000000000	000000000000000	00010000000	000000	00000000	0000000000000000
000000000000	001000000000000	00000000000	000000	00001000	0000000000000000
000000000000	000000000000000	00000000000	010000	00100001	0000000000000000
000000000000	000000000000000	00000100000	000000	00000010	0000000000000000
000000000000	001000000000000	00000000000	000000	00001000	0000000000000000
000000000010	000001010100000	00000000000	000000	01000000	0000000000000000
000000000000	000000000000000	00000000000	010001	00100001	0000000000000000
000001000000	000000000010001	10000001000	000000	00000000	0000000001000000
000000000000	000000000000000	00000000000	000000	00000000	0010000000010000
000000000000	000000000000000	00100000000	000010	00000000	0000000000000001
100000000000	000000000000000	00010000000	000000	00000000	0000000000000000
000000000000	000000000000000	00000000000	000000	00000000	0010000000010000
000000000000	000000000000000	00000000000	000000	00000000	0010000000010000
000000000000	000000000000000	00000000000	010000	00100001	0000001000000000
000000000000	000000000000000	00000000000	000000	00000000	0010000000010000
000001000000	000000000000000	00001000000	000000	00000000	0000000000000000
