0000000000010000	000000000000000000000	0000000000000	000000000000	0000000	00000000000
0000000000000000	000100000000000000000	0000010000000	000000000000	0000000	00001000000
0000000000000000	000000000000000000000	0000000000000	000001010000	0000000	00000000000
0000000000000000	010000000000000000010	0000000000000	000000000000	0000000	00000000000
0001000000000000	000000000000000000010	0000000000000	000000000000	0000000	00000000000
0000000000000000	000000000000110000100	0000000000000	000000000010	0000000	00000000000
0000000000000000	001000000000000000000	0000000000000	001000100000	0000000	00000000000
0001000000000000	000000000000000000010	0000000000000	000000000000	0000000	00000000000
0000000000000100	000000000000000000000	0000000000000	000000000000	0000000	00000001000
0000000000000000	000000000000110000100	0000000000000	000000000010	0000000	00000000000
0000000000000100	000000000000000000000	0000000000000	000000000000	0000000	00000001000
0000000000000010	010000000000000000010	0000000000000	000000000000	0000000	00000010000
0000000001000000	000000000000000000000	0000010000000	000000000000	0000000	00001000000
0000000000000000	001000000000000000000	0000000000000	000000100000	0000000	00000000000
0001000000000000	000000000000000000010	0000000000000	000000000000	0000000	00000000000
0000000000000000	000000000000000000000	0000010000000	000000000000	0000000	00001000000
0000000000000000	000000000000000000000	0000000000000	000000100000	0000000	00000000000
0000000000000000	001000000000000000000	0000000000000	001000100000	0000000	00000000000
0000000000000000	000000000100000000001	0100100000000	000000000000	0000000	00000000001
0000000000000000	001000000000000000000	0000000000000	000000100000	0000000	00000000000
0010000000000000	000000000000000000000	0000000000010	000000000000	0000001	00000100000
0000010000000000	000000000010000000000	0000000000000	000000000000	0000000	00000000000
0000000000000000	000000000100000000001	0100000000000	000000000000	0000000	00000000001
0000000000000000	000000000000100000000	0000000000000	000000000000	0000000	00000000000
0000000000000000	000000000100000000001	0100000000000	000000000000	0000000	01000000001
0000000000000000	000000000100000000001	0100000000000	000000000000	0000000	00000000001
0000000000000000	001000000000000000000	0000000000000	000000100000	0000000	00000000000
0000000000000000	000000000000000000000	0000000000000	000000000000	0000000	00000000000
0000000000000000	000000000000000000000	0000000000000	000000100000	0000000	00000000000
0000000100000000	000000000100000000001	0100000000000	000000000000	0000000	00000000001
0000000000000000	000000000000100000000	0000000000000	000000000000	0000000	00100000000
0000000000000000	010000000000000000010	0000000000000	000000000000	0000000	00000000000
0000000000000000	000000000000100000000	0000000000000	000000000000	0000000	00000000000
0000000000010000	000000000000000000000	0000000000000	000000000000	0000000	00000000000
0010000000000000	000000000000000000000	0000000000010	000000000000	0000001	00000100100
0000000000000000	000100000000000000000	0000010000000	000000000000	0000000	00001000000
0000000000000000	000001000000000000000	0000000000000	000000100000	0000000	00000000000
0000000000000000	000000000000100000000	0000000000000	000000000000	0000000	00000000000
0000000000000000	000000000000000000000	0000000000000	000000000000	0000010	00000000000
1000000000000000	000000000000000000000	0000000000000	000001000000	0000000	00000000000
0000000000000001	000000000100000000001	0100000000000	000000000000	0001000	00000000001
0000000000000000	000000000100000000001	0100000000000	000000000000	0100000	00000000001
0000000000000000	000000010000000000000	0000000100000	000000000000	0000000	00000000000
0000000000000000	000000000000000000000	0000000000000	000000100100	0000000	00000000000
0000000001000000	000000000000000000000	0000010000000	000000000000	0000000	00001000000
0000000000100000	000010000000000000000	0001000000000	000000000000	0000000	00000000000
0010100000000000	000000000000000000000	0000000000010	000000000000	0000001	00000100000
0000000000000000	000000000000100000000	0000000000000	000000000000	0000000	00000000000
0000000000000000	010000000000000000010	0000000000000	000000000000	0000000	00000000000
0000000000000000	000000000000000000010	0000000000000	000000000000	0000000	00000000000
0000000000000000	010000000000000000010	0000000000000	000000000000	0000000	00000000000
0000001000000000	000000000000000000000	0000010000000	000000000000	0000000	00001000000
0000000000000000	001000000000000000000	0000000000000	000000100000	0000000	00000000000
0000000000000000	000000100000000000000	0000010010000	000010000000	0000000	00000000000
0000000000000000	000000000101000000001	0100000000000	000000000000	0000000	00000000001
0000000000000000	000000000000100000000	0000000000000	000000000000	0000000	00000000000
0000000000000000	000000000100000000001	0100000000000	000000000000	0000000	00000000001
0000000000000000	000000000000000000000	0000010000000	000000000000	0000000	00001000000
0000000000000001	000000000100000000001	0100000000000	000000000000	0001000	00000000001
0000000000000000	000000000000000000000	0000000000000	000001010000	0000000	10000000000
0000000000000000	000000000000100000000	0000000000000	000000000000	0000000	00100000000
0000000000000000	000000000100000000001	0100000000000	000000000000	0000000	00000000001
0010000000000000	100000000000000000000	0000000000010	000000000000	0000001	00000100000
0000000000000000	000000000000100000000	0000000000000	000000000000	0000000	00000000000
1000000000000000	000000000000000000000	0000000000000	000001000000	0000000	00000000000
0000000000000100	000000000000000000000	0000000000000	000000000000	0000000	00000001000
0000000000000000	000000000000110000100	0000000000000	000000000010	0000000	00000000000
0000000000000010	010000000000000000010	0000000000000	000000000000	0000000	00000000000
0000000000000000	000000000000000000010	0000000000000	000000000000	0000000	00000000000
0000000100000000	000000000100000000001	0100000000000	000000000000	0000000	00000000001
0000010000000000	000000000010000000000	0000000000000	000000000000	0000000	00010000000
0000000000000000	000000000000000000000	0010000001000	000000000000	0000000	00000000000
0000000000000000	000100000000000000000	0000010000000	000000000000	0000000	00001000000
1000000000000000	000000000000000000000	0000000000000	000001000000	0000000	00000000000
0000000000000000	000000000000100000100	0000000000000	000000000010	0000000	00000000000
0000000000000100	000000000000000000000	0000000000000	000000000000	0000000	00000001000
0000000000000000	000000000000000010000	0000000000001	000000000001	0000000	00000000000
0010000000000000	000000000000000000000	0000000000010	000000000000	0000001	00000100000
0000001000000000	000000000000000000000	0000010000000	000000000000	0000000	00001000000
0010000000000000	000000000000000000000	0000000000010	000000000000	0000001	00000100000
0000000000000000	000000000100000000001	0100000000000	000000000000	0000000	00000000001
0000000000100000	000010000000000000000	0001000000000	000000000000	0000000	00000000000
0000000000000000	001000000000000000000	0000000000000	000000100000	0000000	00000000000
0000000000000000	001000000000000000000	0000000000000	000000100000	0000000	00000000000
0000000000000000	000000000000100000000	0000000000000	000000000000	1000000	00000000000
0000000000000100	000000000000000000000	0000000000000	000000000000	0000000	00000001000
0100000000000000	000000000000100000000	0000000000000	000000000000	0000000	00000000000
0000000000000100	000000000000000000000	0000000000000	000000000000	0000000	00000001000
0000000000100000	000010000000000000000	0001000000000	000000000000	0000000	00000000000
0000000000000000	000000000100000000001	0100000000000	000000000000	0000000	00000000001
0000000000000000	010000000000000000010	0000000000000	000000000000	0000000	00000000000
0000000000000000	000000000100000000001	0100000000000	000000000000	0000000	00000000001
0000000000000000	000000000000000100000	0010000001000	000000000000	0000000	00000000000
0000001000000000	000000000000000000000	0000010000000	000000000000	0000000	00001000000
0000000000000000	000000000010000000000	0000000000000	000000001000	0000100	00000000010
0000000100000000	000000000100000000001	0100000000000	000000000000	0000000	00000000001
0000000100000000	000000000100000000001	0100000000000	000000000000	0000000	00000000001
0000000000000000	000000000000100000100	0000000000000	100000000010	0010000	00000000000
0001000000000000	000000000000000000010	0000000000000	000000000000	0000000	00000000000
0000000000000000	001000000000000000000	0000000000000	001000100000	0000000	00000000000
0000000000000000	000000000000110000100	0000000000000	000000000010	0000000	00000000000
0000000000000000	000000000000000000000	0000000000000	000001010000	0000000	00000000000
0000000000010000	000000000000000000000	0000000000000	000000000000	0000000	00000000000
0000000000000000	000000010000000000000	0000000100000	000000000000	0000000	00000000000
0000000000000000	000000000000000000000	0000000000000	000000000000	0000000	00000000000
0000000000000000	000000001000000000000	0000001000000	000000000000	0000000	00000000000
0000000000000000	000000000000110000100	0000000000000	000000000010	0000000	00000000000
0000000000000000	001000000000000000000	0000000000000	000000100000	0000000	00000000000
0000000000000000	000000000000100000000	1000000000000	000000000000	0000000	00100000000
0000000000000000	000000000000000010000	0000000000001	000000000001	0000000	00000000000
0000000000000000	000000000000000100000	0010000001000	000000000000	0000000	00000000000
0000000000000000	000000000000000000010	0000000000000	000100000000	0000000	00000000000
0000000000000100	000000000000000000000	0000000000000	000000000000	0000000	00000001000
0000000000000000	010000000000000000010	0000000000000	000000000000	0000000	00000000000
1000000000000000	000000000000000000000	0000000000000	000001000000	0000000	00000000000
0000000000000000	000100000000000000000	0000010000000	000000000000	0000000	00001000000
0000000000000000	000000000000000000000	0000001000000	000000000000	0000000	00000000000
0000000000000000	000000000000000000010	0000000000000	000000000000	0000000	00000000000
0000001000000000	000000000000000000000	0000010000000	000000000000	0000000	00001000000
0000000000000000	000000000000100000000	0000000000000	000000000000	0000000	00100000000
0000000010000000	000000000000001000000	0000000000000	000000100000	0000000	00000000000
0000000000000000	000100000000000000000	0000010000000	000000000000	0000000	00001000000
0010000000000000	000000000000000000000	0000000000010	000000000000	0000001	00000100000
0000000000000000	000000000000000100000	0010000001000	000000000000	0000000	00000000000
0000000000000100	000000000000000000000	0000000000000	000000000000	0000000	00000001000
0000000000000000	000000000000000010000	0000000000001	000000000001	0000000	00000000000
0000000000000100	000000000000000000000	0000000000000	000000000000	0000000	00000001000
0000000000000000	000000000000100000000	0000000000000	000000000000	0000000	00000000000
0000000000000000	000000000000100000000	0000000000000	000000000000	0000000	00000000000
0000000000000000	001000000000000000000	0000000000000	000000100000	0000000	00000000000
0000000000000000	000000000000000010000	0000000000001	000000000001	0000000	00000000000
0000001000001000	000000000000000000000	0000010000000	000000000000	0000000	00001000000
0000000000000000	000000000100000000001	0100000000000	000000000000	0000000	00000000001
0000000000000000	000000000000000000000	0000001000000	000000000000	0000000	00000000000
0000000000000000	000100000000000000000	0000010000000	000000000000	0000000	00001000000
0000001000000000	000000000000000000000	0000010000000	000000000000	0000000	00001000000
0010000000000000	000000000000000000000	0000000000010	000000000000	0000001	00000100100
0000000000000000	010000000000000000010	0000000000000	000000000000	0000000	00000000000
0000000000000000	001000000000000000000	0000000000000	000000100000	0000000	00000000000
0000000000000000	010000000000000000010	0000000000000	000000000000	0000000	00000000000
0000000000000000	001000000000000000000	0000000000000	000000100000	0000000	00000000000
0000000000000000	000000001000000000000	0000001000000	000000000000	0000000	00000000000
0000000000000000	000000000000110001100	0000000000000	010000000010	0000000	00000000000
1000000000000000	000000000000000000000	0000000000100	000001000000	0000000	00000000000
0000001000000000	000000000000000000000	0000010000000	000000000000	0000000	00001000000
0000001000000000	000000000000000000000	0000010000000	000000000000	0000000	00001000000
0000000000000000	000000000000000000000	0000000000000	000001010000	0000000	00000000000
0000000000000000	000000000000100000100	0000000000000	100000000010	0010000	00000000000
0010000000000000	000000000000000000000	0000000000010	000000000000	0000001	00000100000
0000000001000000	000000000000000000000	0000010000000	000000000000	0000000	00001000000
