100	000000000000	000000000	00000010000	00000000	00000
010	000000000001	000000000	00000000000	00000010	00000
000	000000000000	000000000	00000000000	00000000	00000
000	000000000000	000000000	00000000000	00000000	01000
000	000000000000	000000100	00000000000	00000000	00000
000	000000000000	000000000	00000000000	00000000	01000
000	000000000000	000000000	00000000000	00000000	01000
010	000000000000	000000000	00010000000	00000010	00000
000	101000000000	000000000	00000000000	00100000	00000
000	000000000000	000000000	00000000000	00000000	00000
000	000000000000	000000000	00000001000	00000000	00000
000	000000000000	000000000	00000000000	00000000	00000
000	000000000000	000000100	00000000000	00000000	00000
000	000000000000	000000000	00000000000	00000000	01000
000	000000000000	000000000	00000000000	00000000	00001
000	000001000000	000000000	00000000000	00000000	00000
000	000000000000	000000000	00000000000	00000000	00000
000	000000000000	000000000	00000000000	00000000	00000
000	000001000000	000000000	00000000000	00000001	00000
000	000000000000	000000000	00000000000	00000000	01000
000	000000000100	000000000	00000000000	00010000	00000
000	000000100000	000000000	00000000000	10000000	01000
000	000000000000	000000000	00000000000	00000000	01000
010	000000000000	000000000	00000000010	00000010	00000
010	000000000000	000000000	00000000010	00000010	00000
000	000000000000	000000000	00000000001	00000000	00000
000	000000000000	000100001	00000000000	00000000	00000
000	000000000000	000000000	00000000000	00001000	00000
000	000000000000	000000000	00000000000	00000000	01000
000	000010000000	000000000	00000000000	00001000	00000
000	000000000000	000000000	00000000000	00001000	00000
000	000000000000	000000000	00000000000	00000000	01000
010	000000000000	000000000	00000000000	00000010	00000
000	010000000000	000000000	00000000000	00000000	01000
000	000000000000	000000000	00000000000	00000000	00000
000	000000000000	000000000	00000000000	00000000	00000
010	000000000000	000001000	00000000000	00000010	00000
000	000000000000	000000000	00000000000	00000000	01000
000	000000000010	000000000	00000000000	00000000	01000
000	000000000000	000000000	00000000000	00000000	00000
000	000000000000	000000000	00000000000	00001000	00000
000	000000000000	000000000	00000000000	00000000	00000
000	000000001000	000000000	00001000000	00000000	00000
000	000000000000	000000001	00000000000	00000000	00000
000	000000000000	000000000	01000000000	00000000	00000
000	000000000100	000000000	00000000000	01010000	00000
000	000000000000	000000000	00000000000	00000000	01000
000	000000000000	000000000	00000000000	00000000	01000
001	000000000000	000000000	00000000000	00000000	00000
000	000000000000	000000000	00000000000	00000000	01000
000	000000000000	000000000	00000000000	00001000	00000
000	000000000000	000010000	00000000000	00000000	00100
000	000000000000	000000000	00000000000	00000000	01000
000	010000000000	000000000	00000000000	00000000	01000
000	000000000000	000000000	00000000000	00000000	01000
000	000000000000	100000000	00000000000	00001000	00000
000	000000000100	000000000	00000000000	00010000	00000
000	000000000000	000010000	00000000000	00000000	00100
000	000000000000	000000000	00000000000	00000000	00000
000	000000000000	000000000	00000000000	00000000	00000
000	000000000000	000000100	00000000000	00000000	00000
000	000000000000	000000000	00000000000	00000000	01000
000	000000000000	000000000	00000000000	00000000	00000
010	000000000000	000000000	00000000000	00000010	00000
000	000000000000	000000000	00000000000	00001000	00000
000	000000000000	000000000	00000000000	00001000	00000
000	000000000000	000000000	00000000000	00000000	01000
010	000000000000	000000010	00010000000	00000010	00000
000	000000010100	000000000	00000000000	00010000	00000
000	000000000000	000000000	00000000000	00000000	00000
000	000000000000	000000000	00000000000	00000000	01000
000	000000000000	000000000	00000000000	00000000	00000
000	000000000000	010000000	00000000000	00000000	00000
000	000000000000	000000000	00000000000	00000000	00000
000	000000000000	000000000	00000000000	00000000	01000
000	000000000000	000000000	00000000000	00001000	00000
000	000000000000	000000000	00000000000	00000000	00000
000	000000000000	000000000	00000000000	00000000	00000
000	000000000100	000000000	00000000000	00010000	00000
000	000000000000	000000000	00000000000	00000000	00000
000	000000000000	000000000	00000000000	00000000	00000
000	000000000000	000000000	00000000000	00000000	00000
010	000000000000	000000000	00000000010	00000010	00000
000	000000000000	000000100	00000000000	00000000	00000
000	100000000000	000000000	00000000000	00100000	00000
000	000000000100	000000000	00000000000	00010000	00000
000	000000000000	000000000	10000000000	00000000	01000
000	000000000000	000000000	00000000000	00000000	01000
000	000000000000	000000000	00000100000	00000000	00000
000	000000000000	100000000	00000000000	00001000	00000
000	000000000000	000000000	00000000000	00000000	01000
000	000000000000	000000000	00000000000	00000000	01000
000	100000000000	000000000	00000000000	00100000	00000
000	000000000000	000000000	00000000000	00000000	00000
000	000000000000	000000000	00000000000	00000000	01000
000	000000000010	000000000	00000000000	00000000	01000
000	000100000000	000000000	00000000000	00000000	00000
010	000000000000	000000000	00000000000	00000010	00000
000	000000000000	000000000	00000000000	00000000	00000
000	000000000000	000000000	00000000000	00000000	01000
000	000000000000	000000000	00000000000	00000000	00000
000	000000000000	000000000	00000000000	00000000	00000
000	000000000000	000000000	00000000000	00000000	00000
000	000000000000	000000000	00000000000	00000000	10000
000	000000000000	000000001	00000000000	00000000	00000
000	000000000000	000010000	00000000000	00000000	00100
000	000000000000	000000000	00000000000	00000000	01000
000	000000000000	000000000	00000000000	00000000	01000
000	000000000000	000000000	00000000000	00000000	00000
000	000000000000	000000000	00000000000	00000000	00000
000	000000000000	000000000	00000100000	00000000	00000
000	000000000000	000000000	00000000000	00000000	00000
000	000000000000	000010000	00000000000	00000000	00100
000	000000000000	000000000	00000000000	00000000	01000
000	000001000000	000000000	00000000000	00000000	00000
000	000000000000	000000000	00000000000	00000000	00000
000	000000000000	000000000	00000000000	00000000	00000
000	000001000000	000000000	00000000000	00000000	00000
000	000000000000	000000000	00000000000	00001000	00000
000	000000000000	000000000	00000000000	00000000	00000
000	000000000000	000000100	00000000000	00000000	00000
000	000000000000	000000000	00000000000	00000000	01000
000	000000000000	000000000	00000000000	00000000	01000
000	000000000000	000000000	00000000000	00000000	01000
010	000000000000	000000000	00000000010	00000010	00000
010	000000000000	000000010	00010000000	00000010	00000
000	000000000000	010000000	00000000000	00000000	00000
000	000000000000	000000000	00000000000	00000000	10000
100	000000000000	000000000	00000010000	00000000	00000
000	000000000000	100000000	00000000000	00001000	00000
000	100000000000	000000000	00100000000	00100000	00000
000	000000000000	000000000	00000000000	00000000	00000
000	000000000000	000000000	00000000000	00000000	00000
000	000000000100	000000000	00000000000	00010100	00000
000	000000000000	000000000	00000000000	00000000	00000
000	000000000000	000000000	00000000000	00000000	01010
000	010000000000	000000000	00000000000	00000000	01000
000	000000000100	000000000	00000000000	00010000	00000
000	100000000000	000000000	00000000000	00100000	00000
000	000000000000	000000000	00000000000	00000000	00000
000	000000000000	000000000	00000000100	00000000	00000
000	000000000000	000000000	00000000000	00000000	01000
000	000000000000	001000000	01000000000	00000000	00000
000	000000000000	000000000	00000000000	00000000	00000
000	000000000000	000000000	00000000000	00000000	00000
000	000000000000	000000000	00000000000	00000000	00000
100	000000000000	000000000	00000010000	00000000	00000
000	000000000000	000000000	00000000000	00000000	01000
010	000000000000	000000000	00000000000	00000010	00000
000	000000000000	000000000	00000000000	00000000	00000
