0000	00010000000000	00000000010	0000000	00000000000000	100000
0000	00000000000000	00000000000	0010000	00000100000010	000000
0010	10000000000000	00000000000	0000000	00000000000000	000000
0000	00000000000010	00000000000	0000000	00000000000000	000000
0000	00000000000000	00000000000	0000000	00000000000000	000000
0000	00000000000000	00000000000	0010000	00000100000010	000000
0000	00100000000010	00000000000	0000000	00000000000000	000000
0000	00000000000000	00000000000	0010000	00000100000010	000000
1000	00000000000000	00000000000	0000000	00000000000000	000000
0000	00000000000100	00000000000	0000000	00010000000000	001000
0000	00000000000000	00000000000	0000000	00000000000000	000000
0000	00000010000000	00000000000	0000000	00000000000000	000000
0000	00000000000000	00000000000	0000000	01000000000000	000000
0000	00000000000000	00000000000	1000000	00000000000000	000000
0000	00000000000000	00000000000	0100000	00000000000000	000000
0000	00000000000000	00000000000	0000000	11000000000000	000000
0000	00000000100000	00000000000	0001000	00000000000000	010000
0010	10000000000000	00000000000	0000000	00000000000000	000000
0000	00000000000000	00100000000	0000000	00000000000000	000001
1000	00000000000000	00000000000	0000000	00000000000000	000000
0000	00000000000000	00000000000	0000000	00000000000000	000000
1000	00000000000000	00000000000	0000000	00000000000000	000000
0000	11000000000000	00000000100	0000000	00000000001000	000000
0000	00000000000000	10001000001	0000000	00000000000100	000000
0000	00000000000000	00000000000	0010000	00000100000010	000000
0100	00000100000000	00000000000	0000000	00001000000000	000000
0100	00000100000000	00000000000	0000000	00001000000000	000000
1000	00000000000000	00000000000	0000000	00000000000000	000000
0000	10000000000000	00000000000	0000000	00000000000000	000000
0000	00000000000000	00000000000	0000000	00000000000000	000000
0000	00000000000000	10001000001	0000000	00000000000100	000000
0000	00000000000000	00000000000	0000000	00000000000000	000000
0010	10000000000000	00000000000	0000000	00000000000000	000000
0000	00000000000000	00000000000	0000000	01000000000000	000000
0000	00000000000000	00000000000	0000000	00000000000000	000000
1000	00000000000000	00000000000	0000000	00000000000000	000000
0000	00000000000000	00000100000	0000000	00000000000000	000000
0000	00000000000000	00000000000	0010000	00000100000010	000000
0000	00000000000000	00000000000	0000000	00000000000000	000000
0000	00000000000000	00000000000	0010000	00000100000010	000000
1000	00000000000000	00000000000	0000000	00000000000000	000000
0000	00000000000000	00000000000	0000000	00000000010000	000000
0000	00000000000000	00000000000	0000000	00000000000000	000000
0000	00000000000001	00000000000	0000010	00000000100001	000010
0000	00000000000000	00000000000	0000000	00000000000000	001000
0100	00000100000000	00000000000	0000000	00001000000000	000000
0000	00000000000000	01000000000	0000000	00100000000010	000000
0000	00000000000100	00000000000	0000000	00010000000000	001000
0000	00000000000000	00000000000	0000000	01000000000000	000000
1000	00000000000000	00000000000	0000000	00000000000000	000000
0000	00000000000100	00000000000	0000000	00010000000000	001000
0000	00000000000000	00000000000	0000000	00000000000000	000100
0000	00000000000000	00000000000	0010000	00000100000010	000000
0000	00000000000000	00000000000	0000000	00000000010000	000000
0000	00000000001000	00000001000	0000000	00000000000000	000000
0000	00000000000000	00010000000	0000000	00000000000000	000000
0000	00000000000000	00000000000	0000000	00000000000000	000000
0000	00000000000000	10000000000	0000000	00000000000000	000000
0000	00000000000000	00000000000	0000000	00000000000000	000000
1000	00000000000000	00000000000	0000000	00000000000000	000000
0000	10000000000000	00000000000	0000000	00000000000000	000000
0000	00000000000000	00000000000	0100000	00000000000000	000000
0010	10000000000000	00000000000	0000000	00000000000000	000000
0000	00000000000000	01000000000	0000000	00100000000010	000000
1000	00000000000000	00000000000	0000000	00000000000000	000000
0000	00000000000000	00100000000	0000000	00000000000000	000001
0000	00100000000010	00000000000	0000000	00000000000000	000000
0000	00000000100000	00000000000	0001000	00000000000000	010000
0000	00000000000000	00000000000	0100000	00000000000000	000000
0000	00000000000000	00000100000	0000000	00000000000000	000000
0000	00000000000000	00000000000	0000000	00000000000000	000000
0000	00000000010000	00000010000	0000000	00000000000000	000000
0000	00000000000000	00000000000	0100000	00000000000000	000000
0000	00000000000000	00010000000	0000000	00000000000000	000000
0000	00000000000000	00000000000	0000000	00000000000000	000000
0000	00000000000000	00000000000	0000000	00000000000000	001000
0000	00000001000010	00000000000	0000000	00000000000000	000000
0000	00000000000000	10000000000	0000000	00000000000000	000000
0000	00000000000000	00000000000	0010000	00000100000010	000000
0000	00000000000000	00000000000	0000000	00000000000000	000000
0101	00000100000000	00000000000	0000000	00000001000000	000000
0000	00000000000000	00000000000	0100000	00000000000000	000000
0000	00000000000000	10000000000	0000000	00000000000000	000000
0000	00000000000000	00000000000	0100000	00000000000000	000000
0010	10000000000000	00000000000	0000000	00000000000000	000000
1000	00000000000000	00000000000	0000000	00000000000000	000000
0000	00000000000000	00000000000	0000000	00000000000000	000000
0000	00000000000000	00000000000	0000000	00000000010000	000000
0000	10000000000000	00000000000	0000000	00000000000000	000000
1000	00000000000000	00000000000	0000000	00000000000000	000000
0000	00000000000000	00000000000	0000000	00000000000000	000000
0100	00000100000000	00000000000	0000000	00001000000000	000000
0000	00000000000000	00010000000	0000000	00000000000000	000000
0000	00000000000000	00000000000	0000000	00000000000000	000000
0000	00000000000010	00000000000	0000000	00000000000000	000000
0000	00001010000000	00000000000	0000000	00000000000000	000000
0000	00000000000000	00000000000	0000000	00000000000000	000000
0000	00010000000000	00000000010	0000000	00000000000000	000000
0000	00000010000000	00000000000	0000000	00000000000000	000000
0000	00000000000000	00000000000	0100000	00000000000000	000000
0000	00000000000000	00000000000	0000000	00000000000000	000000
0000	00000000000000	00000000000	0000001	00000000000000	000000
0000	10000000000000	00000000000	0000000	00000000000000	000000
0000	00000000000000	00000000000	0010000	00000100000010	000000
0000	00000000000000	00000000000	0010000	00000100000010	000000
0000	00000000000000	00000000000	0000000	00000000000000	000000
0000	00000000100000	00000000000	0001000	00000000000000	010000
0000	10000000000000	00000000000	0000000	00000000000000	000000
0000	00000000000000	00000000000	0000000	00000000000000	000000
0000	00000000000000	00000000000	0000000	00000000000000	000000
0000	00000000000000	00000000000	0100000	00000000000000	000000
0000	00000000010000	00000010000	0000000	00000000000000	000000
0000	00000000000000	00100000000	0000000	00000000000000	000001
0000	00000000000000	00000000000	0000000	00000000000000	000000
1000	00000000000000	00000000000	0000000	00000000000000	000000
0000	00000000000000	00000000000	0000000	00000000000000	000000
0000	00000000000000	00000000000	0000000	00000000000000	000000
0101	00000100000000	00000000000	0000000	00000001000000	000000
0000	00000000000000	00000000000	0100000	00000000000000	000000
0000	00000000000000	00000000000	0000000	00000000000000	000000
0000	00000000000000	00100000000	0000000	00000000000000	000001
1000	00000000000000	00000000000	0000000	00000000000000	000000
0000	00000000000000	00000000000	0010000	00000100000010	000000
0000	00000000000000	10000000000	0000000	00000000000000	000000
1000	00000000000000	00000000000	0000000	00000000000000	000000
0000	00000000000000	00000000000	0010000	00000100000010	000000
0000	00000000000000	00000000000	0000000	00000000000000	000000
0000	00000000000000	00000000000	0000100	00000010000000	000000
0000	00000000000000	00000000000	0000000	00000000000000	000000
0000	00000000000000	00000000000	0000000	00000000000000	000000
0010	10000000000000	00000000000	0000000	00000000000000	000000
0000	00000000000000	01000000000	0000000	00100000000010	000000
0000	00000010000000	00000000000	0000000	00000000000000	000000
0000	00000000000000	00000100000	0000000	00000000000000	000000
0000	00000000000000	10000000000	0000000	00000000000000	000000
0000	00000000000000	00000000000	0000000	00000000000000	000000
0000	00000000000000	00000000000	0000000	00000000000000	000000
0000	00000000000000	00000000000	0000000	00000000000000	000100
0000	10000000000000	00000000000	0000000	00000000000000	000000
0000	00000000000000	00010000000	0000000	00000000000000	000000
0000	00000000000000	10000000000	0000000	00000000000000	000000
0000	00000000000000	00000000000	0010000	00000100000010	000000
0000	00000000000000	00000000000	0000000	00000000000000	000000
0000	00000000000000	00000000000	0010000	00000100000010	000000
0000	00000000000000	00000000000	0010000	00000100000010	000000
0000	00000000000000	00000000000	0000000	00000000010000	000000
0010	10000000000000	00000000000	0000000	00000000000000	000000
0000	00000000000010	00000000000	0000000	00000000000000	000000
0010	10000000000000	00000000000	0000000	00000000000000	000000
0000	00010000000000	00000000010	0000000	00000000000000	000000
