010000000000	00000000000000	00000000	00000000000000	000000100000	00000000000
010000000000	00000000000000	00000000	00000000000000	000000100000	00000000000
000000000000	00000000000000	00000010	00000000000000	000000000000	00000000000
000000000000	00000000000000	00001000	00000000000000	000000000000	00000000000
000000010000	00000000000000	00000000	00000000000000	000000000000	00000100000
000000000000	00000000000000	00000000	00000000000000	000000000000	00000000000
000010000000	00000000000000	00000000	00000000000000	000000000000	00000000000
000000000000	00000000000000	00000100	00000000001000	000000000000	00000000000
000000000000	00000000000000	00000000	00000000000010	000000000000	00000000000
000000000000	00000000000000	00000000	00000100000000	000000000000	00000010000
000000000000	00000000000000	00000000	00000000000010	000000000000	00000000000
100000100000	00000000000000	00010000	00000000000000	000000000000	00000000000
000000000000	00000000000000	00100100	00000000001000	000000000000	00000000000
000000000001	00000000000000	00000000	10000000100000	000000000000	00000000000
000000000000	10000000000010	00000000	00000000000000	000000000000	00000000000
000000000000	00000001000000	10000000	00000000000001	000000000000	00000000001
000000000000	00000000000000	00000000	00000000000000	000000000000	00000100000
000000000000	00000000000000	00000000	00000000000000	000000000000	00000000000
000000000000	00000000000000	00000000	01000000000000	000000000100	00000000000
100000100000	00000000000000	00010000	00000000000000	000000000000	00000000000
000000000000	00000001000000	10000000	00000000000000	000000000000	00000000001
000000000000	00000000000000	00000000	00000000000000	000000000100	00000000000
000000000000	10000000000010	00000000	00000000000000	000010000000	00000000000
000000000000	00000000000000	00001000	00000000000000	000000000000	00000000000
000000000000	00000000000000	00000000	00000000000000	000000000000	00000000000
000000000000	00000001000000	10000000	00000000000000	000100000000	00000000001
000000000000	00000000000000	00000000	01000000000000	000000000100	00000000000
000000000000	00000000000000	00000000	00000000000000	000000000000	00000000000
000000000000	00000000000000	00000000	00000100000000	100000000000	10000010000
000000000000	10000000000010	00000000	00000000000000	000000000000	00000000000
000000000000	00000000000000	00001000	00000000000000	000000000000	00000000000
000000000000	00000000000000	00000000	00000100000000	100000000000	10000010000
000000000000	00000000000000	00000000	00000100000000	100000000000	10000010000
000000000000	00000000000000	00100100	00000000001000	000000000000	00000000000
000000000000	00000000000000	00000000	00000000000000	000000000000	00000000000
000000000000	00000000000000	00000100	00000000001000	000000000000	00000000000
000000000000	00000001000000	01000000	00000000000000	000000000000	00000000001
000000010000	00000000000000	00000000	00000000000000	000000000000	00000100000
000000000000	00000000000000	00000000	00000100000000	000000000000	00000010100
000000000000	00000000000000	00000000	00000000000000	000000000000	00000000000
000000000000	00000000000000	00000000	00000000000000	000000000000	00000000000
001000000000	10000010000010	00000000	00000000000000	000000000000	00000000000
000000000000	00000001000000	10000000	00000000000000	000100000000	00000000001
000000000000	00000000000000	00000000	00000000000000	000000000000	00000000000
000000000000	00000000000000	00000000	00000000000000	000000000000	00000000000
000000000000	01000000000000	00000000	00000000000010	000001000000	00000000000
000000000001	00000000000000	00000000	00000000100000	000000000000	00000000000
000000000000	00000000000000	00001000	00000000000000	000000000000	00000000000
000000000000	00000000000000	00000000	00000000000000	000000000000	00000000010
000000000000	00000000000000	00000000	00000000000010	000000000000	00000000000
000000000000	00000000000000	00000000	00000100000000	000000000000	00000010100
000000010000	00001000000000	00000000	00000000000000	000000000000	00000100000
000000000000	00000000010000	00000000	00000100000000	000000000000	00000010000
000000000000	10000000000010	00000000	00000000000000	000000000000	00000000000
000000000000	10000000000010	00000000	00000000000000	000000000000	00000000000
000000000000	00000000000000	00000100	00000000001000	000000000000	00000000000
000001000000	00000000000000	00000000	00000000000000	000000010000	00000000000
000000000000	00000001000000	10000000	00000000000000	000000000000	00000000001
000100000000	10000000001000	00000000	00000000000000	000000000000	00000000000
000010000000	00000000000000	00000000	00000000000000	000000000000	00000000000
000000000000	00000000000000	00000000	00000000000000	000000000000	00000000000
000000000000	00000000000000	00000000	00000000000000	000000000000	00000000000
000000000000	10000000000010	00000000	00000000000000	000010000000	00000000000
000000000000	10100000000010	00000000	00000000000000	000000000001	00000000000
000000001000	00000000000000	00000000	00000000000000	000000000000	00000000000
000000000000	10000000000010	00000000	00000000000000	000000000001	00000000000
000000000000	00000000000000	00000000	00000000000000	000000000000	00010000010
000000000000	00000000010100	00000000	00000100000000	000000000000	00000010000
000000000001	00000000000000	00000000	00000000100000	000000000000	00000000000
000000000000	00000000000000	00001000	00000000000000	000000000000	00000000000
000000000000	00000000000000	00000000	00000100000000	001000000000	00000010000
000000000000	00000000000000	00001000	00000000000000	000000000000	00000000000
000000000000	01000000000000	00000000	00000000000010	000001000000	00000000000
000000000000	00000000000000	00000000	00000000000000	000000000000	00000000000
000000000000	00000000000000	00000000	00000000000000	000000000010	00000001000
000000000000	00000000100000	00000000	00000000000000	000000000000	00000000000
000000000000	00000000000001	00000000	00000000000010	000000000000	00000000000
000000000000	00000000000000	00000000	00000000000010	000000000000	00000000000
000000000000	00000000000000	00000000	00000000000000	000000000000	00000000000
000000000000	00000000000000	00000000	00000100000000	100000000000	10000010000
000000000000	00000000100000	00000000	00000000000000	000000000000	00000000000
000000000000	10000000000010	00000000	00000000000000	000010000000	00000000000
010000000000	00000000000000	00000000	00000000000000	000000100000	00000000000
000000000010	00000000010000	00000000	00110100000000	000000000000	00000010000
000000000000	00000000000000	00000100	00000000001000	000000000000	00000000000
000000000000	00000001000000	01000000	00000000000000	000000000000	00000000001
000000000000	00000000000000	00000000	00000000000000	000000000000	00000000000
000000000000	00000000000000	00000000	00000000000000	000000000000	00000000000
000000000000	00000000000000	00000000	00000000001000	000000000000	00000000000
000000000000	00000000000000	00000000	00000000000000	000000000000	01001000000
000000000000	00000000000000	00000000	00000100000000	100000000000	10000010000
000000000000	00000000000000	00000000	00000100000000	100000000000	10000010000
000000000000	00000000000000	00000100	00000000001000	000000000000	00000000000
000000000000	00000000000000	00000000	00000000000000	000000000000	00000000000
000000000000	00000000000000	00000000	00000100000000	100000000000	10000010000
000000000000	00000000000000	00000000	00000000000000	000000000000	00000000000
000001000000	00000100000000	00000000	00000000000000	000000010000	00000000000
000000000000	00000000000000	00000000	00000000000000	000000000000	00000001000
000000000000	00000000000000	00000000	00000000000000	000000000000	00000000000
000010000000	00000000000000	00000000	00000000000000	000000000000	00000000000
000000000000	00000000000000	00000000	00000000000000	000000000000	00000000000
000000000000	00000000010000	00000000	00000100000000	000000000000	00000010000
000000000000	00010000000000	00000000	00000000000000	000000000000	00000000000
000000000000	00000000000000	00000000	00000000000010	000000000000	00000000000
000000000001	00000000000000	00000000	00000000100000	000000000000	00000000000
000000000000	00000000000000	00000000	00000000010000	010000000000	00000000000
000000000001	00000000000000	00000000	00000000100000	000000000000	00000000000
000000000000	00000000000000	00000000	00000000000010	000000000000	00000000000
000000000000	00000000000000	00000000	00000000000000	000000001000	00000000000
000000001100	00000000000000	00000000	00000000000000	000000000000	00000000000
000000000000	00000000000000	00001000	00000000000000	000000000000	00000000000
000000010000	00000000000000	00000000	00001000000000	000000000000	00000100000
000000000000	00000000000000	00000000	00000000000000	000000000000	00000000000
000000000000	00000000000000	00000000	00000100000000	000000000000	00000010000
000000000000	00000001000000	10000001	00000000000001	000000000000	00100000001
000000000000	00000000000000	00000000	00000100000000	100000000000	10000010000
000000000000	00000000000000	00000000	00000010000000	000000000000	00000000000
000000000000	00000000010000	00000000	00000100000000	000000000000	00000010000
000000000000	00000000000000	00001000	00000000000000	000000000000	00000000000
000000000000	00000001000000	10000000	00000000000000	000000000000	00000000001
000000000000	00000001000000	01000000	00000000000000	000000000000	00000000001
000000000000	00000000000000	00000000	00000000000000	000000000000	00010000010
000000000000	00000000000000	00000000	00000000000010	000000000000	00000000000
000010000000	00000000000000	00000000	00000000000000	000000000000	00000000000
000000010000	00000000000000	00000000	00000000000000	000000000000	00000100000
000000000000	10000000000010	00000000	00000000000000	000010000000	00000000000
000000000000	10000000000010	00000000	00000000000000	000000000000	00000000000
000000000000	00000000000000	00000000	00000001000000	000000000000	00000000000
000000000000	00000000000000	00000000	00000000000000	000000000000	00000000000
000000000000	00000000000000	00000000	00000000000000	000000000000	00000100000
000001000000	00000100000000	00000000	00000000000000	000000010000	00000000000
000000000000	00000000000000	00000000	00000100000000	000000000000	00000010000
000000000000	10000000000010	00000000	00000000000000	000000000001	00000000000
000000000000	00000000000000	00000000	00000100000000	000000000000	00000010000
000000000000	00000000000000	00000000	00000100000000	000000000000	00000010100
000000000000	00000000000000	00000000	00000000000000	000000000010	00000001000
000000000000	10000000000010	00000000	00000000000000	000000000000	00000000000
000000000000	00000000000000	00000000	00000100000000	001000000000	00000010000
000000000000	00010000000000	00000000	00000000000000	000000000000	00000000000
000000000000	00000000000000	00000100	00000000001000	000000000000	00000000000
000000000000	00000000000000	00000000	01000000000000	000000000100	00000000000
000000000000	00000000010000	00000000	00000100000000	000000000000	00000010000
000000000000	10000000000010	00000000	00000000000000	000000000000	00000000000
000000000000	10000000000010	00000000	00000000000000	000000000000	00000000000
000000010000	00001000000000	00000000	00000000000000	000000000000	00000100000
000000000000	00010000000000	00000000	00000000000000	000000000000	00000000000
000000000000	10000000000010	00000000	00000000000000	000000000000	00000000000
000000000001	00000000000000	00000000	00000000100000	000000000000	00000000000
010000000000	00000000000000	00000000	00000000000000	000000100000	00000000000
000000000000	00000000000000	00000000	00000000000100	000000000000	00000000000
