00000000	0000000010	0000000000000	000000000100000	000000000	0000000000000
00000000	0000000010	0000001000000	001000000000000	000000000	0000000000000
00000000	0000000010	0000000000000	000000000000000	000000000	0000000000000
00000000	0000000000	0000000000000	000000000000100	000000000	0000000000000
00000000	0000000000	0000010000000	000000000000000	000010000	0001000000000
00000000	0000000000	0000000000000	000100000000000	000000000	0000010000000
00000000	0000000000	0000000001000	000000100000000	101000000	0000000000000
00000000	0000000000	0000000000000	000100000000000	000000000	0000010000000
00000000	0000000000	0000010000000	000000000000000	000010000	0001000000000
00000001	0000000000	0000000000000	000000000000000	000000000	0001000000000
00010000	0000000000	0000000000000	000100000000001	000000000	0000000000000
00000000	0001000000	0000000000100	000100001000000	000000000	0000010001000
00000000	0000000010	0000000000000	000000000000000	000000000	0000000000000
00000000	0000001000	0000000000000	000000000000100	000000000	0000000000000
00000000	0000000000	0000000001000	000000100000000	101000000	0000000000000
00000000	0000000010	0000001000000	001000000000000	000000000	0000000000000
00000000	0000000010	0000000000000	000000000000000	000000000	0000000000000
00000000	0000000010	0000000000000	000000000100000	000000000	0000000000000
00000000	0100000000	0000000000000	000000000000000	000100000	0000000000000
00001000	0000010000	0000000000000	000000000000000	000000000	0000000000000
00000000	0001000000	0000000000100	000100001000000	000000000	0000010001000
00000000	0000000010	0000001000000	001000000000000	000000000	0000000000000
00000000	0000000000	0000000001000	000000100000000	101000000	0000000000000
00000000	0000000010	0000000000000	000000000000000	000000000	0000000000000
00000000	0000100000	0000000000000	000000000000000	010000100	0000000000000
00000000	0000000010	0000000000000	000000000100000	000000000	0000000000000
00000000	0000000000	0000000000000	000100000000000	000000000	0000000000000
00000000	0000000010	0000000000000	000000000000000	000000000	0000000000000
00000000	0000000010	0000001000000	001000000000000	000000000	0000000000000
00000010	0000000010	0000000000000	000000000000000	000000000	0000000000100
00000000	0000000100	0000000000000	000000100000000	000000000	0000000000000
00000000	0000000000	0000000000000	000001000000100	000000000	0000000000000
00000000	0000000000	0000000000000	000100000000000	000000000	0000010000000
00001000	0000010000	0000000000000	010000000000000	000000000	0000000000000
00000000	0000000010	0000000000000	000000000000000	000000000	0000000000000
00000000	0001000000	0000000000100	000100001000000	000000000	0000010001000
00000000	0000000010	0010000000000	000000000000000	000000000	0000000000000
00000000	0000000010	0010000000000	000000000000000	000000000	0000000000000
10000000	0000000000	0001000000000	000110010000000	000000000	0000000000000
00000000	0000000010	0000000000000	000000000000000	000000000	0000000000000
00000000	0000000010	0000000000000	000000000000000	000000000	0000000000001
00000000	0000000010	0000000000000	000000000000000	000000000	0000000000000
00000000	0000000010	0000000000000	000000000000000	000000000	0000100000000
00000000	0000000010	0000000000000	000000000000000	000000000	0000000000000
00000000	0000000010	0000000000000	000000000100000	000000000	0000000000000
00010000	0000000000	0000000000010	000100000000001	000000000	0000000000000
00000000	0000000000	0000000000000	000100000000000	000000000	0000000000000
00000000	0000000000	0000000000000	000000000000000	000000000	0001000000000
00000000	0000000010	0000000000000	000000000000000	000000000	0000000000000
00000000	0000000010	0000000000000	000000000000000	000000000	0000000000001
00000000	0000000000	0000000001000	000000100000000	101000000	0000000000000
00000000	0000000000	0100000000000	000100000000000	000000000	0000010000000
00000000	0000000000	0000000001000	000000100000000	101000000	0000000000000
00000000	0000000000	0000000000000	000001000000100	000000000	0000000000000
00000000	0000000010	0000000000000	000000000000000	000000000	0000000000000
10000000	0000000000	0001000000000	000110010000000	000000000	0000000000000
00000000	1000000000	0100000000000	000100000000000	000000000	0000010000000
00000000	0000000010	0000000000000	000000000000000	000000000	0000000000000
00000000	0000000000	0000000000000	000000100000000	000001000	0000000000000
00000100	0000000000	0000000001000	000000100000000	000000000	0000000000000
00000000	0000000010	0000000000000	000000000000000	000000000	0000000000000
00000000	0000000010	0000001000000	001000000000000	000000000	0000000000000
00010000	0000000000	0000000000000	000100000000000	000000000	0000000000010
00000000	0000000000	0000000000000	000000000000010	000000000	1000000000000
00000000	0000000000	0000000000000	000000100000000	000001000	0000000000000
00000000	0000000000	0000000000000	000001000000100	000000000	0000000000000
00000000	0000000000	0000000000000	000100000011000	000000000	0110010000000
00100000	0010000000	0000000001000	000000100000000	000000000	0000000000000
00000000	0000000100	0000000000000	000000100000000	000000000	0000000000000
00000000	0001000000	0000000000100	000100001000000	000000000	0000010001000
00000000	0000000010	0000000000000	000000000000000	000000000	0000000000000
00000000	0000000010	0000001000000	001000000000000	000000000	0000000000000
00000000	0000000010	0000000000000	000000000100000	000000000	0000000000000
00000000	0000000010	0000001000000	001000000000000	000000000	0000000000000
00000000	0000100000	0000000000000	000000000000000	010000100	0000000000000
00000000	0000000000	0100000000000	000100000000000	000000000	0000010000000
00001000	0000010000	0000000000000	000000000000000	000000000	0000000000000
00001000	0000010000	0000000000000	000000000000000	000000000	0000000000000
00000000	0000000000	0000000000000	000100000000000	000000000	0000010000000
00000000	0000000010	0000001000000	001000000000000	000000000	0000000000000
00000000	0000000000	0000000000000	000100000000000	000000000	0000000010000
00010000	0000000000	0000000000000	000100000000001	000000000	0000000000000
00000000	0000000010	0000000000000	000000000000000	000000000	0000000000000
00000000	0000000010	0000000000000	000000000000000	000000000	0000000000000
00000000	0000000010	0000000000000	000000000000000	000000000	0000000000000
00000000	0000000010	0000000000000	000000000000000	000000000	0000000000000
00000000	0000000010	0000000000000	000000000000000	000000000	0000000000000
00000000	0000000010	0000000000000	000000000000000	000000000	0000000000000
00000000	0000000010	0000001000000	001000000000000	000000000	0000001000000
00001000	0000010000	0000000000000	000000000000000	000000000	0000000000000
00000000	0000000000	0000000000000	000100000000000	000000000	0000010000000
00000000	0000000010	1000000000000	000000000000000	000000000	0000000000000
00000000	0010000000	0000000001000	000000100000000	000000000	0000000000000
00000000	0000000010	0000000000000	000000000100000	000000000	0000000000000
00001000	0000010000	0000000000000	000000000000000	000000001	0000000000000
00000000	0000000000	0000000000000	000100000000000	000000000	0000010100000
00000000	0000000000	0000000000000	000100000000000	000000000	0000000000000
00000000	0000000000	0000000010000	000000000000010	000000000	1000000000000
00000000	0000000000	0000000000000	000100000000000	000000000	0000000010000
00000000	0000000010	0000001000000	001000000000000	000000000	0000000000000
00000000	0000000000	0000000000000	000000000000000	000000000	0001000000000
00000000	0000000000	0000000000000	000001000000100	000000000	0000000000000
00000000	0010000000	0000000001000	000000100000000	000000000	0000000000000
00000000	0000000000	0000000000000	000000000000000	000000000	0001000000000
00001000	0000010000	0000000000000	000000000000000	000000000	0000000000000
00000000	0000000000	0000000001000	000000100000000	101000000	0000000000000
00000000	0000000000	0000000000000	000000000000000	000000010	0000000000000
00000000	0000000010	0000000000000	000000000000000	000000000	0000000000000
00000000	0000000000	0000010000000	000000000000000	000010000	0001000000000
00000000	0000000000	0000000100000	100000000000000	010000000	0000000000000
00000000	0000000010	0000000000000	000000000000000	000000000	0000000000000
00010000	0000000000	0000000000010	000100000000001	000000000	0000000000000
00000000	0000000000	0000000000000	000100000000000	000000000	0000010000000
00000000	0000000010	0000000000000	000000000000000	000000000	0000000000000
00000000	0000000000	0000000000000	000100000000000	000000000	0000000000000
00000000	0000000010	0000000000000	000000000000000	000000000	0000000000000
00000000	0000000000	0000000000000	000000000000000	000000000	0001000000000
00000000	0000000000	0000000000000	000100000000000	000000000	0000010000000
00000000	0000000000	0000000000000	000100000000000	000000000	0000000010000
00000000	0000000000	0001000000000	000100010000000	000000000	0000000000000
00000000	0000000010	0000000000000	000000000000000	000000000	0000000000000
00000000	0000000010	0000001000000	001000000000000	000000000	0000000000000
00000000	0000000000	0000000000000	000001000000100	000000000	0000000000000
00000000	0001000000	0000000000100	000100001000000	000000000	0000010001000
00000000	0000000010	0000000000000	000000000000000	000000000	0000000000000
00000000	0100000000	0000000000000	000000000000000	000100000	0000000000000
00000000	0000000010	0000100000000	000000000000000	000000000	0000000000000
00000010	0000000010	0000000000000	000000000000000	000000000	0000000000100
00000000	0000000010	0000000000000	000000000000000	000000000	0000100000000
00010000	0000000000	0000000000000	000100000000001	000000000	0000000000000
00000000	0000000010	0000000000000	000000000000000	000000000	0000000000000
00000000	0000000010	0000000000000	000000000000000	000000000	0000000000000
00000000	0000000100	0000000000000	000000100000000	000000000	0000000000000
00000000	0100000000	0000000000000	000000000000000	000100000	0000000000000
00000000	0000000000	0100000000000	000100000000000	000000000	0000010000000
00000000	0010000000	0000000001001	000000100000000	000000000	0000000000000
00000000	0000100000	0000000000000	000000000000000	010000100	0000000000000
00010000	0000000000	0000000000000	000100000000001	000000000	0000000000000
00000000	0000000000	0000000000000	000100000011000	000000000	0110010000000
00010000	0000000000	0000000000000	000100000000001	000000000	0000000000000
00000000	0000000010	0000000000000	000000000000000	000000000	0000000000000
00000000	0100000001	0000000000000	000000000000000	000100000	0000000000000
00000000	0000000010	0000001000000	001000000000000	000000000	0000001000000
00000000	0000000000	0000000100000	100000000000000	010000000	0000000000000
00000000	0000000000	0000000001000	000000100000000	101000000	0000000000000
00000000	0001000000	0000000000100	000100001000000	000000000	0000010001000
00000000	0000000000	0000000000000	000100000000000	000000000	0000000010000
01000000	0000000010	0000000000000	000000000000000	000000000	0000000000000
00001000	0000010000	0000000000000	000000000000000	000000000	0000000000000
00010000	0000000000	0000000000000	000100000000001	000000000	0000000000000
