00000000000000	00100000000000000	000000000000000000	00000000000000	00000000	000000000
00000001000000	00000000000000000	000000000000000000	00000000000000	00000000	000000000
00000000000000	00000000000000000	000000000000000000	00000000000000	00000000	000000000
00000000000000	00000000000000000	100000001000000000	00000000000000	00000000	000000000
00000000000000	00000000000000000	010010000000000000	00000000000000	00000000	100000000
00000000000000	00000000000000000	000000000100000000	00000000000000	00100000	000000000
00000000000000	00100000000000000	000000000000000000	00000000000000	00000000	000000000
00001001000000	00000000000000000	000000000000000000	00000000000000	00000000	000000000
00000000000000	00100000000010000	000000000000000000	00000000000000	00000000	000000010
00000000000010	00000000000000000	000000000001000000	00000000000010	00000000	000000100
00000000000000	00000100000000010	000000000000000000	00000000000000	00010000	000000000
00000000000000	10000001000000000	000000000000000000	00000000000000	00000000	000000000
00000000000000	00100000000001000	000000000000000000	00000000000000	00000000	000000000
00000000000000	00000000000000000	010010000000000000	00000000000000	00000000	100000000
00001001000000	00000000000000000	000000000000000000	00000000000000	00000001	000000000
10000000010000	00000000000000000	000000000000000000	00000000000000	00000000	100000000
00000000000000	00100000000000000	000000000000000000	00000000000000	00000000	000000010
00000000000000	00000000000000000	001000000000000000	00000000100100	00000010	000000000
00000000000000	00100000000001000	000000000000000000	00000000000000	00000000	000000000
00000000000000	00001000000000000	000000000000010000	00000000000000	00000000	000000000
00000000000010	00000000000000000	000000000001000000	00000000000010	00000000	000000100
00000000000000	00000000000000000	000000000000000000	00000000000000	01000000	000000000
00000000000000	00000000000000000	000000000000000000	00000000000000	01000000	000000000
00000000000000	00100000000000000	000000000000000000	00000000000000	00000000	000000000
00000000000000	00000000000000000	000000000000000000	00000000000000	00000000	000100000
00000010000000	00100000000000100	000000000000000000	10000000000000	00000000	000000000
00000000000000	00100000000000000	000000000000000000	00000000000000	00000000	000000010
00000000000000	00001000000000000	000000000000000000	00000000000000	00000000	000000001
00000000000000	00000000000000000	000001000000000000	00000000000000	00000000	100000000
00000000000000	00000000100000000	000000000000000100	00000000011000	10000000	010000000
00000000000000	00000000000000000	000000001000000000	00000000000000	00000000	000000000
00000000000000	00000000000000000	010010000000000000	00000000000000	00000000	100000000
00000000000000	00100000000000000	000000000000000000	00000000000000	00000000	000000010
00000000001000	01000000000100000	000000000100000000	00000100000000	00100000	000000000
00010000000000	00000010000000000	000000000000000000	00000000000000	00000000	000000000
00001001000000	00000000000000000	000000000000000000	00000000000000	00000000	000000000
00000000000000	00000000000000000	010010000000000000	00000000000000	00000000	100000000
00000000000000	00000000000000000	000000001000000000	00000000000000	00000000	000000000
00100000000000	00100000000000000	000000000000000000	00000000000000	00000000	000000000
00000000000000	00000000000000000	000000000000000000	00000000000000	00000000	000100000
00000100000000	00000000000000000	000000000000000000	00000001000000	00000000	000000000
00000000000010	00000000000000000	000000000001000000	00000000000010	00000000	000000100
00000000000000	00000000000000000	010010000000000000	00000000000000	00000000	100000000
00000000000000	00000100000000010	000000000000000000	00000000000000	00010000	000000000
00000010000000	00100000000000000	000000000000000000	00000000000000	00000000	000000000
00000000000000	00100000000000000	000000000000000000	00000000000000	00000000	000000000
00000010000000	00100000000000100	000000000000000000	10000000000000	00000000	000000000
00000000000000	00000000000000000	010010000000100000	00000000000000	00000000	100000000
00000000000000	00100000001000000	000000000000000000	00000000000000	00000000	000000000
00000000000000	00000000000000000	000000001000000000	00000000000000	00000000	000000000
00000000000000	00000000000000000	000000000000000000	00000000000000	00000000	000100000
00000000000100	00000000000000000	000000000000000000	00000000000000	00001000	000000000
00000100000001	00000000000000000	000000000000000000	00000001000000	00000000	000000000
00000000000000	00000100000000010	000000000000000000	00000000000000	00010000	000000000
00000000000000	00000000000000000	000000000000000001	00000000000000	01000000	000000000
00100000000000	00100000000000000	000000000000000000	00000000000000	00000000	000000000
00000000000000	00000000000000000	000000001000000000	00000000000000	00000000	000000000
00000000000000	00000000000000000	001000000000000000	00000000100100	00000010	000000000
00000000000000	00000000000000000	000000000000000000	00000010000000	00000000	000000000
00000000000000	00000000000000000	000000001000000000	00000000000000	00000000	000000000
00000000000000	00000000000000000	010010000000100000	00000000000000	00000000	100000000
00000000000000	00000100000000010	000000000000000000	00000000000000	00010000	000000000
00000000000000	00100000000010000	000000000000000000	00000000000000	00000000	000000010
00000000000000	00000000000000000	000000000000000000	00000000000000	00000000	000100000
00000000000000	00000000000000000	001000010000000000	01000000000000	00000010	000000000
00000000000000	00000000000000000	000000000100001000	00100000000000	00100000	000000000
00000000000000	00000000000000000	000000000000000000	00000000000000	00000000	000100000
00000000000000	00000000000000000	000000000000000000	00000000000000	01000000	000000000
00000000000100	00000000000000000	000000000000000000	00000000000000	00001000	000000000
00000000000000	00010000000000000	000001000000000000	00000000000000	00000000	100000000
00001001000000	00000000000000000	000000000000000000	00000000000000	00000000	000000000
00000000000010	00000000000000000	000000000001000000	00000000000010	00000000	000000100
00001001000000	00000000000000000	000000000000000000	00000000000000	00000000	000000000
00000000000000	00100000000010000	000000000000000000	00000000000000	00000000	000000010
00000010000000	00100000000000000	000000000000000000	10000000000000	00000000	000000000
00000100000000	00000000000000000	000000000000000000	00000001000000	00000000	000000000
00000000000000	00001000000000000	000000000000010000	00000000000000	00000000	000000000
00001001000000	00000000000000000	000000000000000000	00000000000000	00000000	000000000
00000100000000	00000000000000000	000000000000000000	00000001000000	00000000	000000000
00000000000000	00000000000000000	010010000000000000	00000000000000	00000000	100000000
00000000000000	00000000000000000	000000000000000000	00000000000000	00000000	000000000
00000000000000	00000000000000000	000000001000000000	00000000000000	00000000	000000000
00000000000000	00000000000000000	000000000000000000	00000000000000	00000000	000000000
00000000000000	00000000000000000	000000000000000000	00000000000000	00000000	000100000
00000000000000	00100000000010000	000000000000000000	00000000000000	00000000	000000010
00000000000000	00000000000000000	000000000000000000	00000000000000	00000000	000000000
00000000000000	00100000000000000	000000000000000000	00000000000000	00000000	000000010
00000000000010	00000000000000000	000000000001000000	00000000000010	00000000	000000100
10000000010000	00000000000000000	000000000000000000	00000000000000	00000000	100000000
00000000000000	00000000000000000	010010000000000000	00000000000000	00000000	100000000
00001001000000	00000000000000000	000000000000000000	00000000000000	00000000	000000000
00000001000000	00000000000000000	000000000000000000	00000000000000	00000000	000000000
00000000000010	00000000000000000	000000000001000010	00000000000010	00000100	000000100
00000000000000	00000000000000000	000000000000000001	00000000000000	01000000	000000000
00000000000010	00000000000000000	000000000001000000	00000000000010	00000000	000000100
00000000000000	00000000000000000	000000101000000000	00000000000000	00000000	000000000
00000000000000	00000000000000000	000000001000000000	00000000000000	00000000	000000000
00000000000000	00100000000000000	000000000000000000	00000000000000	00000000	000000000
00000010000000	00100000000000000	000000000000000000	10000000000000	00000000	000000000
00000001000000	00000000000000000	000000000000000000	00000000000000	00000000	000000000
00000000000000	00100000000000000	000000000000000000	00000000000000	00000000	000000010
00000000000000	00100000000000000	000000000000000000	00000000000001	00000000	000000000
00000000000000	00000000000000000	010010000000000000	00001000000000	00000000	100010000
00000000000000	00000000000000000	010010000000000000	00000000000000	00000000	100000000
00000001000000	00000000000000000	000000000000000000	00000000000000	00000000	000000000
00000000000000	00000000000000000	000100000100000000	00000000000000	00100000	000000000
00000000000000	00000000000000000	000000001000000000	00000000000000	00000000	000000000
00000000000000	00100000000000000	000000000000000000	00000000000000	00000000	000000000
00000000000000	00000000000000000	000000000000000000	00000000000000	00000000	100000000
00000000000000	00000000000000000	010010000000000000	00001000000000	00000000	100010000
00000000000000	00000000000000000	010010000000000000	00000000000000	00000000	100010000
00010000000000	00000010000000000	000000000000000000	00000000000000	00000000	000000000
00000010000000	00100000000000000	000000000000000000	00000000000000	00000000	000000000
00000000000000	00000000000000000	000000001000000000	00000000000000	00000000	000000000
00000000000000	00000000000000000	000001000000000000	00000000000000	00000000	100000000
00000000000000	00000000000000000	000000000000000000	00000000000000	00000000	000100000
00000000000000	00000000000000000	000000001000000000	00000000000000	00000000	000000000
00000000000000	00000000000000000	100000001000000000	00000000000000	00000000	000000000
00000000000000	00001000000000000	000000000000010000	00000000000000	00000000	000000000
00000000000000	00000000000000000	010010000000000000	00000000000000	00000000	100010000
00000000000000	00000000110000000	000000000000000100	00000000001000	10000000	010000000
00000000000000	00000000000000000	010010000000100000	00000000000000	00000000	100000000
00000000000000	00100000000000000	000000000000000000	00000000000000	00000000	000000000
00000000000000	00000000000000000	000000000000000000	00000000000000	00000000	000000000
00000000000000	00000000000000000	001000000000000000	00000000100100	00000010	000000000
00000010000000	00100000000000000	000000000000000000	00000000000000	00000000	000000000
00000000000100	00000000000000000	000000000000000000	00000000000000	00001000	000000000
00000000000100	00000000000000000	000000000000000000	00000000000000	00001000	000000000
00000000000010	00000000000000000	000000000001000000	00000000000010	00000000	000000100
00000000000000	00010000000000000	000001000000000000	00000000000000	00000000	100000000
00000001000000	00000000000000000	000000000000000000	00000000000000	00000000	000000000
01000000000000	00001000000000000	000000000010000000	00000000000000	00000000	000001000
00000010000000	00100000000000000	000000000000000000	00000000000000	00000000	000000000
00000010000000	00100000000000000	000000000000000000	00000000000000	00000000	000000000
00000000000010	00000000000000000	000000000001000000	00000000000010	00000000	000000100
00000000000000	00000000000000000	000001000000000000	00000000000000	00000000	100000000
00001001000000	00000000000000000	000000000000000000	00000000000000	00000000	000000000
00000000000000	00001000000000000	000000000000010000	00000000000000	00000000	000000000
00000000000000	00000000000000000	100000001000000000	00000000000000	00000000	000000000
00000100000000	00000000000000000	000000000000000000	00000001000000	00000000	000000000
01000000000000	00001000000000000	000000000010000000	00000000000000	00000000	000001000
00000000000000	00001000000000000	000000000000010000	00000000000000	00000000	000000000
00000000000000	00000000100000000	000000000000000100	00000000001000	10000000	010000000
00000000000000	00100000000000000	000000000000000000	00000000000000	00000000	000000010
00000000000010	00000000000000001	000000000001000000	00000000000010	00000000	000000100
00000000000000	00000000000000000	010010000000000000	00000000000000	00000000	101000000
01000000000000	00001000000000000	000000000010000000	00000000000000	00000000	000001000
00000000000000	00000000000000000	010010000000000000	00000000000000	00000000	100000000
00000000000000	00000000000000000	010010000000100000	00000000000000	00000000	100000000
00000000100000	00000000000000000	000000000000000000	00010000000000	00000000	100000000
