0000000100	00001000	0000000	00100000000	000000000000	00000
0000010000	00000100	0100000	00000000000	000000000000	10000
0000000000	00000000	0000000	00000000000	000000000000	00000
0000010000	00000100	0100000	00000000000	000000000000	00000
0000010000	00000100	0100000	00000000000	000000000000	00000
0000000010	00000000	0000000	00000000000	000000000011	00000
0000000000	00000000	0000000	00000000000	000001100000	00000
0000000000	00000000	0000000	00000000000	000001100000	00000
0000000000	00000000	0000000	00000000000	000000000000	00000
0000000000	00000000	0000000	00000000000	000000000000	00000
0000000000	00000000	0000000	00000000000	000000000000	00000
0100000000	00000000	0000000	00000001000	000000000000	00000
0000000000	00000000	0000000	00000100000	000001100000	00000
0000000000	00000000	0000000	00000000000	000001100000	00100
0000000100	00000000	0000000	00100000000	000000000000	00000
0000010000	00010000	0100000	00000000000	000000000000	00000
0000000000	00000000	0000001	00000000000	000100000000	00000
0000000100	00000000	0000000	00100000000	000000000000	00000
0010000000	00000000	0000000	01000000010	000000000000	00000
0000000000	00000000	0000000	10000000000	100000000000	00000
0010000000	00000000	0000000	01000000010	000000000000	00000
0000010000	00000100	0100000	00000000000	000000000000	10000
0000000000	00000000	0000000	00000000000	000000000000	00000
0100000000	00000000	0000000	00000001000	000000000000	00000
0100000000	00000000	0000000	00000001000	000000000000	00000
0000000000	00000000	0000000	00000000100	000000000010	00000
0000000000	00000000	0000000	00000000000	000001100000	00000
0000001000	00000000	0010000	00000010001	000000000000	00000
0000000000	00000000	0000000	00000000000	000000000000	00000
0000000000	00000000	0000000	10000000000	100000000000	00000
0000000000	00000000	0000000	10000000000	100000000000	00000
0000000000	00000000	0000000	00000000000	000001100000	00000
0100000000	00000000	0000000	00000001000	000000000000	00000
0000000000	10000000	0000000	00000000000	000000000000	00000
0000000001	00000000	0000000	00001000000	000000000000	00000
0000000000	00000000	0000000	00000000000	000001100000	00000
0000010000	00000100	0100000	00000000000	000000000000	00000
0000000000	00000000	0000000	00000000000	100000000000	00000
0000010000	00000100	0100000	00000000000	000000000000	10000
0000001000	00000000	0000000	00000010001	000000000000	00000
0000000001	00000000	0000000	00001000000	000000000000	00000
0000000000	00000000	0000000	00000000000	000000010000	00000
0000000000	00000010	0000000	00000000000	000001100000	00000
0000000000	00000000	0000000	00000000000	000000000000	00000
0000000000	10000000	0000000	00000000000	000000000000	00000
0000000000	00000000	0000000	00000000000	000000000000	00000
0000000000	00000000	0000000	00000000000	100000000000	00000
0000010000	00000100	0100000	00000000000	001000000000	00000
0000001000	00000000	0000000	00000010001	000000000000	00000
0000000000	00000000	0000000	00000000000	000001100000	00000
0000010000	00000100	0100000	00000000000	000000000000	00000
1000110000	00000100	0100000	00000000000	000000000000	10000
0000000000	00000000	0000000	00000000000	000000000000	00000
0000000100	00000000	0000000	00100000000	000000000000	00000
0000000001	00000000	0000000	00001000000	000000000000	00000
0000010000	00000100	0100000	00000000000	001000000000	00000
1000110000	00000100	0100000	00000000000	000000000000	10000
0000001000	00000000	0000000	00000010001	000000000000	00000
0000010000	00000100	0100000	00000000000	000000000000	00000
0000000000	00000000	0000000	00000000000	000001100000	00000
0000000000	00000000	0000000	00000000000	000000000010	00000
0000000000	00000000	0000000	00000000000	000001100000	00000
0000010000	00000100	0100000	00000000000	001000000000	00000
0010000000	00000000	0000000	01000000010	000000000000	00000
0000000000	00000000	0000000	00000000000	000000000010	00000
0000000000	00000000	0000000	00000000000	000000000000	00000
0000010000	00010000	0101000	00000000000	000000000000	00000
0000000000	00000000	0000000	10000000000	100000000000	00000
0000000000	00000000	0000000	00000000000	000000000000	00000
0000000000	00000000	0000000	00000000000	000001100000	00000
0000010000	00010000	0100000	00000000000	000000000000	00000
0010000000	00000000	0000000	01000000010	000000000000	00000
0000000000	00000000	0000001	00000000000	000100000000	00000
0000000000	00000000	0000000	00000000000	000000000000	00000
0000000000	00000000	0000000	00000000000	100000000000	00000
0000000001	00000000	0000000	00001000000	000000000000	00000
0000010000	00000100	0100000	00000000000	000000000000	00000
0000000000	00000000	0000000	00000000000	000000000000	00000
0000010000	00000000	0100110	00000000000	000000000000	00000
0000000000	00000000	0000000	00000000000	000001100000	00000
0000000000	00000000	0000000	00000000000	000000000000	00000
0000000000	00000000	0000000	00000000000	000000000000	00000
0000000000	00000000	0000000	00000000000	000000000000	00000
0000000010	00000000	0000000	00000000000	000000000010	00000
0000000000	00000000	0000000	00000000000	000001100000	00000
0000000000	00000000	0000000	00000000000	000000000010	00000
0000000000	00000000	0000000	00000000000	000001100000	00000
0000000000	00000000	0000000	00000000000	000001100000	00000
0000000000	00000000	0000000	00000000000	000001100000	00000
0000000000	00000000	0000000	00000000000	000001100000	00000
0010000000	00000000	0000000	01000000010	000000000000	00000
0000000100	00000001	0000000	00100000000	000000000100	00000
0000000000	00000000	0000001	00000000000	000100000000	00000
0000000010	00000000	0000000	00000000000	000000000011	00000
0000010000	00010000	0100000	00000000000	000000000000	00000
0000000000	00000000	1000000	00000000000	000000000000	00000
0000010000	00000100	0100000	00000000000	000000001000	00000
0000000000	00000000	0000000	00000000000	000001100000	00000
1000110000	00000100	0100000	00000000000	000000000000	10000
0000000000	00000000	0000000	00000000000	000000000010	00000
0000000000	00000000	0000000	00000000000	000000000010	00001
0010000000	00000000	0000000	00000000000	000000000000	01000
0000000000	00000000	0000000	00010000000	000001100000	00000
0000000010	00000000	0000000	00000000000	000010000010	00000
0000000000	00000000	0000000	00000000000	000001100000	00000
0000010000	00000100	0100000	00000000000	000000000000	10000
0001000000	00000000	0000000	00000000000	000000000000	00000
0000000010	00000000	0000000	00000000000	000000000010	00000
0000000010	00000000	0000000	00000000000	000000000010	00000
0000000000	01000000	0000000	00000000000	010000000000	00000
0000000000	00000000	0000000	00000000000	000001100000	00000
0000000000	00000000	0000000	00000000000	000001100000	00100
0000000000	00000000	0000001	00000000000	000100000000	00000
0000001000	00000000	0010000	00000010001	000000000000	00000
0000010000	00000100	0100000	00000000000	000000000000	00000
0000000010	00000000	0000000	00000000000	000000000010	00000
0000000000	00000000	0000000	00000000000	000001100000	00000
0000000001	00000000	0000000	00001000000	000000000000	00000
0000010000	00000100	0100000	00000000000	000000000000	10000
0000000000	00000000	0000000	00000000000	000001100000	00000
0000010000	00000100	0100000	00000000000	001000000000	00000
0000000010	00000000	0000000	00000000000	000000000010	00000
0000000000	00000000	0000001	00000000000	000100000000	00000
0000000000	00000000	0000000	00000000000	000001100000	00000
0000000000	00000000	0000000	00000000000	000001100000	00010
0000000000	00000000	0000000	00000000000	000001100000	00000
0000010000	00000100	0100000	00000000000	000000001000	00000
0000000000	00000000	0000000	00000000000	000000000000	00000
0000000000	00100000	0000000	00000000000	000000000010	00000
0000000000	00000000	0000000	00000000000	000000000000	00000
0000000000	00000000	0000000	10000000000	100000000000	00000
0010000000	00000000	0000000	01000000010	000000000000	00000
0000000000	00000000	0000000	00000000000	100000000000	00000
0000010000	00000100	0100000	00000000000	000000000000	10000
0000110000	00000100	0100000	00000000000	000000000000	10000
0000000100	00000000	0000000	00100000000	000000000000	00000
0000000000	00000000	0000000	00000000000	000001100000	00000
0000010000	00000100	0100000	00000000000	000000000000	00000
0000000000	00000000	0000001	00000000000	000100000000	00000
0000010000	00000100	0100000	00000000000	000000000000	10000
0000000000	00000000	0000000	00000000000	000000000000	00000
0000000000	00000000	0000000	00000000000	000001100000	00000
1000110000	00000100	0100000	00000000000	000000000000	10000
0000000000	00000000	0000000	00000000000	000001100000	00000
0000000000	00000000	0000000	00000000000	000000000000	00000
0000000000	00000000	0000000	00000000000	000001100000	00000
0000000000	00000000	0000000	00000000000	000001100000	00000
0100000000	00000000	0000000	00000001000	000000000000	00000
0100000000	00000000	0000000	00000001000	000000000000	00000
0000000010	00000000	0000000	00000000000	000000000011	00000
