0000000000000000000	000000000000	00000000000000000	0000000000	01000000000000	00000000000
0000000000000000000	000000000000	00000000000000000	0000000000	01000000000000	00000000000
0000000000000000000	000000000000	00000000000000000	0000000000	00000000000000	00000010100
0000000000001000000	010000000000	00100000000000000	0000000000	00000000000000	00000100000
1000000000000001000	000100000000	00000000010000000	0000000000	00000000000000	00000000000
0010000000010000010	000000000000	00000000000000000	0000000000	00000000000000	00000000000
0000000000000000000	000000000000	00000000000000000	0000000000	01000000000000	00000000000
0000000000000000000	100000000000	00000001000000101	0000100000	00000000000000	00010000001
0000000000000000001	010000000000	00000000000000000	0000000000	00000000000000	00000000000
0000001000000000000	010000000010	00000010000000000	0000000000	00000000010000	00000000000
0000000000001000000	010000000000	00100000000000000	1000000000	00000000000000	00000100000
0000000000000000000	010000000000	00000010000000000	0000000000	00000000000000	00000000000
0000000000000000000	000000000000	00000000000000000	0000000000	00000000000000	00000000000
0000000000000000000	000001000000	00000000000000000	0000000000	00000000000000	00000000000
0000000000000000000	000000000000	00000000000000000	0000000000	01000000000000	00000000000
0000000000000000001	010000000000	00000000000000000	0000000000	00000000000000	00000000000
0000000000000000000	000000000001	00000000000000000	0000000000	00000000000000	00000000000
0000000000000000001	010000000000	00000000000000000	0000000000	00000000000000	00000000000
0000000000000000000	010000000010	00000010000000000	0000000000	00000000000000	00000000000
0000000000001000000	010000000000	00100000000000000	0000000000	00000000000000	00000000000
0000000000000000000	000000000001	00000000000000000	0000000000	00000000000000	00000000000
0000000000001000000	010000000000	00000000000000000	0000000000	00000000000000	00000000000
0000000000000000000	000000000000	00000000000000000	0000000000	00000000000000	00000010100
0000001000000000000	010000000010	00000010000000000	0000000000	00000000010000	00000000000
0000010001000000000	000100000000	00000000000001000	0000000001	00000000000000	00000000000
0000000000000000000	000000000000	00000000000100000	0000000000	00000010000000	00000000000
0000000000000000000	000001000000	00000000000000000	0000000000	00000000000000	00000000000
0000000000000000000	010000100000	00000000000000000	0000000000	10000000000000	00000000000
0000000000000000000	000000000000	00000001000000101	0000100000	00000000000000	00011000001
0000000000000000000	010000000000	00000010000000000	0000000000	00000000000000	00000000000
0000000000000000000	000000000000	00000000000000000	0000000000	00000100000000	00000000000
0000000000000000000	000001000000	00000000000000000	0000000000	00000000000000	00000000000
0000000000000000000	010000000000	00000000000000000	0000000000	00000000001000	00000000000
0000000000000000000	000001000000	00000000000000000	0000000000	00000000000000	00000000000
0000000000010000000	000000000000	00000000000000000	0000000000	00000000000000	00000000000
0000000000001000000	010000000000	00100000000000000	0000000000	00000000000000	00000100000
0000000000000000000	000010001000	00000000001000000	0000000000	00000001000000	10100000000
0000000000000000000	000000000000	00000000000000000	0000000000	01000000000000	00000000000
0000000000001000000	010000000000	00100000000000000	0000000000	00000000000000	00000000000
0000000000000000000	000001000000	00000000000000000	0000000000	00000000000000	00000000000
0000000000000000000	000000000000	00000000000000000	0000000000	00000000000000	00000000000
0000000000000000000	000000000001	00000000000000000	0000000000	00000000000000	00000000000
0000000000000000000	010000100000	00010000000000000	0000000000	10000000000000	00000000000
0000000000000000000	000000000000	00000001000000100	0000100100	00000000000001	00010000001
0000000000010000000	000000000000	00000000000000000	0000000000	00000000000000	00000000000
1000000000000001000	000100000000	00000000010000000	0000000000	00000000000000	00000000000
0000000000000010000	010000100000	00000000000000000	0000010000	10000000000000	01000000000
0000000000000100000	010000000000	00000000000000000	0000000000	00000000000000	00000000000
0000000000000000000	000100000000	00000000000000000	0000000000	00000000000000	00000001000
0100000000010000000	000000000000	00000000000000000	0100000000	00000000000000	00000000000
0000000000000000000	000000000000	00000000000000000	0000000000	00000000000000	00000000000
0000000000000000000	000001000000	00000000000000000	0000000000	00000000000000	00000000000
0000000000000010000	010000100000	00000000000000000	0000010000	10000000000000	01000000000
0000000000100000000	010000000000	00000010000000000	0000001000	00000000000000	00000000000
0000000000000000000	000010001000	00000000001000000	0001000000	00000001000000	10100000000
0000000000000000000	000000000000	00000001000000101	0000100000	00000000000000	00011000001
0000000000000000001	010000000000	00000000000000000	0000000000	00000000000000	00000000000
0000000000000000000	000100000000	00000000000000000	0000000000	00000000000000	00000001000
0000000000000000000	010000100000	00010000000000000	0000000000	10000000000000	00000000000
0000000000000000000	000000000000	00000000000000000	0000000000	00001000000000	00000000000
0000000000000000000	000100000000	00000000000000000	0000000000	00000000000000	00000001000
0000000000000000000	000000000100	00000000000000010	0010000000	00000000000000	00000000000
1000000000000000000	000100000000	00000000010000000	0000000000	00000000000000	00000000000
0000010001000000000	000100000000	00000000000001000	0000000001	00000000000000	00000000000
0001000000010000000	000000000000	00000000000000000	0000000000	00000000000000	00000000000
0000000010000000000	000000000000	00000000000100000	0000000000	00000010000000	00000000000
0100000000010000000	000000000000	00000000000000000	0100000000	00000000000000	00000000000
0100000000010000000	000000000000	00000000000000000	0100000000	00000000000000	00000000000
0000000000000000000	000000000000	00000000000000000	0000000000	00001000000000	00000000000
0000000000010000000	000000000000	00000000000000000	0000000000	00000000000000	00000000000
0000010001000000000	000100000000	00000000000001000	0000000001	00000000000000	00000000000
0000000000000000000	010000000000	00000010000000000	0000000000	00000000000000	00000000000
0000000000010000000	000000000000	00000000000000000	0000000000	00000000000000	00000000000
1000000000000000000	000100000000	00000000010000000	0000000000	00000000000000	00000000000
0000100000000000000	000000000000	00000000000000000	0000000000	00000000000000	00000000000
1000000000000000000	000100000000	00000000010000000	0000000000	00000000000000	00000000000
1000000000000000000	000100010000	00000000010000000	0000000000	00000000000000	00000000000
1000000000000001000	000100000000	00000000010000000	0000000000	00000000000000	00000000000
0000000000000000000	000000000000	10000000000000000	0000000000	00000000000000	00000000000
0000000000000000000	000000000000	10000000000000000	0000000000	00000000000000	00000000010
0000000000000000001	010000000000	00000000000000000	0000000000	00000000000000	00000000000
0000000000000000000	000000000001	00000000000000000	0000000000	00000000000000	00000000000
0000000000000000000	100000000000	00000001000000101	0000100000	00000000000000	00010000001
0000000100000000000	000100000000	00000000100000000	0000000000	00100000000000	00000000000
0000000000000000000	000010001000	00000000001000000	0000000000	00000001000000	10100000000
0000010001000000000	000100000000	00000000000001000	0000000001	00000000000000	00000000000
0000000000010000000	000000000000	00000000000000000	0000000000	00000000000000	00000000000
0000000000000000000	010000100000	00000000000000000	0000000000	10000000000000	00000000000
0000000000000000000	010000000010	00000010000000000	0000000000	00000000000000	00000000000
0100000000010000000	000000000000	00000000000000000	0100000000	00000000000000	00000000000
0000000000000000001	010000000000	00000000000000000	0000000000	00000000000000	00000000000
0000000000000000000	000000000000	00000000000000000	0000000000	00000000000000	00000000000
0000100000000000000	000000000000	00000000000000000	0000000000	00000000000000	00000000000
0000000000000000000	000000000000	00000000000000000	0000000000	01000000000000	00000000000
0000000000000000000	001000000000	00000000000000000	0000000000	00010000000000	00000000000
0000000000001000000	010000000000	00100000000000000	0000000000	00000000000000	00000000000
0000000000001000000	010000000000	00100000000000000	1000000000	00000000000000	00000100000
0000000000000000000	100000000000	00000001000000101	0000100000	00000000000000	00010000001
0000000000000000000	000000000000	00000000000000000	0000000000	00001000000000	00000000000
0000000000010000000	000000000000	00000000000000000	0000000000	00000000000000	00000000000
0000000000000000000	000000000000	00000000000000000	0000000000	00000000000000	00000000000
0010000000010000010	000000000000	00000000000000000	0000000000	00000000000000	00000000000
0000000000000000000	000000000000	00000000000000000	0000000000	00001000000000	00000000000
0000000000000000000	000100000000	00000000000000000	0000000000	00000000000000	00000000000
0000000000000000000	000000000100	00000000000010010	0010000000	00000000000000	00000000000
0100000000010000000	000000000000	00000000000000000	0100000000	00000000000100	00000000000
0000000000000000001	010000000000	00000000000000000	0000000000	00000000000000	00000000000
0000000000000000000	010000000010	00000010000000000	0000000000	00000000000000	00000000000
0000100000000000000	000000000000	00000000000000000	0000000000	00000000000000	00000000000
0000000000000000000	000010001000	00000000001000000	0000000000	00000001000000	10100000000
0001000000010000000	000000000000	00000000000000000	0000000000	00000000000000	00000000000
0000000000000000000	010000000010	00000010000000000	0000000000	00000000000000	00000000000
0000000000010000000	000000000000	00000000000000000	0000000000	00000000000000	00000000000
0000000000000000000	000000000000	10000000000000000	0000000000	00000000000010	00000000000
0000000000000000000	000001000000	00000000000000000	0000000000	00000000000000	00000000000
0000000000000010000	010000100000	00000000000000000	0000010000	10000000000000	01000000000
0000000000000000000	000010001000	00000000001000000	0000000000	00000001000000	10100000000
0010000000010000010	000000000000	00000000000000000	0000000000	00000000000000	00000000000
0000000000000000000	000100000000	00000000000000000	0000000000	00000000000000	00000000000
0000000000000010000	010000100000	00000000000000000	0000010000	10000000000000	01000000000
0000000000000000000	000100000000	00000000000000000	0000000000	00000000000000	00000000000
0100000000010000000	000000000000	00000000000000000	0100000000	00000000000000	00000000000
0000000000000000000	000001000000	00000000000000000	0000000000	00000000000000	00000000000
0000000000010000000	000000000000	00000000000000000	0000000000	00000000000000	00000000000
0000000000000010000	010000100000	00000000000000000	0000010000	10000000000000	00000000000
0000000000000000000	000010001000	00000000001000000	0000000000	00000001000000	10100000000
0000000000000000000	000000000000	00000000000000000	0000000000	00000000000000	00000000000
0000000000000000001	010000000000	00000000000000000	0000000000	00000000000000	00000000000
0100000000010000000	000000000000	00000000000000000	0100000000	00000000000000	00000000000
0000000000000000000	000001000000	00001000000000000	0000000010	00000000000000	00000000000
0000000000000000000	000000000000	00000000000000000	0000000000	00000000000000	00000000000
0010000000010000010	000000000000	00000000000000000	0000000000	00000000000000	00000000000
0000000000000000100	000000000000	00000100000000000	0000000000	00000000100000	00000000000
1000000000000000000	000100000000	00000000010000000	0000000000	00000000000000	00000000000
0000000000000000000	000000000000	10000000000000000	0000000000	00000000000010	00000000000
0000000000000000000	000000000100	00000000000000010	0010000000	00000000000000	00000000000
0000000000000000000	000000000000	00000000000000000	0000000000	01000000000000	00000000000
0000000000010000000	000000000000	00000000000000000	0000000000	00000000000000	00000000000
0000000000000000000	000000000000	00000000000000000	0000000000	01000000000000	00000000000
0000000000000000001	010000000000	00000000000000000	0000000000	00000000000000	00000000000
0000000000000000000	000000000000	00000000000000000	0000000000	01000000000000	00000000000
0000001000000000000	010000000010	00000010000000000	0000000000	00000000010000	00000000000
0000000000010000000	000000000000	00000000000000000	0000000000	00000000000000	00000000000
0000000000001000000	010000000000	00000000000000000	0000000000	00000000000000	00000000000
1000000000000000000	000100000000	00000000010000000	0000000000	00000000000000	00000000000
0000000000000000000	000000000000	01000100000000000	0000000000	00000000100000	00000000000
0000000000000000000	000000000000	00000001000000101	0000100000	00000000000000	00011000001
0000000000000000000	000000000000	00000000000000000	0000000000	00000000000000	00000000000
0000000000000000000	010000000000	00000000000000000	0000000000	00000000001000	00000000000
0000000000001000000	010000000000	00100000000000000	1000000000	00000000000000	00000100000
