0000000000000	000000000	00000000000000000	0000000000000	00000000	000000000000
0000000000000	000000000	00000000000000000	0000000000001	00000000	000010000010
0000000000000	000000000	00000000000000000	0000000000001	00000000	000010000010
0000000000000	000000000	00000000000000000	0000000000000	00000000	000000000000
0000000000000	000000000	00000000000000010	0000000001000	00000000	000000000000
0000000000000	000000000	00000000000000000	0000000000001	00000000	000010000010
0000000000000	000000000	00000000000000000	0000000000000	00000000	000010000011
0010000010000	100000100	00010000000000000	0000010000000	00000000	000000000000
0000000000000	000000000	00000000000000000	0000000001000	00000000	000001000000
0000000000000	000000000	00000000000000000	0000000000000	00000000	000000000000
0000000000000	000001000	00000000000000000	1000000000000	00000000	000100000000
1010000010000	100000100	00010000000000000	0000000000000	01000000	000000000000
0000000000000	000000000	00000000000100000	0000000000000	00000000	000010000010
0010000010000	100000100	00010000000000000	0000000000000	00000000	000000000000
1010000010000	100000100	00010000000000000	0000000000000	00000000	000000000000
0000000000000	000001000	00000000000000000	1000000000000	00000100	000100000000
0000000000000	000000000	00000000000000000	0000000000100	00010000	000000000000
0000000000000	000001000	00000000000000000	1000000000000	00000100	000100000000
0000000000000	000000000	00100000000000000	0000000001000	00000000	000000000000
0000000000000	000100000	00000000000000000	0000000010000	00000000	100000000000
0000000000000	000001000	00000010000000000	1000000000000	00000100	000100000000
0000000000000	000000000	00000000000100000	0001000000000	00000000	000010000010
0100000000000	000000000	00000000000000001	0000000000000	00001000	000000000000
0000000000000	000001000	00000000000000000	1000000000000	00000100	000100000000
0000000000000	000000000	00000000000000000	0000000000000	00000000	000000000000
1010000010000	100000100	00010000000000000	0000000000000	01000000	000000000000
0000000000000	000000000	00000000000000000	0000000000100	00010000	000000000000
0000000000000	000000000	00000000000000000	0000000000000	00000000	000000000000
0000000000000	000000000	00000000000000000	0000000000100	00010000	000000000000
1010000010000	100000100	00010000000000000	0000000000000	00000000	000000000000
0000000000000	000001000	00000000000000000	1000000000000	00000100	000100000000
0000000000000	000000000	00100000000000000	0000000001000	00000000	000000000000
0000000000000	000000000	00000000000000000	0000000000000	00000000	000000000000
0010000010000	100000100	01010000000000000	0000000100000	00000000	000000000000
0000000000010	000000000	00000000000010000	0000000000000	00100010	000000000000
0010000000000	001000110	00000000000000000	0010000000000	00000000	000000000000
0010000010100	100000100	00010000000001000	0000000000000	00000000	000000000000
0000000000000	000000000	00000000000000000	0000000000000	00000000	010000001100
0000000000000	000001000	00000000000000000	1000000000000	00000100	000100000000
0000000000000	000000000	00000000000000000	0000000000100	00010000	000000000000
0000000000000	000000000	00000000000000000	0000000000000	00000000	000000000000
0000000000000	000000000	00000000000100000	0001000000000	00000000	000010000010
0000000000000	000000000	00000000000000000	0000000001000	00000000	000000000000
0000000000000	000000000	00000000000000000	0000000000100	00010000	000000000000
0000000000000	000000000	00000000000000000	0000000000000	00000000	000000000000
0000000000000	000000000	00000000000000000	0000000000000	00000000	000000000000
0000000000000	000001000	00000000000000000	1000000000000	00000100	000100000000
0010000000000	000000100	00000000000000000	0010000000000	00000000	000000000000
0000000000000	000011000	00000000000000000	1000000000000	00000100	000100000000
0000001001000	000000000	00000000000000000	0000100000000	00000000	010000000100
0000000000000	000000000	00000000000000000	0000000000000	00000000	010000001100
0000000000000	000000000	00000000000000000	0000000000100	00010000	000000000000
0000000000000	000000000	00000000010000000	0000000000000	00000000	010000000100
0000000000000	000000000	00000000000000000	0000000000000	00000000	000000000000
0000000000000	000000000	00000000000000000	0000000001000	00000000	000000000000
0000000000000	000000000	00000000000000000	0000000000000	00000000	010000001100
0000000000000	000001000	00000000000000000	1000000000000	00000100	000100000000
0000000000001	000000000	00000000000000000	0000000000000	00000000	000010000010
0000000000000	000000000	00000000000000000	0000000001000	00000000	000001000000
0000000000000	000000100	00000000000000100	0000000000000	00000000	000000000000
0000000000000	000000000	00100000000000000	0000000001000	00000000	000000000000
0000010000000	000000000	00000000000000000	0000000000000	00000000	010000000100
0000000000010	000000000	00000000000010000	0000000000000	00000010	000000000000
0010000010000	100000100	00010000000000000	0000000000000	00000000	000000000000
0000000000000	000000000	00100000000000000	0000000001000	00000000	000000000000
0000000000000	000000000	00000000101000000	0000000000000	00000000	000010000010
0000000000000	000000000	00000000000000000	0000000000001	00000000	000010000010
0000001101000	000000000	00000000000000000	0000100000000	00000000	010000000100
0000000000000	000100000	00000000000000000	0000000010000	00000000	100000000000
0000000000000	000000000	00100000000000000	0000000001000	00000000	000000000000
0000000000000	000000000	10000000000000000	0000000001000	00000000	000001010000
0000000000010	000000000	00000000000010000	0000000000000	00000000	000000000000
0010000010000	100000100	00010000000000000	0000000000000	00000000	000000000000
0000000000000	000000000	00000000000000000	0000000000001	00000000	000010000010
0000000000000	000000000	00000000000000000	0000000000001	00000000	000010000010
0000000000000	000000000	00000000000000000	0000000000001	00000000	000010000010
0000000000000	000000000	00000000000000000	0000000001000	00000000	000001000000
0000000000000	000000000	00000000000000000	0000000000001	00000000	000010000010
0000000000000	000000000	00000000000000000	0000000000100	00010000	000000000000
0001000000000	000000000	00000000000000000	0000000000000	00000000	010000000100
0000000000000	000001000	00000000000000000	1000000000000	00000100	000100000000
0000000000000	000000000	00000000000000000	0000000000100	00010000	000000000000
0000000000000	000000000	00000000000000000	0000000000000	00000000	000000000000
0000000000000	000001000	00000000000000000	1000000000000	00000100	000100000000
0000000000000	000001000	00000000000000000	1000000000000	00000100	000100000000
0000000000000	000000000	00000000000000000	0000000001000	00000000	000001000000
0000000000000	000000000	00100000000000000	0000000001000	00000000	000000000000
0000000000000	000000000	00100000000000000	0000000001000	00000000	000000000000
0000000000000	000000000	00000000000000000	0000000000000	00000000	010000001100
0000000000000	000000000	00000000000000000	0000000000000	00000000	000010000010
0000000000010	000000000	00000000000010000	0000000000000	00000000	000000000000
0000000000010	010000000	00000000000010000	0000000000000	00000000	000000000000
0000000000000	000000000	00000000000000000	0000000001000	00000000	000001000000
0000000000000	000100000	00000000000000000	0000000010000	00000000	000000000000
0000000000000	000000101	00000000000000100	0000000000000	00000000	000000000000
0000000000000	000000000	00000000000000000	0000000000100	00010000	000000000000
0000000000000	000000000	00000000000000000	0000000000000	00000000	010000001100
0010100000000	000000100	00000000000000000	0010000000000	00000000	001000000000
0010000010000	100000100	00010000000000000	0000000000000	00000000	000000000000
0000000000000	000001000	00000000000000000	1000000000000	00000100	000100000000
0000000000000	000000000	00000000000000000	0000000001000	00000000	000000000000
0000000000000	000000000	00000000000000000	0000000000100	00010000	000000000000
0000000000000	000001000	00000000000000000	1000000000000	00000100	000100000000
0000000000000	000000000	00000000000000000	0000000001000	00000000	000001000000
0000010000000	000000000	00000000000000000	0000000000000	00000000	010000000100
0010000000000	000000100	00000000000000000	0010001000000	00000000	000000000000
0010000000000	000000100	00000001000000000	0010000000000	00000000	000000000000
0000000000000	000000000	00100000000000000	0000000001000	00000000	000000000000
0000000000000	000100000	00000000000000000	0000000010000	00000000	000000000000
0000000000000	000000100	00000000000000100	0000000000000	00000001	000000000000
0000000000000	000000000	00000000000000010	0000000001000	00000000	000000000000
0000000000000	000000000	00000000000000000	0000000000000	00000000	000000000000
0000000000010	000000000	00000000000010000	0000000000000	00000000	000000000000
0000000000000	000000000	00000000000000000	0000000000000	00000000	010000001100
0000000000000	000000000	00000000000000000	0000000000000	00000000	000010000010
0000000000000	000000000	00000100000000000	0100000000000	00000000	000010000010
0000000000000	000000000	00000000000000000	0000000000000	00000000	000010000011
0000000000000	000000000	00000000000000000	0000000000000	00000000	000000000000
0000010000000	000000000	00000000000000000	0000000000000	00000000	010000000100
0000000000000	000001000	00000000000000000	1000000000000	00000000	000100000000
0000000000000	000000000	00000000000000000	0000000001000	00000000	000001000000
0000000000000	000001000	00000000000000000	1000000000000	00000100	000100000000
0000000000000	000000000	00000000000000000	0000000000001	00000000	000010000010
0000000000000	000000000	00000000000000000	0000000000000	00000000	000000000000
0000000000000	000000000	00000000010000000	0000000000000	00000000	010000000100
0000000000000	000001000	00000000000000000	1000000000000	00000100	000100000000
0010000010000	100000100	00010000000000000	0000000000000	00000000	000000000000
0000000000000	000000000	00000000000000000	0000000000000	00000000	000000000000
0000000000000	000000000	00000000000000000	0000000000000	00000000	000000000000
0000000000000	000000000	00000000000000000	0000000000001	00000000	000010000010
0100000000000	000000000	00000000000000001	0000000000000	00001000	000000000000
0000000000000	000001000	00000000000000000	1000000000000	00000100	000100000000
0010100000000	000000100	00000000000000000	0010000000000	00000000	001000000000
0000000000000	000000000	00000000000000000	0000000000000	00000000	000010000010
0000000000000	000000000	00000000000000000	0000000001000	00000000	000001000000
0000000000000	000100000	00000000000000000	0000000010000	00000000	000000000000
0000000000000	000000000	00000000000000000	0000000000000	00000000	000000000000
0000000000000	000000000	00000000000000000	0000000001000	00000000	000000100000
0000000000000	000000000	00000000000000000	0000000000000	10000000	000010000010
0000000000000	000000000	00001000000100000	0000000000010	00000000	000010000010
0000000000000	000000000	00100000000000000	0000000001000	00000000	000000000000
0000000000000	000000000	00000000000000000	0000000000001	00000000	000010000010
0000000000000	000000000	00000000000000000	0000000001000	00000000	000000000000
0000000000000	000000000	00000000000100000	0001000000000	00000000	000010000010
0000000000000	000000000	00000000000000000	0000000000100	00010000	000000000000
0000000000000	000000000	00000000000000000	0000000000001	00000000	000010000010
0000000000000	000000000	00000000000000000	0000000000000	00000000	000000000000
0000000000000	000000000	00000000000000000	0000000000000	00000000	000000000000
0000000000010	010000000	00000000000010000	0000000000000	00000000	000000000000
0000000000000	000000000	00000000000000000	0000000000001	00000000	000010000010
