0000000000000000000	000000000000000	0000000000000100000	0000000000100	000000000	000010000000000000
0000000000000000100	100000000000000	0000000000000000000	0000000000000	010000010	000000000000100000
0000000000000000000	000000001000000	0000000000000000000	0001000000000	000010000	000000000000000001
0000000000011001000	000000000000000	0000010001000000000	0000010000010	000001000	000000000000001000
0000101000000000000	000000000000000	0000000000000000000	0000000000000	000000000	001000000000000000
0000000000000001000	010000000000000	0000010001000000000	0000000100010	000000000	000000000000000000
0000000000100001000	000000000000000	0000010001000000000	0000000000010	000000000	000000000000000000
0000000000000000000	000000000000000	0000000000000000000	0000000000000	000000000	000000000000010000
0000000000000000000	000000000000000	0000000000000000000	0001000000000	000010000	000001000000000001
0000000000000001000	000000000000000	0000010001000000000	0000000100010	000000000	000000000000000000
0100000000000000000	000000000000000	0001000000000100000	0000000000100	000000000	100010000000000000
0001000000000001000	000000000000010	0000010001010000000	0000000000010	000001000	000000000000001000
0000000000000001000	001000000000000	0000010001000000000	0000010000010	000001000	000000000000001000
0000000000000000000	000000000000000	0000000000000000000	0000000000000	000000000	000000000000010000
0000000000000000000	000000000000000	0000000010000000010	0000000000000	000000000	000000000000000000
0000000000100001000	000000000000000	0000010001000000000	0000000000010	000000000	000000000000000000
0100000000000000000	000000000000000	0001000000000100000	0000000000100	000000000	100010000000000000
0000000000000001000	000000000100000	0000010001000000000	0000000100010	000000000	000000101000000000
0000000000000001000	000000000000000	0000010001000000000	0000000100010	000000000	000000000000000000
0000000000000001000	000000000000000	0000010001000000000	0000010000010	000001000	000000000000001000
0100010000000000000	000000000000000	0001000000000100000	0000000000100	000000000	100010000000000000
0100000000000000000	000000010000000	0001000000000101000	0000000000100	000000000	000010000000000000
0000000000000001000	000000000000000	0000010001000000000	0000000000010	000000001	000000000000000000
0000000000000001000	000000000000000	0000010001000000000	0000000000010	000000001	000000000000000000
0000000000000000000	000000000000000	0000000000000000000	0000000000000	000000000	000000000000010000
0100000000000000000	000000000000000	0001000000000100000	0000000000100	000000000	100010000000000000
0000000000000000000	000000000000000	0000000000000000000	0000000000000	000000000	000000000000010000
0000000100000001010	000000000000000	0010010001000000000	0000000100010	000000000	000000100000000000
0000101000000000000	000000000000000	0000000000000000000	0000000000000	000000000	001000000000000000
0000000000100001000	000000000000000	0000010001000000000	0000000000010	000000000	000000000000000000
0000000000000000000	000000000001000	0000000000000000000	0000000000100	000000000	000100000000000000
0000101000000000000	000000000000000	0000000000000000000	0000000000000	000000000	001000000000000000
0000000000000001000	000000000100000	0000010001000000000	0000000100010	000000000	000000101000000000
0000000000000000000	000000000000000	0000000000000000000	0000000000000	000000000	000000000001000000
0100000000000000000	000000000000000	0001000000000100000	0000000000100	000000100	100010000000000000
0000000000000000000	000000000001000	0000000000000000000	0000000000100	000000000	000100000000000000
0000000000000000000	000000000000000	0000000000000100000	0000000000100	000000000	000010000000000000
0000000000000000000	000000000000000	0000000000000000000	0000000000000	000000000	000000000000010000
0000000000000000000	000000001000000	0000000000000000000	0001000000000	000010000	000000000000000001
0000000000000000000	000000001000000	0000000000000000000	0001000000000	001010000	000000000000000001
0000000000000000100	100000000000000	0000000000000000000	0000000000000	010000010	000000000000100000
0000000000000000000	000000000000000	0000000000000000000	0000000000000	000000000	000000000001000000
0000000000100001000	000000000000000	0000010001000000000	0000000000010	000000000	000000000000000000
0100000000000000000	000000000000000	0001000000000100000	0000000000100	000000000	100010000000000000
0000000000000000000	000000000001000	0000000000000000000	0000000000100	000000000	000100000000000000
0000000000000010000	000000000000000	0000000000000000000	0110000010100	000000000	000100010010000000
0000000110000001010	000000000000000	0000010001000010000	0000000100010	000000000	000000100000000000
0000000000000010000	000000000000000	0000000000000000000	0010000000100	000000000	000100000010000000
0000000000000000000	000100001000000	0000000000000000000	0001000000000	001010000	000000000000000001
0000000000000000000	000000000000000	0000000000000000000	0001000000000	000010000	000001000000000001
0000000000000000000	000000000001000	0000000000000000000	0000000000100	000000000	000100000000000000
0000000000000000000	000000000000000	0000000000000000000	0001000000000	000010000	000001000000000001
0000000000000000000	000000001000000	0000000000000000000	0001000000000	000010000	000000000000000011
0000000000000000000	000000000000000	0000000000000000000	0000000000000	000000000	000000000000010000
0000000000000000000	000000001000000	0000000000000000000	0001000000000	001010000	000000000000000001
0000000000000100000	000000000000000	0001000000001100000	0000000000100	000000000	010010000000000000
0000000000000000000	000000000000000	0000000100000000000	0001000000000	000010000	000001000000000001
0000000000000000000	000000000010000	0000000000000100000	0000000000100	000000000	000010000000000000
0000000000000000000	000000000000000	0000000000000000000	0000000000000	000000000	000000000001000000
0000000000000001000	000000000000000	0000010001000000000	1000000100010	000000000	000000000000000000
0000000000000000000	000000000000000	0000000000000000000	0000000000000	000000000	000000000000010000
0000101000000000000	000001000000000	0000000000000000001	0000000000000	000000000	001000000000000000
0000000000100001000	000000000000000	0000010001000000000	0000001000010	000000000	000000000000000000
0000000000000001000	000000000100000	0000010001000000000	0000000100010	000000000	000000101000000000
0000000000000001000	000000000000000	0000010001000000000	0000000100010	000000000	000000000000000000
0100000000000000000	000000000000000	0001000000000100000	0000000000100	000000000	100010000000000000
0000000000000000000	000000000001000	0000000000000000000	0000000000100	000000000	000100000000000000
0000101000000000001	000000000000000	1000000000000000000	0000000000000	000000000	001000000000000000
0000000000000000000	000000000001000	0000000000100000000	0000000000100	000000000	000100000000000000
0000000000000000000	000000000000000	0000000000000000000	0000000000000	000000000	000000000000010000
0000000000000000000	000000000000000	0000000000000000000	0000000000000	000000000	000000000001000000
0000000000000000000	000000000001000	0000000000000000000	0000000000100	000000000	000100000000000000
0100000000000000000	000000000000100	0001100000000100000	0000000000100	000000000	000010000000000000
0000101000000000000	000000000000000	0000000000000000000	0000000000000	000000000	001000000000000000
0000101000000000000	000001000000000	0000000000000000001	0000000000000	000000000	001000000000000000
0000000000000000000	000000000000000	0000000000000000000	0000000000000	000000000	000000000001000000
0000000000000000000	000000000000000	0000000000000100000	0000000000100	000000000	000010000000000000
0000000000000000000	000000000001000	0000000000000000000	0000000000100	000000000	000100000000000000
0000000000000000000	000000000000000	0000000010000000000	0000000000000	000000000	000000000000000000
0100000000000000000	000000000000000	0001000000000100000	0000000000100	000000000	100010000000000000
0000000000000000000	000000000000000	0000000000000000000	0000000000000	000000000	000000000000010000
0000000000000010000	000000000000000	0000000000000000000	0010000001100	000000000	000100000010000000
0000000000000000000	000000000000000	0000000000000000000	0000000000001	100000000	000000000000000000
0000000000000000100	100000000000000	0000000000000000000	0000000000000	010000010	000000000000100000
0100000000000000000	000000000000000	0001100000000100000	0000000000100	000000000	000010000000000000
0000000000000000000	000000000001000	0000000000000000000	0000000000100	000000000	000100000000000000
0000000000000100000	000000000000000	0001000000001100000	0000000000100	000000000	000010000000000000
0000101000000000001	000000000000000	0000000000000000000	0000000000000	000000000	001000000000000000
0000000000000000000	000000000000000	0000000010000000000	0000000000000	000000000	000000000000000000
0000000000000000000	000000000001000	0000000000000000000	0000000000100	000000000	000100000000000000
0000000000000001000	000000000000000	0000010001000000000	1000000100010	000000000	000000000000000000
0000000000100001000	000000000000000	0000010001000000000	0000001000010	000000000	000000000000000000
0100000001000000000	000000000000000	0001000000000100000	0000000000100	000000000	000010000000000000
0000000000000000000	000000000001000	0000000000000000000	0000000000100	000000000	000100000000000000
0000000100000001010	000000000000001	0000010001000010000	0000000100010	000000000	000000100000000000
0000101000000000000	000001000000000	0000000000000000001	0000000000000	000000000	001000000000000000
0000000000000000000	000010001000000	0000000000000000000	0001000000000	000010000	000000000000000001
0000101000000000000	000000000000000	0000000000000000000	0000000000000	000000000	001000000000000000
0000000000000000100	100000000000000	0000000000000000000	0000000000000	010000010	000000000000100000
0000000000000010000	000000000000000	0000000000000000000	0010000000100	000000000	000100000010000000
0000101000000000001	000000000000000	1000000000000000000	0000000000000	000000000	001000000000000000
0000000000000001000	000000000000000	0000010001000000000	0000000000010	000000001	000000000000000000
0000000000000000000	000000000000000	0000000000000000000	0000000000000	000000000	000000000000010000
0000000000000000000	000100001000000	0000000000000000000	0001000000000	001010000	000000000000000001
0000000000000000000	000000000001000	0000000000000000000	0000000000100	000000000	000100000000000000
0100000000000000000	000000010000000	0001000000000101000	0000000000100	000000000	000010000000000100
0000000000000000000	000000000000000	0000000000000000000	0000000000000	000000000	000000000000010000
0000000000000010000	000000000000000	0100000000000000000	0000000000100	000100000	000100000110000000
0000000000000100000	000000000000000	0001000000001100000	0000000000100	000000000	000010000000000000
0000000000000010000	000000000000000	0000000000000000000	0010000000100	000000000	000100000010000000
0000000000000001000	000000000000000	0000010001000000000	0000000000010	000000001	000000000000000000
0000000000100001000	000000000000000	0000010001000000000	0000000000010	000000000	000000000000000000
0100000000000000000	000000000000100	0001100000000100000	0000000000100	000000000	000010000000000000
0000101000000000001	000000000000000	0000000000000000000	0000000000000	000000000	001000000000000000
0000000000000010000	000000000000000	0000000000000000000	0010000000100	000000000	000100000010000000
0000000000000100000	000000000000000	0001000000001100000	0000000000100	000000000	000010000000000000
0010101000000000000	000000000000000	0000000000000000000	0000000000000	000000000	001000000000000000
0100000000000000000	000000000000000	0001000000000100000	0000000000100	000000100	100010000000000000
0000000000000000000	000000000001000	0000000000000000000	0000000000100	000000000	000100000000000000
0000000000100001000	000000000000000	0000010001000000000	0000001000010	000000000	000000000000000000
0000000000000000000	000000000000000	0000000000000000000	0000000000000	000000000	000000000000010000
0000101000000000000	000000000000000	0000000000000000000	0000000000000	000000000	001000000000000000
0001000000000001000	000000100000000	0000010001000000000	0000000000010	000001000	000000000000001000
0000000000000001000	000000000100000	0000010001000000000	0000000100010	000000000	000000101000000000
0000000000000001000	001000000000000	0000010001000000000	0000010000010	000001000	000000000000001000
0100000000000000000	000000000000100	0001100000000100000	0000000000100	000000000	000010000000000000
0000000000000000000	000000000000000	0000000000000000000	0000000000000	000000000	000000000000010000
0100000000000000000	000000000000000	0001000000000100000	0000000000100	000000000	000010000000000000
0000000000000001000	000000000100000	0000010001000000000	0000000100010	000000000	000000101000000000
0000000000100001000	000000000000000	0000010001000000000	0000001000010	000000000	000000000000000000
1000000000011001000	000000000000000	0000010001000000000	0000010000010	000001000	000000000000001000
0000000000000001000	000000000000000	0000010001000000000	0000000000010	000001000	000000000000001000
0000000000000001000	000000000100000	0000010001000000000	0000000100010	000000000	000000101000000000
0001000000000001000	000000000000000	0000010001010000000	0000000000010	000001000	000000000000001000
0000000000000001000	000000000000000	0000011001000000000	0000100000010	000001000	000000000000001000
0000000000000001000	000000000000000	0000011001000000100	0000100000010	000001000	000000000000001000
0000000000000000000	000000000000000	0000000000000000000	0000000000000	000000000	000000000000010000
0000000000000000000	000000001000000	0000000000000000000	0001000000000	001010000	000000000000000001
0000000000000001000	000000000100000	0000010001000000000	0000000100010	000000000	000000101000000000
0000000000000000000	000000000000000	0000000000000000000	0000000000000	000000000	000000000000010000
0000000000000000000	000000000000000	0000000000000000000	0000000000001	100000000	000000000000000000
0000000000000100000	000000000000000	0001000000001100000	0000000000100	000000000	000010000000000000
0000000000000000000	000000000000000	0000000100000000000	0001000000000	000010000	000001000000000001
0000101000000000000	000000000000000	0000000000000000000	0000000000000	000000000	001000000000000000
0100000000000000000	000000000000000	0001000000000100000	0000000000100	000000000	100010000000000000
0000000000000000000	000000000000000	0000000000000100000	0000000000100	000000000	000010000000000000
0000000000000000000	000000000001000	0000000000000000000	0000000000100	000000000	000100000000000000
0000000000000000000	000000000000000	0000000000000000000	0001000000000	000010000	000001000000000001
0000000000000000000	000000000000000	0000000000000000000	0000000000000	000000000	000000000000010000
0000000000000000000	000000000000000	0000000000000000000	0000000000000	000000000	000000000000010000
