100000000000000	000001000001000000	0000000000000000000000	000000000	00000000000000	00000000000100000
000000000000000	000000000001000000	0000000000000000000000	000000000	00000000000000	00000000000000000
000000000000000	000000000000000000	0000000000000000000000	001000000	00000000000000	00000000000000000
000000000100000	000000000000000000	0000000000000000000000	000000000	00000000000000	00000000000000000
000100000000000	000000000000000000	0000000000000000000000	000000000	00000000000000	00000000000001000
000100000000000	000000000000000000	0000000000000000000000	000000000	00000000000000	00000000000001000
000000000100000	000000000000000000	0000000000000000000000	000000000	00000000000000	00000000000000000
000000000000000	000000000000000000	0000000000000000000000	000000000	00000000000000	00000000000000000
000000000000000	000000000000000000	0000000000000000000000	000000000	00000000000000	00000000000000000
000000000000000	000000000000000000	0000000000000000000000	000000000	00000000000000	00000000000000000
000001000000000	000000000000000000	0100000000000000000000	000000100	00000000000000	00000000000000000
000000000000000	000000000000000000	0000000000000000000000	000000000	01000000000000	00000000000000001
000000000000000	000000000000000000	0000000000000000000000	000000000	00000000000000	00000000000000000
000000000000000	000000000000000000	0000100000000000000000	000000000	00000000000000	00000000000000000
000000000000000	000000000000000000	0000000000000000000000	000000000	00000000000000	00000000000000000
000000000000000	000000000000000000	0000000000000000000000	000000000	00000000000000	00000000000000000
000000000000000	000000000000000000	0000100000000000000000	000000000	00000000000000	00000000000000000
000000000000000	000000000000000000	0000000000000000000000	000000000	00000000000000	00000000000000000
000000000000000	000001000001000000	0000000001000000000000	000000000	00000000000000	00000000000000000
000000000000000	000000000000000000	0000000000000000000000	000000000	00000000000000	00000000000000000
000000000000000	000000000000000000	0000100000000000000000	000000000	00000000000000	00000000000000000
000000000000000	000000000001000000	0000000000000000000000	000000000	00000000000000	00000000000000000
000000000000000	000000000000000000	0000000000000000000000	000000000	00000000000001	00000000000000000
000000000000000	000001000001000000	0000000001000000000000	000000000	00000000000000	00000000000000000
000000000000000	000000000000000000	0000000000000000000000	000000000	00000000001000	00000000000000000
000000000000000	000000000000000000	0000000000000000000000	000000000	00000000100000	00000000000000000
000000000000000	000000000000000000	0000000000000000000000	000000000	00000000000000	00010000000000000
000001000000000	000000000000000000	0100000000000000000000	000000100	00000000000000	00000000000000000
000000000000000	000000000000000000	0000000000000000000000	000000000	00000000000000	00000000000000000
000000000000000	010000000000000000	0000000000000000000000	000000000	00000000000000	00000000000000000
000000000000000	000000000000000000	0000000000000100000000	110000000	00000000000000	00000000100000000
000000000000000	000000000000000000	0000000000000000000000	000000000	01000000000000	00000000000000001
000000000000000	000000000000000000	0000001000000000000100	000001000	00000000000000	00000000000000000
000000000000000	000000000000000000	0000000000000100000000	110000000	00000000000000	00000000100000000
000000000000000	000000000000000000	0000010000000000000000	000000000	01000000000000	00000000000000001
000000000010010	000000000000000000	0000000000000000000000	000000000	00000000000000	00001100000000010
000000000000000	000000000000000000	0000000000000100000000	110000000	00000000000000	00000000100000000
000001000000000	000000000000000000	0100000000000000000000	000000100	00000000000000	00000000000000000
000000000000000	000000000000000000	0000000000000000000000	000000000	00000000000000	00000000000000000
000000000000000	000000000000000000	0000000000000000000000	001000000	00000000000000	00000000000000000
000000000000000	000000000000000000	0000000000000000000000	000000000	00000000000000	00000000000000000
000000000001000	000000000000000000	0000000000000000000100	000000000	00000000000000	00000000000000000
000000000000000	000000010000000000	0000100000001000000000	000000000	00000000000000	00000000000000000
000000000000000	000000100000100000	0010000000000000000010	000000000	00000000010000	00000000000000000
000000000000000	000000000000000000	0000000000000000000000	000000000	00000000000001	00000000000000000
000000000000000	000000000000000000	0000000000000000000000	000000000	00000000000000	00000000000000000
000000000000000	000000000000000000	0000100000000000000000	000000000	00000000000000	00000000000000000
000000000000000	000000000000100000	0000000000000000000000	000000000	00000000010000	01000000000000000
000100000000000	000000000000000000	0000000000000000000000	000000000	00000000000000	00000000000001000
000000000000000	010000000000000000	0000000000000000000000	000000000	00000000000000	00000000000000000
000000000000000	000000000000000000	0000100000000000000000	000000001	00000000000000	00000000000000000
000000001000000	000001000001000001	0000000001000000000000	000000000	00001000000000	00000000000000000
000000000000000	000000000000000000	0000000000000000000000	000000000	00000000000000	00000000000000000
100000000000000	000001000001000000	0000000000000000000000	000000000	00000000000000	10000000000000000
000000000000000	000000000000000000	1000000000000000000000	000000000	00000000000000	00000000000000000
000000000000000	100000000000000000	0000000000000000000000	000000000	01000000000000	00000000000000000
100000000000000	000001000001000000	0000000000000000000000	000000000	00000000000000	00000010000100000
100000000000000	000001000001000000	0000000000000000000000	000000000	00000000000000	10000000000000000
000000000000000	000001001001000000	0000000001000000000000	000000000	00000000000000	00000000000000000
000000000000000	000000000000000000	0000000000000000000000	000000000	00000000000000	00000000000000000
000000100000001	000000000000000000	0000000000000000000000	000000000	00000000000000	00000000000000000
000000000000000	000000000000000000	0000000000000010000000	000000000	00000000000000	00000000000000000
000000000000000	000000000000000000	0000100000000000000000	000000000	00000000000000	00000000000000000
000000000000000	000000000000000000	0000000000000000000000	000000000	00000000000001	00000000000000000
000000000000000	000000000000000000	0000000000000000000000	000000000	00000000000001	00000000000000000
000000000000000	000000000000000000	0000000000000000000000	000000000	00000000000000	00000000000000000
000000000000000	000000000000000000	0000000000000000001000	000000000	00000000000000	00000000000000100
000000000000000	000000000000000000	0000000000000000000000	001000000	00000000000000	00000000000000000
000000000000000	000000000000000000	0000000000000000000000	000000000	00000000000100	00000000000000000
000000000000000	000000000000000000	0000000000100000000000	000000000	00000000000000	00000000000000000
000000000000000	000000000000000000	0000100000000000000000	000000001	00000000000000	00000000000000000
000000000000000	000000000000000000	0000000000000000000100	000001000	00000000000000	00000000000000000
000000000000000	000000000000000000	0000000000000000000000	000000000	01000000000000	00000000000000001
000000000000000	000000000000000000	0000000000000000000000	000000000	00000000000010	00000000000001000
000000000000000	000000000000000000	0000000000000100000000	110000000	00000000000000	00000000100000000
000000000000000	000000000001000000	0000000000000000000000	000000000	00000000000000	00000000000000000
000000000000000	000000000000000000	1000000000000000000000	000000000	00000000000000	00000000000000000
000000000000000	000000000000000000	0000001000000000000100	000001000	00000000000000	00000000000000000
000000000000000	000000000000000000	0000000000000000000000	000000000	00000000000000	00000000000000000
000000000000000	000000000000000000	0000000000000000000000	000000000	00000000000000	00000000000000000
000000000000000	000000000000010000	0000000000000000000000	000000000	00000000000000	00000000000000000
000000000000000	000000000000000000	0000000000000000000000	000000000	00000000000000	00000000000000000
000000000000000	000000000011000000	0000000000000000000000	000000000	00000000000000	00000000000000000
010000000000000	000000000000000000	0000000000000000000000	000000000	01000000000000	00000000000000000
000000100000001	000000000000000000	0000000000000000000000	000000000	00000000000000	00000000000000000
100000000000000	000001000001000000	0000000000000000000000	000000000	00000000000000	10000000000000000
000000000000000	000000000000010000	0000000000000000000000	000000000	00100000000000	00000000000000000
000000000010010	000000000000000000	0000000000000000000000	000000000	00000100000000	00000100000000000
000000000000000	000000000000000000	0000100000000000000000	000000001	00000000000000	00000000000000000
000000000000000	000000000000000000	0000000000000000000000	000000000	00000000000000	00000000000000000
000000000000000	001000000000000000	0000000000000000000000	000000010	00000010000000	00000000000000000
000000000000000	000100000000000000	0000000000000000000000	000000000	10000010000000	00000001001000000
000000000000000	000000000001000000	0000000000000000000000	000000000	00000000000000	00000000000000000
000000000000000	000011000001000000	0000000000000000000000	000000000	00000000000000	00000000000010000
000000000000000	000000000000000000	0000100000000000000000	000000000	00000000000000	00000000000000000
000000000000000	000000000000000000	0000000000000000000000	000010000	00000000000000	00000000000000000
000000000000000	000000000000000000	0000000000000000000000	000000000	00000000001000	00000000000000000
000000000000000	000000000000000000	0000000000000000000000	000000000	00000000000000	00000000000000000
000000000000000	000000000000000000	0000001000000000000100	000001000	00000000000000	00000000000000000
000000000000000	000000000000000000	0000000000000000000000	000000000	00000000000000	00000000000000000
000000000000000	000000000000000000	1000000000000000000000	000000000	00000000000000	00000000000000000
000000000000000	000001000001000000	0000000001000000000000	000000000	00000000000000	00000000000000000
000000000000000	000000000000000000	0000000000000100000000	110000000	00000000000000	00000000100000000
000000000000000	000000000000000000	0000000000000000000000	000000000	00000000000000	00000000000000000
000000000000000	000000000000000000	0000000000000000000000	000000000	00000010000000	00000001000000000
000000000000000	000000000000000000	0000000000000000010000	000000000	00000001000000	00000000000000000
000000000000000	000000000000000000	0000000000000100000000	110000000	00000000000000	00000000100000000
100000000000000	000001000001000000	0000000000000000000000	000000000	00000000000000	10000000000000000
000000010000000	000000000000000000	0000000000000000000000	000000000	00000000000010	00000000000001000
000000000000000	000000000000000100	0000000000000000000000	000000000	00000000000000	00100000000001000
000000000000000	000000000000000000	0000000000000000000000	000000000	00000000001000	00000000000000000
000000000000000	000000000000000000	0000000000000000000000	000000000	00000000000000	00000000000000000
000000000000000	000000100000100000	0010000000000000000000	000000000	00000000010000	00000000000000000
000000000000000	000000000000000000	0000000000000000000000	000000000	00000000000000	00000000000000000
000000000000000	000000000000000000	0000000000000000000000	000000000	00000000000000	00000000000000000
000000000000000	000000000000000000	0000000000000000000000	000000000	00000000000000	00000000000000000
000000000000000	000000000000000000	0000000000000000000000	000000000	00000000000010	00000000000001000
000000000000000	000000000000000000	0000000000000000000000	000000000	00000000000000	00000000000000000
000000000000000	000100000000000000	0000000000000000000000	000000000	10000010000000	00000001001000000
000001000000000	000000000000000000	0100000000000000000000	000000100	00000000000000	00000000000000000
100000000000000	000001000001000000	0000000000000000000000	000000000	00000000000000	00000000000100000
000010000000000	000000000000000000	0000100000000000000000	000000000	00000000000000	00000000000000000
000000000000000	000000000000000000	0000100000000000000000	000000000	00010000000000	00000000000000000
000000000000000	000000000000000000	0000000000000001000000	000000000	00000000000000	00000000000000000
000001000000000	000000000000000000	0100000000000000000000	000000100	00000000000000	00000000000000000
000000000000000	000000000000000000	0001000000000000000000	000000000	00000000000000	00000000000001000
000000000000000	000000000000000000	0000000000000000000000	000000000	00000000001000	00000000000000000
000000000000000	000000000000000000	0000000000000000000000	000000000	00000000000000	00000000000000000
000000000000000	000000000000000000	0000000000000000000000	000000000	01000000000000	00000000000000000
000000000000000	000000000000000000	0000000000000000000000	000000000	00000000000000	00000000000000000
000000100000001	000000000000000000	0000000000000000000000	000000000	00000000000000	00000000000000000
000000000000000	000000000000000000	0000000000000000000000	000000000	00000000000000	00000000000000000
000000000000100	000000000000000010	0000000000000000100000	000000000	00000000000000	00000000000000000
000000000000000	000000000000000000	0000000000000000000000	000000000	00000000000000	00000000000000000
000000000000000	000011000001000000	0000000000000000000000	000000000	00000000000000	00000000000010000
000000000000000	000001000001000000	0000000001000000000000	000000000	00000000000000	00000000000000000
000000000000000	000000000000000000	0000000000000000000000	000000000	00000000100000	00000000000000000
000000000000000	000000000000000000	0000000000000000000000	000000000	00000000000000	00000000000000000
000000000000000	000000000000001000	0000000000000000000000	000000000	00000000000000	00000000000000000
000000000000000	000000000000000000	0000000000000000000000	000000000	00000000000000	00000000000000000
000000000000000	000000000000000000	0000000100000000000000	000000000	01000000000000	00000000000000000
000000000000000	000000000000000000	0000000000000000000000	000100000	00000000000000	00000000000000000
000000000000000	000000000000000000	0000000000000000000000	000000000	00000000000000	00000000000000000
000000000000000	000000000000000000	0000000000000000000000	000000000	00000000000000	00000000000000000
000000000000000	000000000000000000	0000100000000000000000	000000000	00000000000000	00000000000000000
000000000000000	000000000000000000	0000000000000000000000	000000000	00000000000010	00000000000001000
001000000000000	000000000100000000	0000000010010000000001	000000000	00000000000000	00000000000000000
000000000000000	000001000001000000	0000000001000000000000	000000000	00000000000000	00000000000000000
000000000000000	000000000000000000	0000100000000000000000	000000000	00000000000000	00000000000000000
000000000000000	000100000000000000	0000000000000000000000	000000000	10000010000000	00000001011000000
