0000000000000000000	0000000010000000000	00000000000000	000010000000000	000000000000000	00000000000001100000
1000000000000000000	0000000000000000000	00000000000100	000000000000000	010000000000000	10001001000000000000
1000000000000000000	0000000000000000000	00000000000000	000000000000000	010000000000000	10001001000000000000
0000000000000000000	0000000010000000000	00000000000000	000010000000000	000000000000000	00000000000001100000
0000000000000000000	0000000010000000000	00000000000000	000010000000000	000000000000000	00000000000001100000
1000000000000000000	0000000000001000000	00000000000000	000000000000000	010000000000000	10001001000000000000
0000000000000000000	0000001000000000000	00000000000000	000000000000000	000001000010000	00100000000000000000
1000000000000000000	0000000000001000000	00000000000000	000000000000000	010000000000000	10001001000000000000
0100011000000000000	0000000000010000000	01000000000000	000000001000000	000000000000000	00000000000000000000
0000000000001000000	0000000010000000000	00000000000000	000010000000000	000010000000100	00000000000001100000
0000000000010110000	0000000001100000000	00000000000000	000000000000100	000000000000000	00000000001000000000
0000000000000000000	0000000000000001000	00000000000000	000000000000000	000000000000000	00000000000110000000
0000000000000000000	0000000000000000000	00000000000000	011000000000000	000000000000000	00000000100000000100
0000000000000000000	0000000010000000000	00000000001000	000000000100000	000000000000000	00000000000001100000
0100010000000000000	0000000000010000000	01000010000000	000000000000000	000000000000000	00000000000000000000
0000000000000000000	0000000010000000000	00000000000000	000000000000000	000000000000000	00000000000001100000
0000100000000000000	0001000010000000000	00000000000000	000000000000000	000000000000000	00000000000001100000
0000000000000000000	0000000010000000000	00000000000000	000001000000000	000000000000000	00010000000001100000
0000000000000001000	0000000010000000100	00000000000000	000000000000000	100000000000010	00000000000001101001
0000000000000000001	0000000010000000000	00000000000000	000001000000000	000000000000000	00000000000001100000
0000000000000000000	0000000000000000000	00000000000000	011000000000000	000000000000000	00000000100000000100
0000000000000000000	0000000010000000000	00000000000000	000010000000000	000000000000000	00000000000001100000
1000000000000000100	0000000000000000000	00000000000000	000000000000000	010000000000001	10001001000000000000
1000000000000000000	0000100000000000000	00000000000000	000000000000000	010000000000000	10001011010000000000
0000000000000000000	0000000000000010000	10110100000000	100000010000011	000000000000000	00000100000000000000
0000000000000000000	0000000010000000000	00000000000000	000100000001000	000000000000000	00000000000001100010
1000000000000000000	0000000000000000001	00000000000000	000000000000000	010000000000000	10001001000000000000
0000000000000000000	0000000000000010000	10110100000000	100000000000011	000000000000000	00000100000000000000
1000000000000000000	0000000000001000000	00000000000000	000000000000000	010000000000000	10001001000000000000
0100010100000000000	0000000000010000000	01000010000000	000000000000000	000000000000000	00000000000000000000
1000000000000000000	0000100000000000000	00000000000000	000000000000000	010000000000000	10001011010000000000
0000000000000000000	0000010010000000000	00000000000000	000100000001000	000000000000000	00000000000001100010
0000000000000000000	0000000000000000000	00000000000000	011000000000000	000000000000000	00000000100000000100
0100010100000000000	0000000000010000000	01000010000000	000000000000000	000000000000000	00000000000000000000
0000000000000000000	0000000010000000000	00000000000000	000100000001000	000000000000000	00000000000001100010
1000000000000000000	0000000000000100000	00000000000000	000000000000000	010000000000000	10001001000000000000
0000000000000000000	0000000010000000000	00000000000000	000010000000000	000000000000000	00000000000001100000
0000000000000000000	0000000000000001000	00000000000000	000000000000000	000000000000000	00000000000010000000
0000000000000000000	0000001000000000000	00000000000000	000000000000000	000001000010000	00100000000000000000
1000000000000000000	0000000000000000000	00000000000000	000000000000000	010000000000000	10001001000000000000
0000000000000000000	0000000000000001000	00000000000000	000000000000000	000000000000000	00000000000010000000
0000000000000000000	0000001000000000000	00000000000000	000000000000000	000001000010000	00100000000000000000
0000000000000001000	0000000010000000100	00000000000000	000000000000000	100000000000010	00000000000001101001
0010000000000000000	0000000010000000000	00000000001000	000000000000000	000000000000000	00000000000001100000
0000000000000001000	0000000010000000100	00000000000000	000000000000000	100000000000010	00000000000001101001
1000000000000000000	0000000000000000000	00000000000000	000000000000000	010000000000000	10001001000000000000
0100011000000000000	0000000000010000000	01000000000001	000000001000000	000000000000000	00000000000000000000
0000000000000000000	0000000010000000000	00000000000000	000001000000000	000000000000000	00000000000001100000
0000000000001000000	0000000010000000000	00000000000000	000010000000000	000010000000100	00000000000001100000
0000000000010110000	0000000001100000000	00000000000000	000000000000100	000000000000000	00000000001000000000
0000000000000000000	0000010010000000000	00000000000000	000100000001000	000000000000000	00000000000001100010
1000000000000000000	0000000000000000000	00000000000000	000000000000000	010000000000000	10001001000000010000
0000000000000000000	0000000010000000000	00000000101000	000000000000000	000000000000000	00000000000001100000
0001000000000000000	0000000010000000000	00000000000000	000010000000000	000000000000000	00000000000001100000
1000000000000000000	0000000000000100000	00000000000000	000000000010000	010000100000000	10001001000000000000
0000000000000000000	0000000010000000000	00000000101000	000000000000000	000000000000000	00000000000001100000
0000000000000000000	0000000000000000000	00000000000000	011000000000000	000000000000000	00000000100000000000
1000000000000000000	0000100000000000000	00000000000000	000000000000000	010000000000000	10001011010000000000
0000000000000000000	0000000010000000000	00000000000000	000100000000000	000000000000000	00000000000001100010
0000000000000000000	0000000010000000000	00000000000000	000000000000000	000000000000000	00000000000001100000
0100010000000000000	0000000000010000000	01000010000000	000000000000000	000000000000000	00000000000000000000
1000000000000000000	0000000000000000000	00000000000000	000000000000000	010000000000000	10001001000000010000
0000000000000000000	0000000010000000000	00000000000000	000000100000000	000000000000000	00000000000001100000
1000000000000000000	0000000000000000000	00000000000000	000000000000000	010000000000000	10001001000000010000
0000000000000000000	0000000010000000000	00000000000000	000100000001000	000000000000000	00000000000001100010
0000000000000000000	0000000000000001000	00000000000000	000000000000000	000000000000000	00000000000010000000
1000000000000000100	0000000000000000000	00000000000000	000000000000000	010000000000001	10001001000000000000
0000000000000000000	0000000000000010000	10110100000000	100000000000011	000000000000000	00000100000000000000
0000000000000000000	0000000000000010000	10110100000000	100000000000011	000000000000000	00000100000000000000
0000000000000000000	0000000010000000000	00000000000000	000100000000000	000000000000000	00000000000001100010
0000000000000000000	0000000010000000000	00000000000000	000100000001000	000000000000000	01000000000001100010
0000000000010110000	0000000001100000000	00000000000000	000000000000100	000000000000000	00000000001000000000
0000000000000001000	0000000010000000100	00000000000000	000000000000000	100000000000010	00000000000001101001
0000000000000000000	0000000010000000000	00000000000000	000000000000000	000000000000000	00000000000001100000
0000000000000000000	0000001000000000000	00000000000000	000000000000000	000001000010000	00100000000000000000
1000000000000000000	0000000000000000000	00000000000000	000000000000000	010000010000000	10001001000000000000
1000000000000000000	1000000000000100000	00000000000000	000000000000000	010100000000000	10001001000000000000
1000000000000000100	0000000000000000000	00000000000000	000000000000000	010000000000001	10001001000000000000
0000000000000000000	0000000000000010000	10110100010000	100000000000011	000000000000000	00000100000000000000
0000000000000000000	0000000010000000000	00000000000000	000100000000000	000000000000000	00000000000001100010
0000000000000000000	0000000000000010000	00010000000000	100000000000011	000000000000000	00000100000000000000
0000100000000000000	0001000010000000000	00000000000000	000000000000000	000000000000000	00000000000001100000
0000000000000000000	0000000010000000100	00000000000000	000000000000000	100000001000010	00000000000001101001
1000000000000000000	0000000000000000000	00000000000000	000000000000000	010000000000000	10001001000000000000
0000000000000000000	0000000000000001000	00000000000000	000000000000000	000000000000000	00000000000010000000
0000000000000000000	0000010010000000000	00000000000000	000100000001000	000000000000000	00000000000001100010
1000000000100000000	0000000000000000000	00000000000000	000000000000000	010000010000000	10001001000000000000
0000000000000000000	0000000110000000000	00000000000000	000100000001000	000000000000000	00000000000001100010
1000000000000000000	0000000000000000000	00000000000000	000000000000000	010000010000000	10001001000000000000
1000000000000000000	0000100000000000000	00000000000000	000000000000000	010000000000000	10001011010000000000
0000000000000000010	0000000000000000000	00000000000000	000000000000000	000000000000000	00000000000000000000
0000000000000000000	0000000010000000000	00000000000000	000000000000000	000000000000000	00000000000001100000
0100011000000000000	0000000000010000000	01000000000000	000000001000000	000000000000000	00000000000000000000
0000000000000000000	0000000000000010000	10110100010000	100000000000011	000000000000000	00000100000000000000
0000000000000000000	0000000010000000000	00000000000000	000000000000000	000000000000000	00000000000001100000
0000000000000000000	0000000010000000000	00000000000000	000001000000000	000000000000000	00010000000001100000
0000000000000001000	0000000010000000100	00000000000000	000000000000000	100000000000010	00000000000001101001
0000000000000000000	0000000010000000000	00000000000000	000100000000000	000000000000000	00000000000001100010
0000000000000000000	0000000000000010000	00010000000000	100000000000011	000000000000000	00000100000000000000
0000000000000000000	0000000010000000000	00000000000010	000001000000000	000000000000000	00000000000001100000
0000000000010110000	0000000001100000000	00000000000000	000000000000100	000000000000000	00000000001000000000
0000000000000000000	0000000000000000000	00000000000000	011000000000000	000000000000000	00000000100000000100
0000000000000000000	0000000010000000000	00000000000000	000001000000000	000000000000000	00010000000001100000
0000000000000000000	0000010010000000000	00000000000000	000100000001000	000000000000000	00000000000001100010
0000000000000000000	0000000000000010000	10110100000000	100000000000011	000000000000000	00000100000000000000
1000000000000000000	0000000000000000010	00000000000000	000000000000000	010000000000000	10001001000000010000
0100010100000000000	0000000000010000000	01000010000000	000000000000000	000000000000000	00000000000000000000
0000100000000000000	0001000010000000000	00000000000000	000000000000000	000000000000000	00000000000001100000
1000000000000000000	0000000000000000000	00000000000000	000000000000000	010000010000000	10001001000000000000
1000000000000000100	0000000000000000000	00000000000000	000000000000000	010000000000001	10001001000000000000
1000000000000000000	0000000000000000000	00000000000000	000000000000000	010000000000000	10001001000000000000
0000000000000000000	0000000000000010000	00010000000000	100000000000011	000000000000000	00000100000000000000
0000000000000000000	0000000000000000000	00000000000000	011000000000000	000000000000000	00000000100000000000
0100011000000000000	0000000000010000000	01000000000000	000000001000000	000000000000000	00000000000000000000
0000000000000000000	0000000000000000000	00000000000000	011000000000000	000000000000000	00000000100000000000
1000000000000000000	0000000000000000000	00000000000000	000000000000000	010000000001000	10001001000000000000
0000000000000000000	0000000000000000000	00000000000000	011000000000000	000000000000000	00000000100000000000
1000000000000000000	0000000000000100000	00000000000000	000000000000000	010000000000000	10001001000000000000
0000000000000000000	0000000110000000000	00000000000000	000100000001000	000000000000000	00000000000001100010
1000000000000000000	0000000000000100000	00000000000000	000000000000000	010000000000000	10001001000000000000
0000000000000000000	0000010010000000000	00000000000000	000100000001000	000000000000000	00000000000001100010
1000000000000000000	0000100000000000000	00000000000000	000000000000000	010000000000000	10001011010000000000
0000000000000000000	0000000000000000000	00000000000000	011000000000000	000000000000000	00000000100000000000
0000000000000000000	0000000000000000000	00000000000000	011000000000000	000000000000000	00000000100000000100
0000000000000000000	0000000010000000000	00000000000000	000100000000000	000000000000000	00000000000001100010
0000000000000000000	0000000010000000000	00000000000000	000100000001000	000000000000000	00000000000001100010
0000000000000000000	0000010010000000000	00000000000000	000100000001000	000000000000000	00000000000001100010
0100011001000000000	0000000000010000000	01000000000000	000000001000000	000000000000000	00000000000000000000
0000000000000000000	0000000010000000100	00000000000000	000000000000000	100000000100010	00000000000001100001
1000000000000000000	0000000000000000000	00001000000000	000000000000000	010000000000000	10001001000000000000
1000000010000000000	0000000000000000000	00000001000000	000000000000000	010000000001000	10001001000000000000
1000000000000000000	0010000000000000001	00000000000000	000000000000000	010000000000000	10001001000000000000
0000000000000000000	0000000010000000000	00000000000000	000100000000000	000000000000000	00000000000001100010
0000000000000000000	0000000010000000000	00000000000000	000100000001000	000000000000000	00000000000001100010
0000000000010110000	0000000001100000000	00000000000000	000000000000100	000000000000000	00000000001000000000
0000000000000000000	0000000000000010000	00010000000000	100000000000011	000000000000000	00000100000000000000
1000000000000000000	0000100000000000000	00000000000000	000000000000000	010000000000000	10001011010000000000
0000000000000000000	0100000010000000000	00000000000000	000100000001000	000000000000000	00000000000001100010
0000000000000000000	0000000000000010000	10110100000000	100000000000011	000000000000000	00000100000000000000
0000000000000000000	0000000010000000000	00000000000000	000001000000000	000000000000000	00010000000001100000
0000000000000000000	0000000010000000100	00000000000000	000000000000000	100000000100010	00000000000001100001
0000000000000000000	0000000000000000000	00000000000000	011000000000000	000000000000000	00000000100000000100
0000000000000000000	0000000000000000000	00000000000000	011000000000000	001000000000000	00000000100000000100
1000000000000000000	0000000000000000000	00000000000000	000000000000000	010000010000000	10001001000000000000
0000000000001000000	0000000010000000000	00000000000000	000010000000000	000010000000100	00000000000001100000
0000000000000000000	0000000000000000000	00000000000000	011000000000000	000000000000000	00000000100000000100
1000000000000000000	0000000000000000000	00000000000000	000000000000000	010000000000000	10001001000000000000
0000000000000000010	0000000000000000000	00000000000000	000000000000000	000000000000000	00000000000000000000
0000000000000000000	0000000010000000000	00000000000000	000001000000000	000000000000000	00010000000001100000
1000000000000000000	0000000000000100000	00000000000000	000000000000000	010000000000000	10001001000000000000
