00100000000000	000000000000000000	010100001000	000000100	00001000000001000000000	00000000000000
00100000000000	000000000000000000	010100001000	000000100	00001000000001000000010	00000000000000
00000000000001	000000000000000000	000000000000	000000000	00000000000000000000000	00000000000000
00000000000000	000000000000000000	000000000000	000000000	00010000000000000000000	00000000000000
00100000000000	000000000000000000	010100001000	000000100	00001000000001000000000	00000000000000
00000000000000	000000000000000000	000000000000	000000000	10000000000000000000000	00000000000000
00000000000000	000000000000000000	000000000000	000000001	00000000000000000000000	00000000000000
00000000000000	000000001000000000	001000000000	000000000	00000000000010000000000	00000000000100
00000000000010	000001000000000000	000000000010	000000000	00000000000000000010000	01000000000001
00000000000000	000000000000000000	000000000000	000000000	00000000000000000001000	00000000000000
00100000000000	000000000000000000	010000001000	000000100	00000000000001010000000	00010000000000
00100000000000	000000000000000000	110100001000	000000100	00001000000001000000000	00000000000000
00100000000000	000000000000100000	010000001001	000100100	00000001000000000000000	00100000001000
10000000010000	000000000000000000	000001000100	010000000	00000000000000000000100	00001100000000
00100000000000	000000000000000000	010100001000	000000100	00001000000001000000000	00000000000000
00100000000000	000000000000000000	010100001000	000010100	00001000000001000000000	00000000000000
00100000000000	000000000000000000	010100001000	000000100	00001000000001000000000	00000000000000
00000000000000	000000000000000000	000000000000	000000000	00000000000000000001000	00000000000000
00000000000000	000000000001000000	000000000000	000000000	00000000100000000000000	00000000000000
00000000000001	000100000000000000	000000000000	000000000	00000000000000000000000	00000000000000
10000000010000	000000000000000000	000001000100	010000000	00000000000000000000100	00001100000000
00000000000000	000000000010001000	000001000000	010000000	00000000000000000000000	00001000100000
00100000000000	000000000000000000	110100001000	000000100	00001000000001000000000	00000000000000
00000000000010	000001000000000000	000000000010	000000000	00000000000000000010000	00000010000001
01000010000000	000010000000000010	000000000000	000000000	00000000000000000000000	00000000000000
00000000000001	000100000000000000	000000000000	000000000	00000000000000000000000	00000000000000
00100000000000	000000000000000000	010000001000	000000000	00000000000000000000000	00000000000000
00100000000000	000000000000100000	010000001001	000100100	00000001000000000000000	00100000001000
00000000000000	000000000000000000	000000000000	000000000	00000000000000000000000	00000000000000
00000000000000	000000000000000000	000000000000	000000000	00000000000000000000000	00000000000000
00000000000010	000001000000000000	000000000010	000000000	00000000000000000010000	00000000000001
00100000000000	000000000000000000	010100001000	000000100	00001000000001000000010	00000000000000
00100000000000	000000000000100001	010000001001	000100100	00000001000000000000000	00100000001010
00000000000010	000001000000000100	000000000010	000000000	00000000000000000010000	00000000000000
00110000000000	000000000000000000	010000001000	000000100	00000000000001010000000	00000000000000
00000000000000	000000000000000000	000000000000	000000000	00000000000000000000000	00000000000000
00100000000000	000000000000000000	010100001000	000000100	00001000000001000000000	00000000000000
00100000100000	000000000000000000	010100001000	000000100	00001000000001000000000	00000001000000
00000000000000	000000000000000000	000000000000	000000000	00000000000000000000000	00000000000000
00100000000000	000000000000000000	010100001000	000000100	00001000000001000000000	00000000000000
00000000000000	000000000000000000	000000000000	000000000	00000000000000000001000	00000000000000
00000000000001	000000000000000000	000000000000	000000000	00000000000000000000001	00000000000000
00000000000001	000000000000000000	000000000000	000000000	00000000000000000000000	00000000000000
00000000000000	000000000000000000	000000000000	000000000	00000000000000000000000	00000000000000
00000001000001	000100000000000000	000000000000	000000000	00000000000000001000000	00000000000000
00000000000000	000000000000000000	000000000000	000000000	00000000000000000000000	00000000000000
00000000000000	000000000000000000	000000000000	000000000	00000000000000000000000	00000000000000
00100000000000	000000000000000000	010000001000	000000100	00000000000001010000000	00000000000000
00100000000000	000000000000000000	010100001000	000000100	00001000000001000000000	00000000000000
00000000000010	000001000000000000	000000000010	000000000	00000000000000000010000	00000010000001
00100000000000	000000000000100001	010000001001	000100100	00000001000000000000000	00100000001010
00000000000000	000000001000000000	001000000000	000000000	00000000000010000000000	00000000000100
01000010000000	000010000000000010	000000000000	000000000	00000000000000000000000	00000000000000
00000000000000	001000100000000000	000000100000	000000000	00000000000000000000000	00000000000000
00000000000000	000000000001000000	000000000000	000000010	00000000100000000000000	00000000000000
00000000000000	000000000001000000	000000000000	000000000	00000000100000000000000	00000000000000
00100000000000	000000000000000000	010100001000	000000100	00001000000001000000000	00000000000000
00000000000001	000100000000000000	000000000000	000000000	00000000000000000000000	00000000000000
00000000000000	000000000000000000	000000000000	000000001	00000000000000000000000	00000000000000
00100000000000	000000000000000000	010100001000	000000100	00001000000001000000010	00000000000000
00100000000000	000000000000000000	010000001000	000000100	00000000000001010000000	00010000000000
00100000000000	000000000000000000	010000001000	000000100	00000100000001000100000	00000000000000
00000000000000	000000000000000000	000000000000	000000000	01000000000000000000000	00000000000000
00100000000000	000000000000000000	010000001000	000000100	00000000000001010000000	00010000000000
00100000000000	000000000000000000	010000001000	000000000	00000000000000000000000	00000000000000
00000001000001	000100000000000000	000000000000	000000000	00000000000000000000000	00000000000000
00000000000000	000000000000000000	000000000000	000000000	00000000000000000000000	00000000000000
00100000000000	000000000000000000	010000001000	000000100	00000000000001000000000	00000000000000
00000000000000	000000000000000000	000000000000	000000000	00000000000000000000000	10000000000000
00000000000010	000001000000000100	000000000010	000000000	00000000000000000010000	00000000000000
00000000000010	000001000000000000	000000000010	000000000	00000000000000000010000	00000000000001
00000000000000	000000000000000000	000000000000	000000000	10000000000000000000000	00000000000000
01000010000000	000010000000000010	000000000000	000000000	00000000000000000000000	00000000000000
00000000000000	000000000000000000	000000000000	000000000	00000010000000000000000	00000000000000
00000000000000	000000000000000000	000000000000	000000000	00000000000000000000000	00000000000000
00110000000000	000000000000000000	010000001000	000000100	00000000000001010000000	00000000000000
00100000000000	000000000000000000	010000001000	000000100	00000000000001010000000	00010000000000
00000000000000	000000000000000000	000010000000	000000000	00000000000000000000000	00000000000000
00100000000000	000000000000000000	010100001000	000000100	00001000000001000000000	00000000000000
00000000000000	000000000000000000	000000000000	000000000	00000000000000000000000	00000000000000
00000000000000	000000000000000000	000000000000	000000000	00010000000000000000000	00000000000000
00100000000000	000000000000000000	010100001000	000000100	00001000000001000000000	00000000000000
00000000000000	000000000000000000	000000000000	000000000	00000000000000000001000	00000000000000
00000000000010	000001000000000000	000000000010	000000000	00000000001000000010000	00000000000000
00100000100000	000000000000000000	010100001000	000000100	00001000000001000000000	00000001000000
00000000000000	000000000000000000	000000000000	000000000	00000000000000000000000	00000000000000
00000000000010	000001000000000000	000000000010	000000000	00000000000000000010000	00000000010001
00000000000000	100000000000000000	000000000000	000000000	00000000000000100000000	00000000000000
00000000000000	000000000000000000	000000010000	000000000	00000000000000000000000	00000000000000
00100000000100	000000000000000000	010100001000	000000100	00001000000001000000000	00000000000000
00000000000000	000000000000000000	000000000000	000000000	00000000000000000000000	00000000000000
00000100001000	000000000000000000	000000000000	000000000	00000000000000000000000	00000000000100
00000000000000	001000100000000000	000000100000	000000000	00000000000000000000000	00000000000000
00000000000001	000100000000000000	000000000000	000000000	00000000000000000000000	00000000000000
00100000000000	000000000000000000	010000001000	000000000	00000000000000000000000	00000000000000
00000000000000	000000000000000000	000000000000	000000000	00000000000000000000000	00000000000000
00000000000010	000001000000000000	000000000010	000000000	00000000000000000010000	01000000000001
00000000000001	000000000000000000	000000000000	000000000	00100000000000000000000	00000000000000
00000000000000	000000000000000000	000000000000	000000000	00000000000000000001000	00000000000000
00000000000000	000000000010001000	000001000000	010000000	00000000000000000000000	00001000000000
00000000000000	000000000000000000	000000000000	000000000	00000000000000000000000	00000000000000
00100000000000	000000000000000000	010100001000	000000100	00001000000001000000000	00000000000000
00000000000010	000001000000000000	000000000010	000000000	00000000000000000010000	00000000000001
00000000000000	000000000000000000	000000000000	000000000	00000000000000000000000	00000000000000
00000000000000	000000001000000000	001000000000	000000000	00000000000010000000000	00000000000100
00110000000000	000000000000000000	010000001000	000000100	00000000000001010000000	00000000000000
00000000000010	000001000000000000	000000000010	100000000	00000000000100000010000	00000000000000
00000000000001	000000000000000000	000000000000	000000000	00000000000000000000000	00000000000000
00100000000000	000000010000000000	010000001000	000000100	00000000000001010000000	00000000000000
00100000000000	000000000000000000	010100001000	000000100	00001000000001000000000	00000000000000
00000000000000	000000000000000000	000000000000	000000000	00010000000000000000000	00000000000000
00000000000000	000000001000000000	001000000000	000000000	00000000000010000000000	00000000000100
00000000000000	000000000001000000	000000000000	000000000	00000000100000000000000	00000000000000
01000010000000	010010000000000010	000000000000	000000000	00000000000000000000000	00000000000000
00001000000000	000000000000010000	000000000000	000000000	00000000010000000000000	00000000000100
00000000000000	000000000000000000	000000000000	000000000	00000000000000000000000	00000000000000
00000000000000	000000000000000000	000000000000	000000000	00000000000000000000000	00000000000000
00100000000100	000000000000000000	010100001000	000000100	00001000000001000000000	00000000000000
00110000000000	000000000000000000	010000001000	000000100	00000000000001010000000	00000000000000
10000000010000	000000000000000000	000001000100	010000000	00000000000000000000100	00001100000000
00100000000000	000000000000000000	010100001000	000000100	00001000000001000000000	00000000000000
00000000000000	000000000001000000	000000000000	000000000	00000000100000000000000	00000000000000
00100000000000	000000000000000000	010000001000	000000100	00000000000001010000000	00010000000000
00100000000000	000000000000100001	010000001001	000100100	00000001000000000000000	00100000001010
00000000000000	000000001000000000	001000000000	000000000	00000000000010000000000	00000000000100
00000000000010	000001000000000000	000000000010	000000000	00000000000000000010000	00000000000001
00000000000010	000001000000000000	000000000010	000000000	00000000000000000010000	00000000000001
00000000000000	000000000000000000	000000000000	000000000	00000010000000000000000	00000000000000
00000000000001	000000000000000000	000000000000	000000000	00000000000000000000000	00000000000000
00100000000000	000000000000000000	010100001000	000000100	00001000000001000000000	00000000000000
00000000000010	000001000000000000	000000000010	000000000	00000000000000000010000	00000000000001
00000000000001	000100000100000000	000000000000	000000000	00000000000000000000000	00000000000000
00000000000010	000001000000000000	000000000010	000000000	00000000000000000010000	00000000000001
00000000000000	000000000000000000	000000000000	000000000	00000010000000000000000	00000000000000
00000000000000	000000000000000000	000000000000	001001000	00000000000000000000000	00000000000000
00100000000100	000000000000000000	010100001000	000000100	00001000000001000000000	00000000000000
00100000000000	000000000000000000	010000001000	000000000	00000000000000000000000	00000000000000
00000000000010	000001000000000000	000000000010	000000000	00000000000000000010000	00000000000001
00000000000000	000000000000000000	000000000000	000000000	00000000000000000000000	00000000000000
00000000000000	000000000000000000	000000000000	000000000	00000000000000000000000	00000000000000
00000000000000	000000000000000000	000000000000	000000000	10000000000000000000000	00000000000000
00000000000000	000000000000000000	000000000000	000000000	00000000000000000000000	10000000000000
00000000000001	000100000100000000	000000000000	000000000	00000000000000000000000	00000000000000
00110000000000	000000000000000000	010000001000	000000100	00000000000001010000000	00000000000000
00001000000000	000000000000010000	000000000000	000000000	00000000010000000000000	00000000000100
00000000000010	000001000000000000	000000000010	100000000	00000000000100000010000	00000000000000
00110000000000	000000000000000000	010000001000	000000100	00000000000001010000000	00000000000000
00100000000000	000000000000000000	010100001000	000000100	00001000000001000000010	00000000000000
00000000000001	000100000000000000	000000000000	000000000	00000000000000000000000	00000000000000
00000000000010	000001000000000000	000000000010	000000000	00000000000000000010000	00000000000001
