01000000000000000	0000000001000	0001000000	000000000000000000000000	000000000000000	00000000100000000000
01000000000001000	0000000000001	0010000000	000000000000000000000000	100000000000000	00010000000000000000
01000000000000000	0000000000001	0000000000	000000000000000000000000	100000100000000	00010000000000000000
00000000000000000	0000000100000	0000000000	000000000000000000000010	011000000000000	00000000000000001000
00000000000000000	0000000000000	1000000000	000100000000000000000010	000000000000000	00000000000000001000
00000010000000000	0000000000000	1000000000	000100000000000000000010	000000000000000	00000000000000001000
00000000000000000	0000000000000	0000000000	000000000000000000000010	011000000000000	00000000000000001000
00000000000000000	0000000000000	0000000000	000000000000100000000010	000000000000000	00000000000000001000
01000000000000000	0000000000001	0000000000	000000000000000000000000	100000000000000	00010000000000000000
00000000000000000	0000000000000	0000001000	100000001000000000000000	000000000000000	00000000000000000001
00000000000010000	0100010000000	0000000100	000000000000000000000010	000000000000000	00000000000110001000
00000000000010000	0100010000000	0000000100	000000000000000000000010	000000000000000	00000000000110001000
00000010000000000	0000000000000	1000000000	000100000000000000000010	000000000000000	00000000000000001000
00000010000000000	0000000000000	1000000000	000100000000000000000010	000000000000000	00000000000000001000
00000000000100000	0000000000000	1000000000	000100000000000000000010	000000000000000	00000000000000001000
00000000000000000	0000000000000	0000001000	100000000000000000000000	000000000000000	00000000000000000001
00000000000000000	0000000000000	1000000000	000100000000000000000010	000000000000000	00000001000000001000
01000001000000000	0000000001000	0000000000	000000000000000000000000	000000000000000	00000000100000000000
01000000000000000	0000000001000	0000010000	000000000000010000000000	000000010000000	10000000100000000000
00000000000000000	0001100000000	0000000000	000000000000000000000000	000001000000000	00000000000000000000
00000010000000000	0000000000000	1000000000	000100000000000000000010	000000000000000	00000000000000001000
00000000000000000	0000000000000	0000001000	100000000000000000000000	000000000000000	00000000000000000001
00000000000000000	0000000000000	1000000000	000100000000000000000010	000000000000000	00000001000000001000
00000000000000000	0000000000000	0000000000	000000000000100000000010	000000000000000	00000000000000001000
00000000000000000	0000000000000	0000001000	100000000000000000000000	000000000000000	00000000000000000001
00000000000000001	0000000000000	0000000000	000000000000100000000010	000000000000000	00000000000000001000
01000000000000000	0000000001000	0000000000	000000000000010000000000	000000010000000	10000000100000000000
00000000000000000	0000000000000	0000001000	100000000000000000000000	000000000000000	00000000000000000001
00000000000000000	0000000000000	0000000000	000000000000100000000010	000000000000000	00000000000000001000
00000000000000000	0000000000010	1000000000	000100000000000010001010	000000000000000	00000000000000001000
00000000000000000	0000000000000	0000000000	000000000000000000000010	011000000000000	00000000000000001000
00000000000000000	0000000000000	0000000000	000000000000000000000010	000000000000000	00000000000110001000
00000000000000100	0001100000000	0000000000	000000000000000100000000	000001000000000	00000000010000000000
00000010000000000	0000000000000	1000000000	000100000000000000000010	000000000000000	00000000000000001000
00000000000000000	0001100000000	0000000000	000000000000000100000000	000001000000000	00000000010000000000
00000000000000000	0000000000000	0000000000	000000000001100000000010	000000000000000	00000000000000001000
00010000000000000	0000000000000	0000000000	000000000000001001000001	000000000101000	00000000000000000000
00000000000000000	0001100000000	0000000000	000000000000000000000000	000001000000000	00000000000000000000
00000000000100000	0000000000000	1000000000	000110000000000000100010	000000000000000	00000000000000001000
01000000000000000	0000000000000	0000000000	000000000000000000010000	100000000000000	00100000000000000000
00000000000000000	0010000000000	0000000000	000000000000000000000010	000100000000000	01000000000000001000
00000000000000000	0100000000000	0000000100	000000000100000000000010	000000000000000	00000000000110001000
01000000000000000	0000000000000	0000000000	000000000000000000010000	100000000000000	00100000000000000000
00000000000000000	0000000000000	0000000000	000000000000000000000010	000000000000000	00000000000110001000
00000000000000000	0000000000000	0000001000	100000000000000000000000	000000000000000	00000000000000000001
00000000000000000	0000000000000	0000000000	000000000000000000000010	000000000000000	00000000000110001000
01000000000000000	0000000001000	0001000000	000000000000000000000000	000000000000000	00000000100000000000
00000010000000000	0000000000000	1000000001	000100000000000000000110	000000000000000	00000000000000001000
00000000000000000	0001100000000	0000000000	000000000000000100000000	000001000000000	00000000010000000000
00000000000000000	0001100000000	0000000000	000000000000000000000000	000001000000000	00000000000000000000
00000000000000000	0000000000000	0000001000	100000001000000000000000	000000000000000	00000000000000000001
00000010000000000	0000000000000	1000000000	000100000000000000000010	000000000000000	00000000000000001000
00001010000000000	0000000000000	1000000000	000100000000000000000010	000000000000000	00000000000000001000
01000000000000000	0000000001000	0000010000	000000000000010000000000	000000010000000	10000000100000000000
00000000000000000	0000000000000	1000000000	000100000000000000000010	000000000000000	00000000000000001000
00000000000000000	0001100010000	0000000000	000000000000000100000000	000001000000000	00000000010001000010
00000000000000000	0000000000000	0000000000	000000000000100000000010	000000000000000	00000000000000001000
00000000000000000	0001100000000	0000000000	000000000000000100000000	000001000000000	00000000010000000000
00000000000000000	0001100000000	0000000000	000000000000000000000000	000001000000000	00000000000000000000
00000000000000000	0001100000000	0000000000	000000000000000000000000	000001000000000	00000000000000000000
00000010000000000	0000000000000	1000000001	000100000000000000000010	000000000000000	00000000000000001000
00000000000000000	0001100000000	0000000000	000000000000000100000000	000001000000000	00000000010000000000
01000000000000000	0000000000000	0000000000	000000000000000000000000	100000000000000	00000000000000000000
00000000000000000	0001100000000	0000000000	000000000000000000000000	000001000000000	00000000000000000000
00000010000000000	0000000000000	1000000000	000100000000000000000010	000000000000000	00000000001000001000
00000000000000000	0000000000000	1000000000	000100000000000000000010	000000000000000	00000000000000001000
00000000000000000	0000000000000	0000000000	000000000001100000000010	000000000000000	00000000000000001000
00000010000000000	0000000000000	1000000000	000100000000000000000010	000000000000000	00000000000000001000
00000010000000000	0000000000000	1000000000	000100000000000000000010	000000000000000	00000000000000001000
00000000000000000	0001100000000	0000000000	000000000000000000000000	000001000000000	00000000000000000000
00000010000000000	0000001000000	1000000000	011100000000000000000010	000000000000000	00000000000000001000
00000000000000000	0000000000000	1000000010	000100000000000000000010	000000000000000	00000000000000001000
00010000000000000	0000000000000	0000000000	000000000000001001000001	000000001101000	00000000000000000000
00000000000000000	0000000000000	1000100000	000100000000000000000010	000000000000000	00000000000000001000
00000000000000000	0000000000000	1000000000	000100000000000000000010	000000000000000	00000000000000001000
10000000010000000	1000000000000	0100000000	000000000000000000000000	000000000000010	00000100000000000000
01000000000000000	0000000000001	0000000000	000000000000000000000000	100000000000100	00010000000000000000
00000000000000000	0001100000000	0000000000	000000000000000000000000	000001000000000	00000000000000000000
00000000000100000	0000000000000	1000000000	000110000000000000100010	000000000000000	00000000000000001000
01000000000000000	0000000001000	0000000000	000000000000010000000000	000000010000000	10000000100000000000
00000000000000000	0000000000000	0000000000	000000000000100000000010	000000000000000	00000000000000001000
00000000000100000	0000000000000	1000000000	000100000000000000000010	000000000000000	00000000000000001100
01000001000000000	0000000001000	0000000000	000000000000000000000000	000000000000000	00000000100000010000
00000000000000000	0000000000000	0000001000	100000000000000000000000	000000000000000	00000000000000000001
00000010000000000	0000000000000	1000000000	000100000000000000000010	000000000000000	00000000000000001000
00000010000000000	0000000000000	1000000000	000101000000000000000010	000000000000000	00000000000000001000
00000000000000000	0000000000000	0000000000	000000000000000000000010	000100000000000	00000000000000001000
00000010000000010	0000000000000	1000000000	000100000000000000000010	000010000000000	00000000000000001000
00000000000000000	0000000000000	0000000000	000000000000100000000010	000000000000000	00000000000000001000
01000000000000000	0000000000001	0000000000	000000000000000000000000	100000000000000	00010000000000000000
01000000000000000	0000000001000	0001000000	000000000000000000000000	000000000000000	00000000100000000000
00000000000000000	0000000000010	1000000000	000100000000000010001010	000000000000000	00000000000000001000
00000000000000000	0000000000000	0000001000	100000000000000000000000	000000000000000	00000000000000000001
00000000000000000	0001100000000	0000000000	000000000000000000000000	000001000000000	00000000000000000000
00000010000000000	0000000000000	1000000000	000100000000000000000010	000000000000000	00000000000000001000
00000000000100000	0000000000000	1000000000	000100000000000000000010	000000000000000	00000000000000001000
10100000000000000	1000000000000	0000000000	000000000000000000000000	000000000000000	00000000000000100000
00000010000000000	0000000000000	1000000000	000101000000000000000010	000000000000000	00000000000000001000
01000000000000000	0000000001000	0001000000	000000000000000000000000	000000000000000	00000000100000000000
00000000000000000	0000000000000	0000001000	100000000000000000000000	000000000000000	00000000000000000001
01000001000000000	0000000001000	0000000000	000000000000000000000000	000000000000000	00000000100000010000
00000000100000000	0001100000000	0000000000	000000000000000100000000	000001000000000	00000000010000000000
00000000000000000	0000000000000	0000000000	000000000001100000000010	000000000000000	00000000000000001000
01000000000000000	0000000000001	0000000000	000000000000000000000000	100000000000000	00010000000000000000
00000000000000000	0001100000000	0000000000	000000000000000100000000	000001000000000	00000000010000000000
01000000000000000	0000000000000	0000000000	000000000000000000000000	100000000000000	00000000000000000000
01000000000000000	0000000001000	0000010000	000000000000010000000000	000000010000000	10000000100000000000
01000000000000000	0000000000001	0000000000	000000000000000000000000	100000000000100	00010010000000000000
00000010000000000	0000001000000	1000000000	011100000000000000000010	000000000000000	00000000000000001000
01000000000000000	0000000000001	0000000000	000000000000000000000000	100000000000000	00010000000000000000
00000000000000000	0000000000000	0000001000	100000100000000000000000	000000000000000	00000000000000000001
00000000000000000	0000000000000	0000000000	000000000000000000000010	000000000000000	00000000000110001000
00000000000000000	0000000000000	0000001000	100000000000000000000000	000000000000000	00000000000000000001
00010000000000000	0000000000100	0000000000	000000000000001001000001	000000000101000	00000000000000000000
00000010000000000	0000000000000	1000000000	000100000000000000000010	000000000000000	00000000000000001000
00000000000000000	0001100000000	0000000000	000000000000000100000000	000001000000000	00000000010000000000
00010000000000000	0000000000000	0000000000	000000000000001001000001	000000000101000	00000000000000000000
01000000000000000	0000000000001	0000000000	000000000000000000000000	100000000000000	00010000000000000000
00000000000000000	0000000000010	1000000000	000100000000000010001010	000000000000000	00000000000000001000
00000000000000000	0000000000000	1000000000	000100000000000000000010	000000000000000	00000001000000001000
00010000000000000	0000000000000	0000000000	000000000000001001000001	000000001101000	00000000000000000000
00000010000000000	0000000000000	1000000000	000101000000000000000010	000000000000000	00000000000000001000
00000000000000000	0001100000000	0000000000	000000010010000100000000	000001000000000	00000000010000000000
00000000000000000	0000000000000	0000000000	000000000000000000000010	011000000000000	00000000000000001000
00000010000000000	0000000000000	1000000000	000100000000000000000010	000000000000000	00000000000000001000
00000000000000000	0000000000000	0000000000	000000000000000000000010	000100000000000	00000000000000001000
00000010000000000	0000000000000	1000000000	000100000000000000000010	000000000010000	00000000000000001000
00000010000000010	0000000000000	1000000000	000100000000000000000010	000010000000000	00000000000000001000
01000001000000000	0000000001000	0000000000	000000000000000000000000	000000000000000	00000000100000000000
00000010000000000	0000001000000	1000000000	011100000000000000000010	000000000000000	00000000000000001000
01000000000001000	0000000000001	0010000000	000000000000000000000000	100000000000001	00010000000000000000
01000000000000000	0000000000001	0000000000	000000000000000000000000	100000000000000	00010000000000000000
00000000000000000	0000000000000	1000000000	000100000000000000000010	000000000000000	00000001000000001000
00000000000000000	0000000000010	1000000000	000100000000000010001010	000000000000000	00000000000000001000
00000000000000000	0000000000000	0000000000	000000000000000000000010	000000000000000	00000000000110001000
00000000000000000	0000000000000	0000000000	000000000000000000000010	000100000000000	00000000000000001000
00010000000000000	0000000000000	0000000000	000000000000001001000001	000000001101000	00000000000000000000
00000000000000000	0000000000000	0000000000	000000000000000000000010	000100000000000	00000000000000001000
00000000000000000	0000000000000	1000000000	000100000000000000000010	000000000000000	00000000000000001000
00000000000000000	0000000000000	1000000000	000100000000000000000010	000000000000000	00001000000000001000
00010100000000000	0000000000000	0000000000	000000000000001001000001	000000001101000	00000000000000000000
01000000000000000	0000000000001	0000000000	000000000000000000000000	100000000000000	00010000000000000000
00000000000000000	0001100000000	0000000000	000000000000000100000000	000001000000000	00000000010000000000
00010100000000000	0000000000000	0000000000	000000000000001001000001	000000001101000	00000000000000000000
00000010000000000	0000001000000	1000000000	011100000000000000000010	000000000000000	00000000000000001000
00000000001000000	0000000000000	0000000000	000000000000000000000010	000000000000000	00000000000110001000
00000000000000000	0100000000000	0000000100	000000000100000000000010	000000000000000	00000000000110001000
00000010000000000	0000000000000	1000000000	000100000000000000000010	000000000000000	00000000000000001000
01000000000001000	0000000000001	0010000000	000000000000000000000000	100000000000000	00010000000000000000
00000010000000000	0000000000000	1000000000	000100000000000000000010	000000000000000	00000000000000001000
