000100100	000000000000000000	00000000000	0000000000000000	00000000001	000000000000
000000101	000000000000000001	00010000100	0000010000100001	00000000000	001000000000
000000100	000000000010000010	00000000000	0000000000000000	10000000001	000000000010
000100100	000000000000000000	00000000000	0000000000000000	00000000001	000000000000
000000100	000000000000000001	00010000100	0010010000100001	00000000000	001000000000
000100100	000000000000000000	00000000000	0000000000000000	00000000001	000000000000
000000100	000000000000000000	00000000000	0000000000000000	00000001001	110000000010
000000101	000000000100000001	00010000100	0000010000100001	00000000000	001000000000
000000100	000100000001000001	00010000000	0000000000100001	00000000000	001001000001
000000100	000010000000000000	00000000000	0000000000000000	00000000001	000000000000
000100100	000000000000000000	00000000000	0000000000000000	00000000001	000000000000
000000100	000000000000000001	00010000101	0000010000100001	00000010000	001000000000
000100100	000000000000000000	00000000000	0000000000000000	00000000001	000010000000
000000100	000010000000000000	00000000000	0000000000000000	00000000001	000000000000
000010000	001000000000100100	01001000000	0000000000000000	00000000000	000000100100
000000100	000000000001000001	00010000000	0001000000100001	00000000000	001001000000
000000101	000000000100000001	00010000100	0000010000100001	00000000000	001000000000
001100100	000000000000000000	00000000000	0000000000000000	00000000101	000000000000
000100100	000000000000000000	00000000000	0000000000000000	00000000001	000000000000
000100100	000000000000001000	00000000000	0000000000000000	00100000001	000000010000
000000100	000000000000000001	00010000101	0000010000100001	00000010000	001000000000
000010000	001000000000100100	01001000000	0000000000000000	00000000000	000000100100
000100100	000000000000000000	00000000000	0000000000000000	00000000001	000000000000
000000100	000010000000000000	00000000000	0000000000000000	00000000001	000000000000
000000100	000000000000000001	00010000101	0000010000100001	00000010000	001000000000
000000100	000000000010000010	00000000000	0000100000000000	00000000001	000000000010
000100100	000000010000000000	00000000000	0000000000000000	00000000001	000000000000
000000100	000100000001000001	00010000000	0000000000100001	00000000000	001001000001
001100100	000000000000000000	00000000000	0000000000000000	00000000101	000000000000
000100100	000000000000000000	00000000000	0000000000000000	00000000001	000000000000
000100100	000000000000000000	00000000000	0000000000000000	00000000001	000000000000
000100100	000000000000000000	00000000000	0000000000000000	00000000001	000000000000
000100100	000000000000000000	00000000000	0000000000000000	00000000001	000000000000
000000100	000000000000000001	00010000101	0000010000100001	00000010000	001000000000
000000100	000010000000000000	00000000000	0000000000000000	00000000001	000000000000
000000100	000000000010000010	00000000000	0000100000000000	00000000001	000000000010
000000100	000000000010000010	00000000000	0000000001000000	00000000001	000000000010
000000100	000000000000000001	00010000101	0000010000100001	00000010000	001000000000
000000100	000010000000000000	00000000000	0000000000000000	00000000001	000000000000
000000100	000010000000000000	00000000000	0000000000000000	00000000001	000000000000
000000100	000000000000000001	00010000101	0000010000100001	00000010000	001000000000
000000101	000000000100000001	00010000100	0000010000100001	00000000000	001000000000
000000101	000000000100000001	00010000100	0000010000100001	00000000000	001000000000
000100100	000000000000000000	00000000000	0000000000000000	00000000001	000000000000
000100100	000000000000000000	00000000000	0000001000000000	00000000001	000000000000
000000100	000000000000000001	00010000101	0000010000100001	00000010000	001000000000
000000100	000000000000000001	00010000101	0000010000100001	00000010000	001000000000
100000100	010001001000000000	00100000000	0000000000000000	00010000001	000000000000
000000100	000010000000000000	00000000000	0000000000000000	00000000001	000000000000
000000101	000000000100000001	00010000100	0000010000100001	00000000000	001000000000
000000100	000000000001000001	00010000000	0000000000100001	00000000000	001001000000
001100100	000000000000000000	00000000000	0000000000000000	00000000001	000000000000
000100100	000000000000000000	00000000000	0000000000000000	00000000001	000000000000
000000100	000010000000000000	00000000000	0000000000000000	00000000001	000000000000
000000100	000000000010000010	00000000000	0000000001000000	00000000001	000000000010
000100100	000000000000000000	00000000000	0000000000000000	00000000001	000000000000
000100100	000000000000000000	00000000000	0000000000000000	00000000001	000010000000
000100100	000000000000000000	00000001000	0000000000000000	00000000001	000000000000
000000100	000100000001000001	00010000000	0000000000100001	00000000000	001001000001
000000100	000000000001000001	00010000000	0000000000100001	00000000000	001001000000
000010000	001000000000100100	01001000000	0000000000000000	00000000000	000000100100
000000100	000010000000000000	00000000000	0000000000000000	00000000001	000000000000
000000101	000000000100000001	00010000100	0000010000100001	00000000000	001000000000
000000010	000000000000010000	10000000000	0100000100000000	00000000000	000000000000
000100100	000000000000000000	00000000000	0000000000000000	00000000001	000000000000
000100100	000000000000000000	00000000000	0000000000000000	00000000001	000000000000
001100100	000000000000000000	00000000000	0000000000000000	00000000001	000000000000
000100100	000000000000000000	00000000000	0000000000000000	00000100001	000000000000
000000100	000010000000000000	00000000000	0000000000000000	00000000001	000000000000
000000100	000000000001000001	00010000000	0000000000100001	00000000000	001001000000
000000101	000000000100000001	00010000100	0000010000100001	00000000000	001000000000
000100100	000000000000000000	00000000000	0000000000000000	00000000001	000000000000
000000101	000000000100000001	00010000100	0000010000100001	00000000000	001000000000
000000100	000000000001000001	00010000000	0000000000100001	00000000000	001001000000
000000100	000000000000000000	00000000000	0000000000000000	00000001001	110000000010
000001100	000010000000000000	00000000000	0000000000000000	00000000011	000000000000
000100100	000000000000000000	00000000000	0000000010000000	00000000001	000000000000
000100100	000000000000000000	00000100000	0000000000000000	00000000001	000000000000
000000101	000000000100000001	00010000100	0000010000100001	00000000000	001000000000
001100100	000000000000000000	00000000000	1000000000001000	00000000001	000000000000
000000100	000000000000000001	00010000100	0010010000100001	00000000000	001000000000
000000100	000000000000000000	00000000000	0000000000000000	01000000001	000000000000
000000100	000000000000000000	00000000000	0000000000000000	00001000001	000000000000
000100100	000000000000000000	00000000000	0000000000000000	00000000001	000000000000
000100100	000000000000000000	00000000000	0000000000000000	00000000001	000000000000
000000101	000000000100000001	00010000100	0000010000100001	00000000000	001000000000
000100100	000000100000000000	00000000000	0000000000000000	00000000001	000000000000
000000100	000000000000000001	00010000100	0010010000100001	00000000000	001000000000
000000010	000000000000010000	10000000000	0100000100000000	00000000000	000000000000
000100100	000000000000000000	00000000000	0000000000000000	00000000001	000000000000
000100100	000000000000000000	00000000000	0000000000000000	00000000001	000000000000
000100100	000000000000000000	00000100000	0000000000000000	00000000001	000000000000
000000100	000000000001000001	00010000000	0000000000100001	00000000000	001001000000
010000100	000100000001000001	00010000000	0000000000100001	00000000000	001001000000
001100100	000000000000000000	00000000000	0000000000000000	00000000001	000000000000
000000100	000010000000000000	00000000000	0000000000000000	00000000001	000000000000
000100100	000000000000000000	00000000000	0000000000000010	00000000001	000000000000
000000100	000000000000000001	00010000101	0000010000100001	00000010000	001000000000
000100100	000000000000000000	00000000000	0000000000000000	00000000001	000010000000
000000101	000000000100000001	00010000100	0000010000100001	00000000000	001000000000
000000101	000000000000000001	00010000100	0000010000100001	00000000000	001000000000
000010000	001000000000100100	01001000000	0000000000000100	00000000000	000000100100
000000101	000000000100000001	00010000100	0000010000100001	00000000000	001000000000
000000100	000000000000000000	00000000000	0000000000000000	00000001001	110000000010
000000100	000000000000000001	00010000100	0010010000100001	00000000000	001000000000
000000100	000000000000000001	00010000100	0010010000100001	00000000000	001000000000
000000100	000000000000000000	00000000000	0000000000000000	00000001001	110000000010
001100100	000000000000000000	00000000000	0000000000000000	00000000101	000000000000
000000100	000000000001000001	00010000000	0001000000100001	00000000000	001001000000
000000100	000000000010000010	00000000000	0000000000000000	00000000001	000000000010
000000100	000000000000000001	00010000101	0000010000100001	00000010000	001000000000
000000101	000000000100000001	00010000100	0000010000100001	00000000000	001000000000
000000010	000000000000010000	10000000000	0100000100010000	00000000000	000000001000
000000100	000000000000000001	00010000100	0010010000100001	00000000000	001000000000
000000101	000000000100000001	00010000100	0000010000100001	00000000000	001000000000
000000100	100000000010000010	00000000000	0000100000000000	00000000001	000000000010
000000100	000000000001000001	00010000000	0000000000100001	00000000000	001001000000
000000100	000010000000000000	00000000000	0000000000000000	00000000001	000000000000
000100100	000000000000000000	00000000000	0000000000000000	00000000001	000000000000
000000101	000000000000000001	00010000100	0000010000100001	00000000000	001000000000
000000100	000010000000000000	00000000000	0000000000000000	00000000001	000000000000
000100100	000000000000000000	00000000000	0000000000000000	00000000001	000000000000
000000101	000000000100000001	00010000100	0000010000100001	00000000000	001000000000
000000100	000010000000000000	00000000000	0000000000000000	00000000001	000000000000
000010000	001000000000100100	01001000000	0000000000000000	00000000000	000000100100
000000100	000000000000000000	00000010000	0000000000000000	00000001001	110000000010
000000101	000000000000000001	00010000100	0000010000100001	00000000000	001000000000
000000100	000000000000000001	00010000101	0000010000100001	00000010000	001000000000
000000100	000000000000000001	00010000101	0000010000100001	00000010000	001000000000
000000101	000000000000000001	00010000100	0000010000100001	00000000000	001000000000
000000100	000000000000000001	00010000100	0010010000100001	00000000000	001100000000
000100100	000000000000000000	00000000000	0000000000000000	00000000001	000000000000
000000101	000000000100000001	00010000100	0000010000100001	00000000000	001000000000
000000010	000000000000010000	10000000000	0100000100010000	00000000000	000000001000
001100100	000000000000000000	00000000000	0000000000001000	00000000001	000000000000
000100100	000000000000000000	00000000000	0000001000000000	00000000001	000000000000
000010000	001000000000100000	00000000000	0000000000000000	00000000000	000000100000
000100100	000000000000000000	00000000000	0000000000000000	00000000001	000000000000
100000100	010001001000000000	00100000000	0000000000000000	00010000001	000000000000
000000101	000000000000000001	00010000110	0000010000100001	00000000000	001000000000
000100100	000000000000000000	00000000000	0000000000000000	00000000001	000000000000
000100100	000000000000000000	00000000000	0000000010000000	00000000001	000000000000
000000100	000000000001000001	00010000000	0000000000100001	00000000000	001001000000
000000100	000000000000000001	00010000101	0000010000100001	00000010000	001000000000
000100100	000000000000000000	00000000000	0000000000000000	00000000001	000000000000
000000100	000000000000000000	00000000000	0000000000000000	00000001001	110000000010
000000100	000000000001000001	00010000000	0000000000100001	00000000000	001001000000
000000100	000010000000000000	00000000000	0000000000000000	00000000001	000000000000
000000100	000000000010000010	00000000000	0000000000000000	00000000001	000000000010
000000101	000000000000000001	00010000100	0000010000100001	00000000000	001000000000
