00000000000000000000	00001000000000	1000000000	0010000000100100	00000000000001	0000000000000000000
00000000000000000000	00000000000100	1000000000	0000000000100100	00000000000000	0000000000000000000
00000000000100000000	00000000000100	1000000000	0000000000100100	00000000000000	0000000000000000000
00000000000000000000	10001000000000	1000000000	0010000000100100	00000000000001	0000000000000000000
00000000000000010000	00000000000000	0100010000	0000000000000000	00000001000000	0010000000000000001
00000000000000010000	00000000000000	0100010000	0000000000000000	00000001000000	0010000000000000001
00000000000000100000	00000000001000	0000000000	0000000000000000	00000000000000	0000000000000000000
00000000000000000000	00001000000000	1000000000	0010000000100100	00000000000001	0000000000000000000
00000000000000010000	00000000000000	0100010000	0000000000000000	00000001000000	0010000000000000001
00000000000000000000	00001000000000	1000000000	0010000000100100	00000000000001	0000000000000000000
00000000000000000000	00000000000100	1000000000	0000000000100100	00000000000000	0000000000000000000
00000000000000000000	00001000000000	1000000000	0010000000100100	00000000000001	0000000000000000000
00000000000000000000	00001000000000	1000000000	0010000000100100	00000000000001	0000000000000000000
00000000000000000000	00001000000000	1000000000	0010010000100100	00000000000001	0000000000000000000
00000000000000000000	00001000000000	1000000000	0010010000100100	00000000000001	0000000000000000000
00000000010010000000	00000000000000	0000000000	0000000000000000	00000000011000	0000000000000000000
00000000000000000000	00001000000000	1000000000	0010000000100100	00000000000001	0000000000000000000
00000000000000000000	00001000000000	1000000000	0010000000100100	00000000000001	0000000000000000000
00000000010010000000	00000000000000	0000000000	0000000000000000	00000000001000	0000000000000000000
00000000000000000000	00000000000100	1000000000	0000000000100100	00000000000000	0000000000000000000
00000000001000000000	00000000000010	0000000000	0000000010000000	00000000000000	0000000000000000010
00000000000000000000	00001000000000	1000000000	0010000000100100	00000000000001	0000000000000000000
00000000000000000000	00000000000100	1000000000	0000000000100100	00000000000000	0000000000000000000
00000000001000000000	00000000000010	0000001000	0000000010000000	00000000000000	0000000000000000010
00000000000000000000	00000001000010	0001000000	0000000100000000	00010000000000	0000000000000000010
00000000000000100000	00000000001000	0000100000	0000000000000000	00000000000000	1000000000000010000
10000000000000000000	00000001000010	0001000000	0000000100000000	00010000000000	0000000000000000010
00000000000000001000	00000000000000	1000000000	0000000000000000	00000000100100	0000000000000000100
00000001000000000000	00010000000000	1000000010	0001000000100100	00000000000000	0000000001000000000
00000000000000000000	00000000000100	1000000000	0000000000100100	00000000000000	0000010000000000000
00000000000000000000	00001000000000	1000000000	0010000000100100	00000000000001	0000000000000000000
00000000001000000100	00000000000010	0000000000	0000000010000000	00000000000000	0000000000000000010
00000000000000000010	00000100000010	0000000100	0000000000000000	00000000000000	0000101000000000010
00010000000000000000	00000000000000	1000000000	0100000000000000	00000000100100	0000000000000000100
00000000001000000000	00000000000010	0000000000	0000000010000000	00000000000000	0000000000000000010
00000000000000000000	00001000000000	1000000000	0010000000100100	00000000000001	0000000000000000000
00001000000000010000	00000000000000	0100010000	0000000000000000	00000001000000	0010000010001000000
00000000000000000000	00000000000000	1000000000	0000000000000000	00000000100100	0000000000000000100
00000000000000000000	00000000000000	1000000000	0000000000100100	00000000000000	0000000001000000000
00000000000000010000	00000000000000	0100010000	0000000000000000	00000101000000	0010000000000000001
00000000000000000000	00000000000100	1000000000	0000000000100100	00000000000000	0000010000000000000
00000000000000000000	00001000000000	1000000000	0010000000100100	00000000000001	0000000000000000000
00000000000000000000	00000010100000	1000000000	0000000000001000	10000000000000	0000000000000001100
00010000000000000000	00000000000000	1000000000	0100000000000000	00000000100100	0000000000000000100
00000000000000000000	00000001000010	0001000000	0000000100000000	00000000000000	0000000000000000010
00000000000000000000	00000010100000	1000000000	0000000000001000	10000000000000	0000000000000001100
00000000000000010000	00000000000000	0100010000	0000001000000000	00000001000010	0010000000000000000
00000000000000000000	00000010100000	1000000000	0000000000001000	10000000000000	0000000000000001100
00000000000000000000	00000000000000	1000000000	0000000000100100	00000000000000	0000000001000000000
00000000000000000000	00001000000000	1000000000	0010000000100100	00000000000001	0000000000010000000
00001000000000010000	00000000000000	0100010000	0000000000000000	00000001000000	0010000010001000000
00000000000000100000	00000000001000	0000000000	0000000000000000	00000000000000	0000000000000000000
00000000000000000000	00001000000000	1000000000	0010000000100100	00000000000001	0000000000000000000
00000000000000000000	00000000000000	1000000000	0000000000100100	00100000000000	0000000001000000000
00000000000000000000	00001000000000	1000000000	0010010000100100	00000000000001	0000000000000000000
00000000000000000000	00000000000000	1000000000	0000000000100100	00000000000000	0000000001000000000
00000000000000010000	00000000000000	0100010000	0000001000000000	00000001000010	0010000000000000000
00000000000000010000	00000000000000	0100010000	0000001000000000	00000001000010	0010000000000000000
00000000000000100000	00000000001000	0000000000	0000000000000000	00000000000000	0000000000000000000
00000000000001100000	00000000001000	0000000000	0000000000000000	00000000000000	0000000000000000000
00000000000000000000	00000001000010	0001000000	0000000100000000	00010000000000	0000000000000000010
00000000000000000000	00000000000000	1000000000	0000000000000000	00000000100100	0000000000000000100
00000000000000000000	00001000000000	1000000000	0010000000100100	00000000000001	0000000000000000000
00000000000000000000	00000000000000	1000000000	0000000000100100	00000000000000	0000000001000000000
00000000001000000000	00000000000010	0000000000	0000000010000000	00000000000000	0000000000000000010
00000000010010000000	00000000000000	0000000000	0000000000000000	00000000001000	0000000000100000000
00000000000000000000	00000000000000	1000000000	0000000000010000	00000000100100	0000000000000000100
00000000000000000000	00000010100000	1000000000	0000000000001000	10000000000000	0000000000000001100
00000000000000000000	00000000000100	1000000000	0000000000100100	00000000000000	0000000000000000000
00000000001000000100	00000000000010	0000000000	0000000010000000	00000000000000	0000000000000000010
00000000100000100000	00000000001000	0000000000	0000000000000000	00000000000000	0000000000000000000
00000000000000000000	00000000000000	1000000000	0000000001000000	00001000100100	0000000000000000100
00000000001000000000	00000000000010	0000000000	0000000010000000	00000000000000	0000000000000000010
00100000000000010000	00000000000000	0100010000	0000000000000000	00000001000000	0010000010000000000
00000010000000010000	00000000000000	0100010001	0000000000000000	00000001000000	0010000000000000000
00000000000000000000	01000000000100	1000000000	0000000000100100	00000000000000	0000000000000000000
01000000000000010000	00000000000000	0100010000	0000000000000000	00000101000000	0010000000000000001
00000000000000000000	00000000000000	1000000000	0010000000100100	00000000000001	0000000000000000000
00000000000000000000	00000010100000	1000000000	0000000000001000	10000000000000	0000000000000001100
00000000000000000000	00000000000000	0000000000	0000000000000000	00000000000000	0100000000000000000
00000000001000000000	00000000000010	0000000000	0000000010000000	00000000000000	0000000000000000010
00000000000000000000	00000000000000	1000000000	0000000000100100	00000000000000	0000000001000000000
00000000000000010000	00000000000000	0100010000	0000001000000000	00000001000010	0010000000000000000
00000000000000010000	00000000000000	0100010000	0000000000000000	00000101000000	0010000000000000001
00000000000000000000	00001000000000	1000000000	0010000000100100	00000000000001	0000000000000000000
00000000000000000000	00000000000000	1000000000	0000000000100100	00000000000000	0000000001000000000
00000000000000010000	00000000000000	0100010000	0000000000000000	00000001000000	0010000000000000001
00000000000000001000	00000000000000	1000000000	0000000000000000	00000000100100	0000000100000000100
00000000010010000000	00000000000000	0000000000	0000000000000000	00000000011000	0000000000000000000
00010000000000000000	00000000000000	1000000000	0100000000000000	00000000100100	0000000000000000100
00010000000000000000	00000000000000	1000000000	0100000000000000	00000000100100	0000000000000000100
00000100000000000000	00000000000000	1010000000	0000000000010000	00000000100100	0000000000000000100
00000010000000010000	00000000000000	0100010001	0000000000000000	00000001000000	0010000000000000000
00000000000000010000	00000000000000	0100010000	0000000000000000	00000001000000	0010000000000000001
00000000000000010000	00000000000000	0100010000	0000100000000000	00000001000000	0010000000000000001
00000000000000000010	00000100000010	0000000100	0000000000000000	00000000000000	0000101000000000010
00000000000000000000	00000001000010	0001000000	0000000100000000	00000000000000	0000000000000000010
00000000010010000000	00000000000000	0000000000	0000000000000000	00000000001000	0000000000100000000
00000000100000100000	00000000001000	0000000000	0000000000000000	00000000000000	0000000000000000000
00000000000000010000	00000000010000	0100010000	0000000000000000	00000001000000	0010000000000000001
00000000000000000000	00001000000000	1000000000	0010000000100100	00000000000001	0000000000000000000
00000000010010000000	00000000000000	0000000000	0000000000000000	00000000001000	0000000000100000000
00000000000000000000	00000000000000	1000000000	0000000000100100	00000000000000	0000000001000000000
00000000000000000000	00000000000000	1000000000	0000000000100100	00000000000000	0000000001000000000
00100000000000010000	00000000000000	0100010000	0000000000000000	00000001000000	0010000010000000000
00000000000000010000	00000000000000	0100010000	0000000000000000	00000001000000	0010000000000000001
00000000010010000000	00000000000000	0000000000	0000000000000000	00000000001000	0000000000100000000
00000000010010000000	00000000000000	0000000000	0000000000000000	00000000011000	0000000000000000000
00000010000000010000	00000000000000	0100010001	0000000000000000	00000001000000	0010000000000000000
00000000001000000100	00000000000010	0000000000	0000000010000001	00000000000000	0000000000000000010
00000000000000100000	00000000001000	0000000000	0000000000000000	00000000000000	0000000000000000000
00000000000000010000	00000000000000	0100010000	0000001000000000	00000001000010	0010000000000000000
00000000000000000000	00000001000011	0001000000	0000000100000000	00000000000000	0000000000000000010
00000000000000000000	00000000000000	1000000000	0000000000000000	00000000100100	0000000000000000100
00010000000000000000	00000000000000	1000000000	0100000000000000	00000000100100	0000000000000000100
00000000000000000010	00000100000010	0000000100	0000000000000000	00000000000000	0000101000000000010
00000000000000000000	00000000000000	1000000000	0000000000100100	00000000000000	0000000001000000000
00000000010010000000	00000000000000	0000000000	0000000000000000	00000010001000	0000000000000000000
00000000000000010000	00000000000000	0100010000	0000100000000000	00000001000000	0010000000000000001
00000000000000000000	00000000000000	0000000000	0000000000000000	00000000000000	0100000000000000000
00000000001000000000	00000000000010	0000001000	0000000010000000	00000000000000	0000000000000000010
00000000000000001000	00000000000000	1000000000	0000000000000000	00000000100100	0000000000000000100
00000000000000010000	00000000000000	0100010000	0000000000000000	00000001000000	0010000010000100000
00000000001000000100	00000000000010	0000000000	0000000010000000	00000000000000	0000000000000000010
00000000000000010001	00000000000000	0100010000	0000001000000000	00000001000010	0010000000000000000
00000000000000010000	00000000000000	0100010000	0000100000000000	00000001000000	0010000000000000001
00000000001000000000	00100000000010	0000000000	0000000010000000	00000000000000	0000000000000000010
00000000000000010000	00000000000000	0100010000	0000000000000000	00000001000000	0011000000000000001
00000000000000000000	00000000000100	1000000000	0000000000100100	00000000000000	0000010000000000000
00000000000000000000	00000010100000	1000000000	0000000000001000	10000000000000	0000000000000001100
00000000000000010000	00000000000000	0100010000	0000100000000000	00000001000000	0010000000000000001
00000000000000010000	00000000000000	0100010000	0000000000000000	00000101000000	0010000000000000001
00000000000000000000	00000000000100	1000000000	0000000000100100	00000000000000	0000000000000000000
00000000010010000000	00000000000000	0000000000	0000000000000000	00000000001000	0000000000000000000
00000000000000000000	00000000000100	1000000000	0000000000100100	00000000000000	0000000000000000000
00000000000000000000	00000000000100	1000000000	0000000000100100	00000000000000	0000000000000000000
00000000000000100000	00000000001000	0000000000	0000000000000000	00000000000000	0000000000000000000
00000000000000010000	00000000000000	0100010000	0000000000000000	00000001000000	0011000000000000001
00000000000000000000	00000001000011	0001000000	0000000100000000	00000000000000	0000000000000000010
00000000000000001000	00000000000000	1000000000	1000000000000000	00000000100100	0000000000000000100
00000000000000000000	00000000000000	1000000000	0000000000100100	00000000000000	0000000001000000000
00000000000000100000	00000000001000	0000100000	0000000000000000	00000000000000	1000000000000010000
00000000000000000000	00000000000000	1000000000	0000000000100100	00000000000000	0000000001000000000
00000000000000010000	00000000000000	0100010000	0000000000000000	01000001000000	0010000000000000001
00000010000000010000	00000000000000	0100010001	0000000000000000	00000001000000	0010000000000000000
00000000001000000100	00000000000010	0000000000	0000000010000000	00000000000000	0000000000000000010
00000000000000000000	00000000000000	1000000000	0000000000010000	00000000100100	0000000000000000100
00000000000000000000	00000000000000	1000000000	0000000000000010	00000000100100	0000000000000000100
00000000000000010000	00000000000000	0100010000	0000001000000000	00000001000010	0010000000000000000
00000000000000010000	00000000000000	0100010000	0000000000000000	00000001000000	0010000000000000001
