0001000000000000	0000010000	0101000000000	000010001000001000100000	010000100	000000000000
0000000000100000	0000000000	0000000000000	000000000000000010000000	000000000	000000000000
0000000000110000	0000000000	0000000000000	000000000000000000000000	000000000	000000000000
0000000000000000	0000000000	0000100000000	000100000000000000000000	000011010	000000000000
0010000000100000	0000000000	1000000000000	000000000000000000000000	000100000	000000000000
0000000000110000	0000000000	0000000000000	000000000000000000000000	000000000	000000000000
0000000000000000	0010010000	0101000000000	000000000000000000000000	010000000	000000000000
0000000000000000	0000110000	0100000000000	100000000000000000000000	010000000	000000000000
0000000000000000	0000000000	0000100000000	000100000000000000010000	000001010	000000000000
0000000000110100	0000000000	0000000000000	000000000000000000000000	000000000	000000000000
0000000000000000	0000001000	0000000000000	000000000000000100000000	000000000	001000000100
0000000000110100	0000000000	0000000000000	000000000000000000000000	000000000	000000000000
0000000000000000	0000010000	0101000000000	000000000000000000000000	010000000	000000000000
0000000000100000	0000000000	1000000000000	000000000000000000000000	000100000	000000000000
0000000000100000	0000000000	1000000000000	000000000000000000000000	000100000	000000000000
0000000000000000	0000010000	0100000000000	000000000000000000000000	010000000	000000000000
0000000000000000	0000110000	0100000000000	100000000000000000000000	010000000	000000000000
0000000000100001	0000000000	0000000000000	000000000000100010000000	000000000	000000000000
0000000000110000	0000000000	0000000000000	000000000000000000000000	000000000	000000000000
0000000000110000	0000000000	0000000000000	000000000000000000000000	000000000	000000000000
0000000000100000	0001000000	0000000000000	010000010000000000000000	000000000	000100000000
0000000000100000	1000000000	0000000000000	000000000000000010000000	000000000	000000000000
0000000000000000	0000010000	0100000000000	000000000000000000000000	010000000	000000000000
0000000000100000	0000000000	1000000000000	000000000000000000000000	001100000	000010000000
0000000000000000	0000000000	0000100000000	000100000000000001000101	000001010	000000000000
0000001000100000	0000000000	0000000000000	000000000000000010000000	000000000	000000000000
0000000000100000	0000000000	0000000000000	000000000000000010000000	000000000	000000000000
0000100000000000	0000000100	0000000000000	000000000000000000000000	000000001	000000000000
0000000010110000	0000000000	0000000000000	000000000000000000000000	000000000	000000000000
0000000000110100	0000000000	0000000000000	000000000000000000000000	000000000	000000100000
0000100000000000	0000000100	0000000000000	000000000000000000000000	000000001	000000000000
0000100000000000	0000000100	0000000000000	000000000001000000000000	000000001	000000000000
0000000000100000	0000000000	1000000000000	000000000000000000000000	000000000	000000000000
0000000000000000	0000000000	0000100000000	000100000000000000000000	000001010	000000000000
0000000000000000	0000010000	0100010100000	000000000100000000001000	010000000	000000000000
0000000000000000	0000010000	0111000000000	000000000000000000000000	010000000	000000000000
0000000000110000	0000000000	0000000000000	001000000010000000000000	000000000	000000000000
0000000000110000	0000000000	0000000000000	000000000000000000000000	000000000	000000000000
0000000000100000	0000000000	0000000000000	000000000000000010000000	000000000	000000000000
0000000000000000	0100010000	0100000000000	000000100000000000000000	010000000	000000000000
0000000000110000	0000000000	0000001000000	000000000000000000000000	000000000	000000000000
0000000000000000	0000010000	0100010100000	000000000000000000001000	010000000	000000000000
0000000000000000	0000010000	0111000000000	000000000000000000000000	010000000	000000000000
0000000000000000	0000000000	0000100000000	000100000000000000000000	000011010	000000000000
0000000000100000	0001000010	0000000000000	010000000000000000000000	000000000	000100000000
0000000000000000	0000001000	0000000000000	000000000000000100000000	000000000	001000000100
0000000000110100	0000000000	0000000000000	000000000000000000000000	000000000	000000000000
0000000000100000	0000000000	0000000001000	000000000000000010000000	000000000	000000000000
0000010000000000	0000000000	0000000000001	000000000000000100000000	000000000	000001010100
1000000000000000	0000010000	0100000000000	000000000000000000000000	010000000	000000000000
0000000000000000	0000110000	0100000000000	100000000000000000000000	010000000	000000000000
0000000000000000	0000110000	0100000000000	100000000000000000000000	010000000	000000000000
0000000000110000	0000000000	0000000000000	000000000010000000000000	000000000	000000000000
0000000000100000	0000000000	0000000001000	000000000000000010000000	000000000	000000000000
0000000000100000	0000000000	0000000000000	000000000000000010000000	000000000	000000000000
0000000000000000	0000001000	0000000000000	000000000000000100000000	000000000	001000000100
0000000000110000	0000000000	0000000000000	000000000000000000000000	000000000	000000000000
0000000000000000	0000010000	0101000000000	000000000000000000000000	010000000	000000000000
0000000000110000	0000000000	0000000000000	001000000010000000000000	000000000	000000000000
0000000000000000	0000001000	0000000000000	000000000000010100000000	000000000	000000000101
0000000000100000	0000000000	0000000000000	000000000000000010000000	000000000	000000000000
0000000000000000	0000001000	0000000000000	000000000000000100000000	000000000	000000001100
0000000000000000	0000000000	0000100000000	000100000000000000000000	000011010	000000000000
0000000001100000	0000000000	0000000000000	000000000000000010000000	000000000	000000000000
0000000000100000	0000000000	0000000000000	000000000000000010000000	000000000	000000000000
0000000000000000	0000010000	0100010100000	000000000000000000001000	010000000	000000000000
0000000000000000	0000000000	0000100000000	000100000000000000000000	000011010	000000000000
0000000000000000	0000000000	0000100000000	000100000000000000010000	000001010	000000000000
0000000000000000	0000001000	0000000000000	000000000000000100000000	000000000	000000000110
0000000000100000	0000000000	1000000000000	000000000000000000000000	000000000	000000000000
0000000000110100	0000000000	0000000000000	000000000000000000000000	000000000	000000000000
0000000000110000	0000000000	0000000000000	000000000000000000000000	000000000	000000000000
0000000000100000	0001000000	0000000000000	010000000000000000000000	000000000	000100000000
0000000000000000	0000001000	0000000000000	000000000000000100000000	000000000	000000001100
0000000000000000	0000010000	0100010100000	000000000000000000001000	010000000	000000000000
0000000000100000	0000000000	0000000001000	000000000000000010000000	000000000	000000000000
0000000000110100	0000000000	0000000000000	000000000000000000000000	000000000	000000000000
0000000000100000	0000000001	1000000000000	000000000000000000000000	000000000	000000000000
0000000000000010	0000000000	0000100000000	000100000000000000000000	000011010	010000000000
0000000000100000	0000000000	1000000000010	000000000000000000000000	000000000	000000000000
0000000000000000	0000010000	0111000000000	000000000000000000000000	010000000	000000000000
0000000000001000	0100010000	0100000000000	000000100000000000000000	010000000	000000000000
0000000000000000	0000001000	0000000000000	000000000000000100000000	000000000	000000000110
0000000000100000	0000000000	0000000000000	000000000000000010000000	100000000	000000000000
0000000000000000	0000000000	0000100000000	000100000000000000000100	000001010	000000000000
0000000000100000	0000000001	1000000000000	000000000000000000000000	000000000	000000000000
0000000000000000	0000010000	0111000000000	000000000000000000000000	010000000	000000000000
0000000000100000	0000000000	1000000000000	000000000000000000000000	000000000	000000000000
0000000000000000	0000000000	0000100000000	000100000000000000000000	000011010	000000000000
0000000000110000	0000000000	0000000000000	000000000000000000000000	000000000	000000000000
0000000000000000	0100010000	0100000000000	000000100000000000000000	010000000	000000000000
0000000000000000	0000000000	0000100000000	000100000000000000000010	000011010	000000000000
0000100000000000	0000000100	0000000000000	000000000000000000000000	000000001	000000000000
0000000000100000	0000000000	1000000000000	000000000000000000000000	000100000	000000000000
0000000000000000	0000001000	0000000000000	000000000000000100000000	000000000	000000001100
0000000000000000	0000010000	0101000000000	000000000000000000000000	010000000	000000000000
0000000000100000	0000000000	0000000001000	000000000000000010000000	000000000	000000000000
0000000000100000	0000000000	0000000001000	000000000000000010000000	000000000	000000000000
0000000000000000	0000010000	0100010100000	000000000000000000001000	010000000	000000000000
0000000000000000	0000010000	0100000000000	000000000000000000000000	010000000	000000000000
0000000000100000	0000000000	0000000001000	000000000000000010000000	000000000	000000000000
0000000000000000	0000010000	0100000000000	000000000000000000000000	010000000	000000000000
0000000000100000	0000000000	0000000000000	000000000000000010000000	000000000	000000000000
0100000000100000	0000000000	1000000000000	000000000000000000000000	000100000	000000000000
0000000000000000	0000010000	0100000000000	000000000000000000000000	010000000	000000000000
0000000000100000	0000000000	0000000000000	000000000000000010000000	000000000	100000000000
0000000000000000	0010010000	0101000000000	000000000000000000000000	010000000	000000000000
0000000100000000	0000000000	0000000010000	000000000000000000000000	000000000	000000000000
0000000000000000	0000001000	0000000000000	000000000000000100000000	000000000	000000000110
0000000000110000	0000000000	0000000000000	001000000010000000000000	000000000	000000000000
0100000000100000	0000000000	1000000000000	000000000000000000000000	000100000	000000000000
0000000000100000	0000000001	1000000000000	000000000000000000000000	000000000	000000000000
0000000000000000	0000000000	0000100000000	000100000000000000000100	000001010	000000000000
0010000000100000	0000000000	1000000000000	000000000000000000000000	000100000	000000000000
0000000000100000	0000000000	0000000001000	000000000000000010000000	000000000	000000000000
0000000100000000	0000000000	0000000010000	000000000000000000000000	000000000	000000000000
0000000000100000	0000000001	1000000000000	000000000000000000000000	000000000	000000000000
0000000000000000	0000010000	0100000000000	000000000000000000000000	010000000	000000000000
0000000000100000	0000000001	1000000000000	000000000000000000000000	000000000	000000000000
0000000000100000	0000000000	0000000001000	000001000000000010000000	000000000	000000000000
0000000000000000	0000000000	0000100000000	000100000000000000000100	000001010	000000000000
0000100000000000	0000000100	0000000000000	000000000000000000000000	000000001	000000000000
0000000000100000	0000000000	0000000001000	000000000000000010000000	000000000	000000000000
0000000000000000	0000010000	0111000000000	000000000000000000000000	010000000	000000000000
0000000000100000	0000000000	0000000000000	000000000000000010000000	000000000	000000000000
0000000000110000	0000000000	0000000000100	000000000000000000000000	000000000	000000000000
0000000000100000	0000000000	1000000000000	000000000000000000000000	001100000	000010000000
0000000000100000	0000000000	0000000001000	000000000000000010000000	000000000	000000000000
0000000000001000	0100010000	0100000000000	000000100000000000000000	010000000	000000000000
0000000000000000	0100010000	0100000000000	000000100000000000000000	010000000	000000000000
0000000000110100	0000000000	0000000000000	000000000000000000000000	000000000	000000000000
0100000000100000	0000000000	1000000000000	000000000000000000000000	000100000	000000000000
0000000000000000	0000010000	0111000000000	000000000000000000000000	010000000	000000000000
0000000000000000	0000010000	0100000000000	000000000000000000000000	010000000	000000000000
0000100000000000	0000000100	0000000000000	000000000000000000000000	000000001	000000000000
0000000000000000	0000000000	0000100000000	000100000000000000000000	000011010	000000000000
0000000000000000	0000010000	0101000000000	000000000000000000000000	010000000	000000000000
0000000000000000	0000010000	0111000000000	000000000000000000000000	010000000	000000000000
0000000000000000	0000000000	0000100000000	000100000000000000000000	000011010	000000000000
0000000000100000	0000000000	1000000000000	000000000000000000000000	001100000	000010000000
0000000000000000	0000000000	0000100000000	000100000000000000000100	000001010	000000000000
0000000000000000	0000010000	0100010100000	000000000000000000001000	010000000	000000000000
0000000000000000	0000000000	0000100000000	000100000000000000000000	000011010	000000000000
0000000000000000	0000001000	0000000000000	000000000000000100000000	000000000	000000001100
0000000000110100	0000000000	0000000000000	000000000000000000000000	000000000	000000000000
0000000000000000	0000010000	0101000000000	000000000000000000000000	010000000	000000000000
0000000000000000	0000010000	0111000000000	000000000000000000000000	010000000	000000000000
0000000000000000	0000010000	0101000000000	000000000000000000000000	010000000	000000000000
0000000000000000	0000010000	0101000000000	000000000000000000000000	010000000	000000000000
0000000000000000	0000000000	0000100000000	000100000000000000000100	000001010	000000000000
