00000000010	00010010100000000	0000000000110000000	00000000000100000000	000000	0000000100011001
00001000000	00100000000000000	0000000100000000000	10100000101000000001	000000	0011000000000000
00000000000	10000000000000000	0000100001000000000	00000000000000000100	000000	0000000010000010
00000000000	00000000000000000	0000000000000000000	00000000000000000000	000000	0000010000000000
00000000000	00000000000000010	0000000011000000000	00010000000000000100	000000	0000000000000010
00000000000	00000000010000000	0100010000000000000	00000000000000000100	100100	0000000000000000
01000000000	00000000000000000	0000000000000000000	00000000000000000000	000000	0000010000000100
00000000000	00000000100000000	0001000000000000000	00000000000010010000	010010	0000100000000000
00000000010	00000000100000000	0000001000100010000	00000000000101000000	000000	0100000000011000
00001000000	00001000000000000	0000000000000000000	10000000100000000000	000000	0010000000000000
00001000000	00001000000000000	0000000000000000000	10000000100000000000	000000	0010000000000000
00000000000	00000000010000000	0100010000000000000	00000000000000000100	100100	0000000000000000
00000000000	00000000000000000	0000000000000000000	00000000000000000000	000000	0000010000000000
00011000000	00100000000000000	0000000000000000000	10100011100000000000	000000	0010000000000000
00001000000	00001000000000000	0000000000000000000	10000000100000000000	000000	0010000000000000
00001000000	00001000000000000	0000000000000000000	10000000100000000000	000000	0010000000000000
00001000000	00100000000000000	0000000100000000000	10100000100000000001	000000	0011000000000000
00000000000	00000000000000000	0000000000000000000	00000000000000000000	000000	0000010000000000
00000000010	00000010100000000	0000000000110000000	00000000000100000000	000000	0000000100011001
00000000000	00000000010010000	0100010000000000000	00000000000000000100	101100	0000000000000000
00000000000	00000000010000000	0100010000000000000	00000000000000000100	000100	0000000000000000
00001000000	00001000000000000	0000000000000000000	10000000100000000000	000000	0010000000000000
00000000000	00000000100000000	0001000000000000000	00000000000010010000	010010	0000100000000000
00000000000	00000000000000000	0000000001001000000	00000000000000000100	000000	0000000000000010
00000000000	00000000000000000	0000000000000000000	00000000000000001000	000000	0000010000000000
00000000000	00000000100000000	0001000000000000000	00000000000010010000	010010	0000100000000000
00000000000	00000000100000000	0001000000000000000	00000000000010010000	010010	0000100000000000
10000000100	00000100100000000	1000000000000000010	00001000000000010000	000010	0000000000000000
00001000000	00100000000000000	0000000000000000000	10100011100000000000	000000	0010000000000000
00000000000	00000000000000010	0000000011000001000	00010000000000000100	000000	0000000000000010
00000000000	00000000000000000	0000000000000000000	00000000000000000000	000000	0000010000000000
00001000000	00100000000000000	0000000000000000000	10100011100000000000	000000	0010000000000000
00001000000	00001001000000000	0000000000000000000	10000000100000000000	000000	0010000000000000
00000000000	10000000000000000	0000100001000000000	00000000000000000100	000000	0000000010000010
00001000000	00100000000001000	0000000000000000000	10100000100000000000	000000	0010000000000000
00000000000	00000000000000000	0000000000000000000	00000000000000000000	000000	0000010000000000
00000000000	00000000010000000	0100010000000000000	00000000000000000100	100100	0000000000000000
00001000000	00100000000000000	0000000000000000000	10100001100000000000	000000	0010000000000000
00000000010	00000000100000000	0000001000100010000	00000000000101000000	000000	0100000000011000
00000000010	00000010100000000	0000000000110000000	00000000000100000010	000000	0000000100011001
10000000000	01000100100000000	1000000000000000010	00001000000000010000	000010	0000000000000000
00000000000	00000000000000010	0000000011000000000	00010000000000000100	000000	0000000000000010
00000000000	00000000100000000	0001000000000000000	00000000000010010000	010010	0000100000000000
00000000000	00000000000000000	0000000001001000000	00000000010000000100	000000	0000000000000010
00011000000	00100000000000000	0000000000000000000	10100011100000000000	000000	0010000000000000
00000000010	00000010100000000	0000000000110000000	00000000000100000000	000000	0000000100011001
00000000000	10000000000000000	0000100001000000000	00000000000000000100	000000	0000000010000010
00000000010	00000000100000000	0000001000100010000	00000000000101000000	000000	0100000000011000
00001000000	00000000000000000	0000000000000000000	11000000100000100000	000000	0010000000000000
00001000000	00001001000000000	0000000000000000000	10000000100000000000	000000	0010000000000000
00001000000	00100000000000000	0000000000000000000	10100000100000000001	000000	0010000000000000
00001000000	00000000000000000	0000000000000000000	11000000100000100000	000000	0010000000000000
00000000010	00000010100000000	0000000000110000000	00000000000100000000	000000	0000000100011001
00000000000	00000000000000000	0000000000000000000	00000000000000000000	000000	0000010000000000
00000000000	00000000000000000	0000000001001000000	00000000000000000100	000000	0000000000000010
00001000000	00100000000000000	0000000000000000000	10100000100000000001	000000	0010000000000000
00000000000	00000000000000000	0000000001001000000	00000000000000000100	000000	0000000000000010
01000000000	00000000000000000	0000000000000000000	00000000000000000000	000000	0000010000000100
00000000000	00000000000000000	0000000001000000000	00000000000000000100	000000	0000000000000010
00000000000	00000000000000000	0000000000000000000	00000000000000000000	000000	0000010000000000
00001101000	00001000000000000	0000000000000000000	10000000100000000000	000000	0010000000000000
00000000000	00000000000000000	0000000000000000000	00000000000000001000	000000	0000010000000000
00000000000	00000000000000000	0000000000000000000	00000000000000001000	000000	0000010000000000
00000000000	00000000000000000	0000000000000000000	00000000000000000000	000000	0000010001000000
00000000000	00000000000000000	0000000000000000000	00000000000000000000	000000	0000010000000000
00000000000	00000000100000000	0001000000000000000	00000000000010010000	010010	0000100000000000
01000000000	00000000000000000	0000000000000000000	00000000000000000000	000000	0000010000000100
10000000100	00000100100000000	1000000000000000010	00001000000000010000	000010	0000000000000000
00000000000	00000000000000000	0000000000000000100	00000000000000000000	000000	0000010000000000
00000000000	00000000010000000	0100010000000000000	00000000000000000100	100100	0000000000000000
00001000000	00100000000000001	0000000000000000000	10100000100000000001	000000	0010000000000000
00000000000	00000000000000010	0000000011000000000	00010000000000000100	000000	0000000000000010
00000000000	00000000000000010	0000000011000001000	00010000000000000100	000000	0000000000000010
00000000000	00000000010000000	0100010000000000000	00000000000000000100	100100	0000000000000000
00000000000	00000000000000000	0000000000000000000	00000000000000000000	000000	0000010000000000
00000000000	00000000000000010	0000000011000000000	00010000000000000100	000000	0000000000000010
00001000000	00100000000000000	0000000000000000000	10100000100000000001	000000	0010000000000000
00000000000	10000000000000000	0000100001000000000	00000000000000000100	000000	0000000010000010
00000000000	00000000100000000	0001000000000000000	00000000000010010000	010010	0000100000000000
00001000001	00001000000000000	0000000000000000000	10000000100000000000	000000	0010000000000000
00000000010	00000000100000000	0000001000100010000	00000000000101000000	000000	0100000000011000
00001000000	00100000000000000	0000000000000000000	10100000100000000001	000000	0010000000000000
00000000000	00000000010000000	0100010000000000000	00000000000000000100	000100	0000000000000000
00001000000	00100000000000000	0000000000000000000	10100011100000000000	000000	0010000000000000
01000000000	00000000000000000	0000000000000000000	00000000000000000000	000000	1000010000000100
00001000000	00100000000000000	0000000000000000000	10100011100000000000	000000	0010000000000000
00000000010	00000010100000000	0000000000110000000	00000000000100000000	000000	0000000100011001
01000000000	00000000000000000	0010000000000000000	00000000000000000000	000000	0000010000000100
00000000000	00000000010000000	0100010000000000000	00000000000000000100	100100	0000000000000000
00001000000	00100000000100000	0000000000000000000	10100000100000000001	000000	0010000000000000
00000000010	00000010100000000	0000000000110000000	00000000000100000000	000000	0000000100011001
10000000100	00000100100000000	1000000000000000010	00001000000000010000	000010	0000000000000000
00100000000	00000000000000000	0000000001000000000	00000100000000000100	000000	0000000000000010
00001000000	00100000000100000	0000000000000000000	10100000100000000001	000000	0010000000000000
00000000000	00000000010000000	0100010000000000000	00000000000000000100	100100	0000001000000000
00000000000	00000000000000000	0000000000000000000	00000000000000000000	000000	0000010000000000
00000000000	00000000100000000	0001000000000000000	00000000000010010000	010010	0000100000000000
00001000000	00100000000000000	0000000000000000000	10100000100000000001	000000	0010000000000000
00000000000	00000000100000000	0001000000000000000	00000000000010010000	010010	0000100000000000
00000000010	00000010100000000	0000000000110000000	00000000000100000000	000000	0000000100011001
00001010000	00100000000000000	0000000100000000000	10100000100000000001	000000	0010000000000000
00001000000	00001000000000000	0000000000000000000	10000000100000000000	000001	0010000000000000
00000000000	00000000100000000	0001000000000000000	00000000000010010000	010010	0000100000000000
00001000000	00100000000000000	0000000000000000000	10100000100000000001	000000	0010000000000000
00001000000	00001001000000000	0000000000000000000	10000000100000000000	000000	0010000000000000
00000000010	00000010100000000	0000000000110000000	00000000000100000000	000000	0000000100011001
00000000000	00000000000000000	0000000000000000000	00000000000000000000	000000	0000010000000000
00000000000	00000000010000000	0100010000000000000	00000000000000000100	000100	0000000000000000
00000000010	00000010100000000	0000000000110000000	00000000000100000000	000000	0000000100011001
00000000000	00000000000000000	0000000000000000000	00000000000000000000	000000	0000010000000000
00000000000	00000000010000000	0100010000000000000	00000000000000000100	100100	0000000000000000
00000000000	00000000000000000	0000000000000000000	00000000000000000000	000000	0000010000000000
00000000000	00000000100000000	0001000000000000000	00000000000010010000	010010	0000100000100000
00001000000	00100000000000000	0000000000000000000	10100000100000000000	000000	0010000000000000
00000000010	00000010100000000	0000000000110000000	00000000000100000000	000000	0000000100011001
00000000000	00000000100000000	0001000000000000000	00000000000010010000	010010	0000100000000000
00000000000	00000000000000000	0000000000000000000	00000000000000000000	000000	0000010000000000
00000000000	00000000000000000	0000000000000000000	00000000000000000000	000000	0000010000000000
00000000000	00000000100000000	0001000000000000001	00000000000010010000	010010	0000100000000000
00000000000	00000000000000000	0000000000000000000	00000000000000000000	000000	0000010000000000
00001000000	00000000000000000	0000000000000000000	11000000100000100000	000000	0010000000000000
00000000000	00000000000000000	0000000000000000000	00000000000000000000	000000	0000010000000000
00001000000	00001001000000000	0000000000000000000	10000000100000000000	000000	0010000000000000
00000000000	00000000000000000	0000000001001000000	00000000000000000100	000000	0000000000000010
00001000000	00100000000000000	0000000100000000000	10100000100000000001	000000	0011000000000000
00000000010	00000010100000000	0000000000110000000	00000000000100000000	000000	0000000100011001
01000000000	00000000000000000	0000000000000000000	00000000000000000000	000000	0000010000000100
10000000000	01000100100000000	1000000000000000010	00001000000000010000	000010	0000000000000000
00000000000	10000000000000000	0000100001000000000	00000000000000000100	000000	0000000010000010
00000000010	00000010100000000	0000000000110000000	00000000000100000000	000000	0000000100011001
00000000000	00000000010000000	0100010000000000000	00000000000000000100	100100	0000000000000000
00000000000	00000000000000000	0000000000000100000	00000000000000000000	000000	0000010000000000
00000000000	00000000100000000	0001000000000000000	00000000000010010000	010010	0000100000000000
00000000000	00000000100000000	0001000000000000000	00000000000010010000	010010	0000100000000000
00001000000	00100000000000000	0000000000000000000	10100000100000000001	000000	0010000000000000
00000000000	00000000000000000	0000000000000000000	00000000000000000000	000000	0000010000000000
00000000000	00000000000000000	0000000001001000000	00000000010000000100	000000	0000000000000010
00000000000	00000000100000000	0001000000000000000	00000000000010010000	010010	0000100000000000
00000000010	00000000101000000	0000001000100010000	00000000000101000000	000000	0100000000011000
00000000010	00000000101000100	0000001000100010000	00000000000101000000	000000	0100000000011000
00000000000	00000000000000000	0000000000000000000	00000000000000000000	000000	0000010000000000
00001000000	00100000000000000	0000000000000000000	10100000100000000001	000000	0010000000000000
00001000000	00100000000100000	0000000000000000000	10100000100000000001	000000	0010000000000000
00001000000	00001001000000000	0000000000000000000	10000000100000000000	000000	0010000000000000
00001000000	00100000000000000	0000000000000000000	10100000100000000001	000000	0010000000000000
00000000010	00000000101000100	0000001000100010000	00000000000101000000	000000	0100000000011000
00011000000	00100000000000000	0000000000000000000	10100011100000000000	000000	0010000000000000
00000000000	00000000100000000	0001000000000000000	00000000000010010000	010010	0000100000000000
00000000000	00000000100000000	0001000000000000001	00000000000010010000	010010	0000100000000000
00000000000	00000000000000000	0000000001001000000	00000000000000000100	000000	0000000000000010
