00000010000001100	000000000000	000001000	000000010000	00000000000000000000	000000000000001000000000
01000000000100000	000000000000	000000000	100000000000	00000000000000001000	100100000000010010000000
00010100000000000	000000000000	000000000	000100000000	00000000010000010000	000000000000000000000000
00010000000000000	000000000000	000100010	010000000000	00000000000000010000	010000000000000000000000
00000000000000000	000010000000	000001000	000000000000	00000000001000000000	000000000000000100000000
00010000000000000	000000110000	000000000	000000000000	00000000000000010010	000000000000000000000000
00000000100000001	100000000000	001000100	000000100000	00000000000000000000	000010000000000000000000
00000000000010000	000000000000	000001000	000000000000	01000000000000000000	000000000000000000000000
00001000000000000	001000000000	010000000	001010000010	00100000000000000001	100000000100010010000000
00010000000000000	000000000000	000000000	000000000000	00000000000000010000	000000000000000000010000
00000000000000000	000000000000	000001000	000000001000	00000000000000100000	000000000000000001000000
00010000000000000	000000000000	000000000	000000000000	00000000000000010000	000000000000000000010000
00100001000000000	000100000001	000001001	000000000000	00000001000000000100	000000000000000000100000
00100001000000000	000100000001	000001001	000000000000	00000001000000000100	000000000000000000100000
00010000000000000	000000001000	000000010	010000000000	00000000000000010000	010000000000000000000000
00010000000000000	000000000000	100000000	000000000000	00000000000000010000	010000000000000000000000
00010000000000000	000000000000	000100010	010000000000	00001000000000010000	010000000000000000000000
00010000000000000	000000000000	000000000	000000000000	00000000000000010010	000000000000000000000000
00000000000000000	010000000010	000000000	000000000000	10000000000000000000	000000000000000000000100
00001000000000000	000000000000	010000000	001000000010	00100000000000000001	100000000100010010000000
00000000101000001	100000000000	001000000	000000100000	00000000000000000000	000010000000000000000000
00000000000000000	000000000000	000001000	000000000001	00000000000000000000	000000000000000000000000
00000000100000001	100000000000	001000000	000000100000	00000100000000000000	000010000000000000000000
00000000100000001	100000000000	001000000	000000100000	00000000000000000000	000000000000000000000000
00000000010000000	000000000000	000001000	000000000001	00000000000000000000	000000000000000000000000
00001000000000000	000000000000	010000000	001000000000	00100000000000000001	100000000000010010000000
00010000000000000	000000001000	000000010	010000000000	00000000000000010000	010000000000000000000000
00000000000000000	010000000010	000000000	000000000000	10000000000000000000	001000000000000000000100
00000000100000001	100000000000	001000000	000000100000	00000000000010000000	000000000000000000000000
00001000000000000	000000000000	010000000	001000000010	00100000000000000001	100000000100010010000000
00010000000000000	000000000000	000000000	000000000000	00000010000000010000	000000000000000000001000
00100001000000000	000100000001	000001001	000000000000	00000001000000000100	000000000000000000100000
00000000100000001	100000000000	001000000	000000100000	00000000000000000000	000010000000000000000000
00000010000001100	000000000000	000001000	000000010000	00000000000000000000	000000000000001000000000
00100001000000000	000100000000	000001001	000000000000	00000001000000000000	000000000000000000100001
00001000000000000	000000000000	010000000	001000000010	00100000000000000001	100000000100010010000000
00001000000000000	000000000000	010000000	001000000010	00100000000000000001	100000000100010010000000
00010000000000000	000000110000	000000000	000000000000	00000000000000010010	000000000000000000000000
00000000000010000	000000000000	000001000	000000000000	01000000000000000000	000000000000000000000000
00000000100000001	100000000000	001000000	000000100000	00000000000000000000	000000000000000000000000
00000000000000000	010000000010	000000000	000000000000	10000000000001000000	000000000000000000000100
00000000000000000	010000000010	000000000	000000000000	10000000000000000000	001000000000000000000100
00010000000000000	000000000000	000000000	000000000000	00000000000000010000	000000000000000000010000
00010000000000000	000000000000	000000000	000000000000	00000000000000010010	000000000000000000000000
00000000100000001	100000000000	001000000	000000100000	00000100000000000000	000010000000000000000000
00000000100000001	100000000000	001000000	000000100000	00000000000000000000	000010000000000000000000
00000000100000001	100000000000	001000000	000000100000	00000000000010000000	000000000000000000000000
00100001000000000	000100000001	000001001	000000000000	00000001000000000100	000000000000000000100000
00100001000000000	000100000001	000001001	000000000000	00000001000000000100	000000000000000000100000
00010000000000000	000000000000	000000000	000000000000	00000000000000010010	000000000000000000000000
00010000000000000	000000001000	000000010	010000000000	00000000000000010000	010000000000000000000000
00000000000000000	000000000000	000001000	000000001000	00000000000000100000	000000000000000001000000
00000000000000000	010000000010	000000000	000000000000	10000000000000000000	000000000000000000000100
00000000000000000	000000000000	000001000	000000001000	00000000000000100000	000000000000000001000000
01000000000100000	000000000000	000000000	100000000000	00000000000000001000	100100000000010010000000
00000000100000001	100000000000	001000000	000000100000	00000000000010000000	000000000000000000000000
00000000100000001	100000000000	001000000	000000100000	00000100000000000000	000010000000000000000000
00000000000000000	000010000000	000001000	000000000000	00000000001000000000	000000000000000100000000
00000000000000000	010000000010	000000000	000000000000	10000000000000000000	000000000000000000000100
00010000000000000	000000000000	000000000	000000000000	00000000000000010010	000000100000000000000000
00010000000000000	000000000000	000000000	000000000000	00000000000000010000	000000000000000000000000
00001000000000000	000000000000	010000000	001000000000	00100000000000000001	100000000000010010000000
00100001000000000	000100000000	000001001	000000000000	00000001000000000000	000000000000000000100001
00010000000000000	000001000000	000000000	000000000000	00010000000000010000	010000000000000000000000
00010000000000000	000000000000	000000000	000000000000	00000000000000010010	000000000000000000000000
00001000000000000	000000000000	010000000	001000000010	00100000000000000001	100000000100010010000000
00000000000000000	000000000000	000001000	000000000001	00000000000000000000	000000000000000000000000
00010000000000000	000000000000	000000000	000000000000	00000000000000010000	000000000000000000010000
00000000100000001	100000000000	001000000	000000100000	00000000000000000000	000010000000000000000000
00000000000000000	010000000010	000000000	000000000000	10000000000000000000	000001000000000000000100
00000000000000000	000000000000	000001000	000000001000	00000000000000100000	000000000000000001000000
00000000000000000	000000000000	000001000	000000001000	00000000000000100000	000000000000000001000000
00000000000000000	000000000000	000001000	000000001000	00000000000000100000	000000000000000001000000
00100001000000000	000100000000	000001001	000000000000	00000001000000000000	000000000000000000100001
00000010000001100	000000000000	000001000	000000010000	00000000000000000000	000000000000001000000000
00010000000000000	000000000000	000000000	000000000000	00000000000000010000	000000000000000000010000
00000000000000000	010000000010	000000000	000000000000	10000000000000000000	000000000000000000000100
00000000000000000	000000000000	000001000	000000000001	00000000000000000000	000000000000000000000000
00001000000000000	001000000000	010000000	001010000010	00100000000000000001	100000000100010010000000
00000000000000000	010000000010	000000000	000000000000	10000000000000000000	000000000000000000000100
00010000000000000	000000110000	000000000	000000000000	00000000000000010010	000000000000000000000000
00001000000000000	000000000000	010000000	001000000010	00100000000000000001	100000000100010010000000
00010000000000000	000000001000	000000010	010000000000	00000000100000010000	010000000000000000000000
00010000000000000	000000000000	000000000	000000000000	00000000000000010010	000000000000000000000000
00001000000000000	001000000000	010000000	001010000010	00100000000000000001	100000000100010010000000
00010000000000000	000000000000	000000000	000000000000	00000000000000010010	000000000000000000000000
00010000000000000	000000000000	000000010	010000000000	00000000000000010000	010000000000000000000000
00000000000000000	010000000010	000000000	000000000000	10000000000000000000	000000000000000000000100
00010000000000000	000000000000	000000010	010000000000	00000000000000010000	010000000000000000000000
00000000100000001	100000000000	001000000	000000100000	00000000000000000000	000000000000000000000000
00000000100000001	100000000000	001000000	000000100000	00000000000000000000	000010000000000000000000
00100001000000000	000100000001	000001001	000000000000	00000001000000000100	000000000000000000100000
00010000000000000	000000110000	000000000	000000000000	00000000000000010010	000000000000000000000000
00001000000000000	001000000000	010000000	001010000010	00100000000000000001	100000000100010010000000
00000000000000000	010000000010	000000000	000000000000	10000000000000000000	000000000000000000000100
00010000000000000	000000000000	000000000	000000000000	00000000000000010000	000000000000000000010000
00000000100000001	100000000000	001000000	000000100000	00000000000000000000	000000000000000000000000
00100001000000000	000100000001	000001001	000000000000	00000001000000000100	000000000000000000100000
00010000000000000	000000001000	000000010	010000000000	00000000000000010000	010000000000000000000000
00100001000000000	000100000001	000001001	000000000000	00000001000000000100	000000000000000000100000
00001000000000000	000000000000	010000000	001000000000	00100000000000000001	100000000000010010000000
00000000000000000	010000000010	000000000	000000000000	10000000000000000000	000001000001000000000100
00010000000000000	000000110000	000010000	000000000000	00000000000000010010	000000000000000000000000
00000000000000000	000010000000	000001000	000000000000	00000000001000000000	000000000000000000000000
00000000000000000	000000000000	000001000	000000001000	00000000000000100000	000000000000000001000000
00000010000001100	000000000000	000001000	000000010000	00000000000000000000	000000000000001000000000
00000000000000000	010000000010	000000000	000000000000	10000000000000000000	000000000000000000000100
00010000000000000	000000000000	000100010	010000000000	00000000000000010000	010000000000000000000000
00000000000000000	010000000010	000000000	000000000000	10000000000000000000	001000000000000000000100
01000000000100000	000000000000	000000000	100000000000	00000000000000001000	100100000000010010000000
00000000000000000	010000000010	000000000	000000000000	10000000000000000000	001000000000000000000100
00000000000000000	000000000000	000001000	000000000001	00000000000000000000	000000000000000000000000
00010000000000000	000000001000	000000010	010000000000	00000000000000010000	010000000000000000000000
00000000100000001	100000000000	001000000	000000100000	00000000000100000000	000010000000000000000000
00000000000000000	010000000010	000000000	000000000000	10000000000000000000	000001000001000000000100
00100001000000000	000100000000	000001001	000000000000	00000001000000000000	000000000000100000100001
00010000000000000	000000001000	000000010	010001000000	00000000000000010000	010000000000000000000000
00000000000000000	000010000000	000001000	000000000100	00000000001000000000	000000000000000000000000
00100001000000000	000100000001	000001001	000000000000	00000001000000000100	000000000000000000100000
00010000000000000	000000000000	000000000	000000000000	00000000000000010000	000000000000000000000000
00001000000000000	000000000000	010000000	001000000010	00100000000000000001	100000000100010010000000
00000000000000000	000000000000	000001000	000000001000	00000000000000100000	000000010000000001000000
00010000000000000	000000001100	000000010	010000000000	00000000000000010000	010000000000000000000000
00000000000000000	000000000000	000001000	000000001000	00000000000000100000	000000010000000001000000
00000000100000001	100000000000	001000000	000000100000	00000000000000000000	000000000000000000000000
00000000000000000	010000000010	000000000	000000000000	10000000000000000000	000000000000000000000100
00010000000000000	000000000000	000000000	000000000000	00000000000000010000	000000000000000000010000
00000000000000000	010000000010	000000000	000000000000	10000000000000000000	000000000000000000000110
00000000100000001	100000000000	001000000	000000100000	00000000000000000000	000010000000000000000000
00010000000000000	000000000000	000000000	000000000000	00000000000000010010	000000000000000000000000
00010000000000000	000000000000	000000000	000000000000	00000000000000010010	000000000000000000000000
00010000000000000	000000001000	000000010	010000000000	00000000000000010000	010000000000000000000000
00000000000000000	000000000000	000001000	000000000001	00000000000000000000	000000001000000000000000
00010000000000000	000000000000	000000000	000100000000	00000000010000010000	000000000000000000000000
00000000000000000	000000000000	000001000	000000001000	00000000000000100000	000000000000000001000000
10010000000000000	000000000000	000000000	000000000000	00000000000000010000	010000000000000000000000
00000000000000000	000000000000	000001000	000000001000	00000000000000100000	000000000000000001000000
00000000000000000	000000000000	000001000	000000001000	00000000000000100000	000000000000000001000000
00100001000000000	000100000001	000001001	000000000000	00000001000000000100	000000000000000000100000
00000000100000001	100000000000	001000000	000000100000	00000000000000000000	000000000000000000000000
00000000000000000	000000000000	000001000	000000001000	00000000000000100000	000000010000000001000000
00000000000000000	010000000010	000000000	000000000000	10000000000000000000	000000000000000000000100
00000000100000001	100000000000	001000000	000000100000	00000000000000000000	000000000000000000000000
00001000000000000	000000000000	010000000	001000000000	00100000000000000001	100000000000010010000000
00100001000000000	000100000000	000001001	000000000000	00000001000000000000	000000000000000000100001
00000000000000000	000000000000	000001000	000000001000	00000000000000100000	000000000000000001000000
00000000100000001	100000000000	001000000	000000100000	00000000000000000000	000010000010000000000000
00010000000000000	000000000000	000000000	000000000000	00000000000000010000	010000000000000000000000
00010000000000010	000000110000	000000000	000000000000	00000000000000010010	000000000000000000000000
00000000000000000	000000000000	000001000	000000000001	00000000000000000000	000000000000000000000000
