0000000000000	00000000110100000	000000000000000000000010000	0000100000000	00000000000000	000000000000000010
0000000000000	00000000000000000	000000000000000000000100000	0000001000000	01000000000000	000000000000001000
0000000010000	00011000000010000	000000000000000000000000001	1000000000000	00000000000000	000000000000000000
0000000000000	00000000000000000	000000000000000001000000000	0000100010000	00000000001000	000000000000000000
0001000000000	00000000000000000	000011100000000000000000000	0100100000000	00000010000000	000000000010000000
0000000000000	00000100001000000	000000000000000010010000000	0000000100000	00000001000000	000000000100000000
0000000000000	00000100001000000	000000000000000010010000000	0010000000000	00000000000000	000000000100000000
0000000000000	00000100001000000	000000000000000010010000000	0000000000000	00000000000000	000000000100000000
0010000010000	00001000000000000	000000000000000000000000001	1000000000001	00000000000000	000000000000000000
0000001000000	00000000100000000	000000000000000000000010000	0000100000000	00000000000000	000000000000000010
0000001000000	00000000100000000	000000000000000000000010000	0000100001000	00000000000000	000000000000000010
0000000010000	00001000000010000	010000000000000000000000001	1000000000000	00001000000000	000000000000000000
0000000000000	00000000000000000	000000000000000000000100000	0000001000000	01000000000000	000000000000001000
0000001000000	00000000100000000	000000000000000000000010000	0000100000000	00000000000000	000000000000000010
0000000000000	00000000001000000	000000010000000010010000000	0000000000000	00000000000000	000000000100000000
0000000100000	00000100001000000	000000000000000010010000000	0000000000000	00000000000000	000000000100000000
0000000010010	00001000000010000	000000000000000000000000001	1000000000000	00000000000000	000000000001000000
0000000010000	00001000000010000	010000000000000000000000001	1000000000000	00000000000000	000000000000000000
0000000000000	00000000000000000	000000000000000001000000000	0000100010000	00000000000000	000000000000000000
0000010000000	00000000000000000	000000000000000001000000000	0000100010000	00000000000000	000000000000000000
0000000010000	00011000000010000	000000000000000000000000001	1000000000000	00000000000000	000000000000000000
0000000000000	00000001001000000	000000010000000010010000000	0000000000000	00000000000000	000000000100000000
1000000000000	01000000000000000	000000100010000000000000000	0000100000000	00000000000000	000000000000000000
0000000000000	00000100001000000	000000000000100010010000000	0000000000000	00000000000000	000000000100000000
0000000000000	00000100001000000	000000000000000010010000000	0000000100000	00000000000000	000000000100000000
0000000010000	00011000000010000	000000000000000000000000001	1000000000000	00000000000000	000000000000000000
0000001000000	00000000100000000	000000000000000000000010000	0000100000000	00000000000000	000000000000000010
0000000000000	00000000001000000	000000010000000010010000000	0000000000000	00000000000000	000000000100000000
0000000000000	00000100001000000	000000000000000010010000000	0000000000000	00000000010000	000000000100000000
0000000000000	00000100001000000	000000000000000010010000000	0000000000000	00000000000000	000000000100000000
0000000000000	00000100001000000	000000000000000010010000000	0000000100000	00000000000000	000000000100000000
0000000000000	00000000000000000	000000100000000000000000000	0000100000010	00000000000000	000000000000000000
0000100000000	00000000110100000	000000000000000000000010000	0000100000000	00000000000000	000000000000000010
0000000000000	00000100001000000	000000000000000010010000000	0000000000000	00000000000000	001000000100000000
0000000000000	00000000001000010	001000000000000000010000000	0000000000000	00000000000001	000000000000000000
0000000010000	00011000000010000	000000000000000000000000001	1000000000000	00000000000000	000000000000000000
0001000000000	00000000000000100	000001100000000000000000000	0100100000000	00000010000000	000000000000000000
0000000000000	00000000110100000	000000000000000000000010000	0000100000000	00000000000010	000000000000000010
0000001000000	00000000100000000	000000000000000000000010000	0000100000000	00000000000000	000000000000000010
0000010000000	00000000000000000	000000000000000001000000000	0000100010000	00000000000000	000000000000000000
0000000000000	00000000000000000	000000000000000001000000100	0000100000000	00000000000000	000000000000000000
1000000000000	00000000000000000	000000100010000000000000000	0000100000000	00000000000000	000000000000000000
0000000000000	00000000110100000	000000000000000000000010000	0000100000000	00000000000010	000000000000000010
0000000000000	00000100001000000	000000000000000010010000000	0010000000000	00000000000000	000000000100000000
0000000000000	00000000001000000	000000010000000010010000000	0000000000000	00000000000000	000000000100000000
0000000000000	00000000110100000	000000000000000000000010000	0000100000000	00000000000010	000000000000000010
0000000000000	00000000110100000	000000000000000000000010000	0000100000000	00000000000010	000000000000000010
0000000000000	00000000001000000	000000010000000010010000000	0000000000000	00000000000000	000000000100000000
0000000000000	00000000000000000	000000000000000001000000100	0000100000100	00100000000000	000000000000000000
0010000010000	00001000000000000	000000000000000000000000001	1000000000001	00000000000000	000000000000000000
0000100000000	00000000110100000	000000000000000000000010000	0000100000000	00000000000000	000000000000000010
0000000000000	00000100001000000	000000000000000010010000000	0000000000000	00000000000000	000000000100000000
0000000000000	00000000001000000	000000010000000010010000000	0000000000000	00000000000000	000000000100000000
0000000000000	00000000001000000	000000010001000010010000000	0000000000000	00000000000000	010000000100000000
0010000010000	00001000000000000	000000000000000000000000001	1000000000001	00000000000000	000000000000000000
0000001000000	00000000100000000	000000000000000000000010000	0000100000000	00000000000000	000000000000000010
0000000000000	00000100001000000	000000000000000010010000000	0010000000000	00000000000000	000000000100000000
0000000000000	00000000001000000	000000010000000010010000000	0000000000000	00000000000000	000000000100000000
0000000010000	00001000000010000	010000000000000000000000001	1000000000000	00000000000000	000000000000000000
0000000010000	00001000000010001	000000000000000000000000001	1000000000000	00000000000000	000000000000000000
0000000010010	00101000000010000	000000001000000100000000001	1000000000000	00010000000000	000000000000000000
0000000000000	00000000110100000	000000000000000000000010000	0000100000000	00000000000000	000000000000000010
0000000010010	00101000000010000	000000000000000100000000001	1000000000000	00010000000000	000000000000000000
0100000000000	00000000110000000	100000000000000000000010000	0000100000000	00000000000000	000000000000000010
0001000000000	00000000000000000	000001100000000000000000000	0000100000000	00000000000000	000000000000000000
0000000010000	00001000000010000	010000000000000000000000001	1000000000000	00000000000000	000000000000000000
0000000000000	00000000110100000	000000000000000000000010000	0000100000000	00000000000000	000000000000000010
0000000000000	00000100001000000	000000000100000010010000000	0000000000000	00000000000000	000000000100000000
0000000000000	00000000001000000	000000010000000010010000000	0000000000000	00000000000000	000000000100000000
0000000010000	00001000000010001	000000000000000000000000001	1000000000000	00000000000000	000000000000000000
0001000000000	00000000000000000	000001100000000000000000000	0000100000000	00000000000000	000000000000000000
0000000000000	00000000000000000	000000000000000001000000000	0000100010000	00000000001000	000000000000000000
0000000011000	00001000000010000	010000000000000000000000001	1000000000000	00000000000000	000010000000010000
0000000010000	00011000000010000	000000000000000000000000001	1000000000000	00000000000000	000000000000000000
0000000000000	00000100001000000	000000000000000010010000000	0000010000000	00000000000000	000000000100000000
0000000010000	00011000000010000	000000000000000000000000001	1000000000000	00000000000000	000000000000000000
0000000010000	10000010000000000	000100000000000000000000010	0000000000000	00000100000000	000001001000000000
0000000000000	00000000001000010	001000000000000000010000000	0000000000000	00000000000001	000000000000000000
0000000010000	10000010000000000	000100000000000000000000010	0000000000000	00000100000000	000001001000000001
0000000000000	00000100001000000	000000000000000010010000000	0000000000000	00000000000000	000000000100000000
0000000000000	00000000110100000	000000000000000000000010000	0000100000000	00000000000010	000000000000000010
0001000000000	00000000000000000	000001100000000000000000000	0000100000000	00000000000000	000000000000000000
0000000000000	00000100001000000	000000000000000010010000000	0000000000000	00000000000000	000000000100000000
0100000000000	00000000110000000	100000000000000000000010000	0000100000000	00000000000000	000000000000000010
0000000000000	00000000001000000	000000010000000010010000000	0000000000000	00000000000000	000000000100000000
0000000000000	00000000110100000	000000000000000000000010000	0000100000000	00000000000010	000000000000000010
0000001000000	00000000100000000	000000000000000000000010000	0000100000000	00000000000000	000000000000000010
0000000000000	00000100001000000	000000000000000010010000000	0000000000000	00000000000000	000000000100000000
0000000100000	00000100001000000	000000000000000010010000000	0000000000000	00000000000000	000000000100000000
0000000000000	00000000110100000	000000000000000000000010000	0000100000000	10000000000000	000000000000000010
0000000000000	00000100001000000	000000000000000010010000000	0000010000000	00000000000000	000000000100000000
0010000010000	00001000000000000	000000000000000000000000001	1000000000001	00000000000000	000000000000000000
0000000000100	00000000110100000	000000000000000000000010000	0000100000000	00000000000000	000000000000000010
0000000100000	00000100001000000	000000000000000010010000000	0000000000000	00000000000000	000000000100000000
0000000010000	00011000000010000	000000000000000000000000001	1000000000000	00000000000000	000000000000000000
0000000000000	00000000000000000	000000100000001000000000000	0000100000000	00000000000100	000000000000000000
0000000000000	00000000110100000	000000000000000000000010000	0000100000000	00000000000010	000000000000000010
0001000000000	00000000000000000	000001100000000000000000000	0000100000000	00000000000000	000000000000000000
0000010000000	00000000000000000	000000000000000001000000000	0000100010000	00000000000000	000000000000000000
0000000000000	00000000000000000	000000000000000000000100000	0000001000000	01000000000000	000000000000001000
0000000010000	00001000000010001	000000000000000000000000001	1000000000000	00000000000000	000000000000000000
0010000010000	00001000000000000	000000000000000000000000001	1000000000001	00000000000000	000000100000000000
0000000010000	00011000000010000	000000000000000000000000001	1000000000000	00000000000000	000000000000000000
0000000100000	00000100001000000	000000000000000010010000000	0000000000000	00000000000000	000000000100000000
0000000010000	00001000000010000	010000000000000000000000001	1000000000000	00000000000000	000000000000000000
0000000010001	00001000000010001	000000000000000000000000001	1001000000000	00000000000000	000000000000000000
0000000000000	00000000001000000	000000010000000010010000000	0000000000000	00000000000000	000000000100000000
0000000000000	00000000001000000	000000010000000010010000000	0000000000000	00000000000000	000000000100000000
0000000010000	00001000000010001	000000000000000000000000001	1000000000000	00000000000000	000000000000000000
0010000010000	00001000000000000	000000000000000000000000001	1000000000001	00000000000000	000000000000000000
0000001000000	00000000100000000	000000000000000000000010000	0000100000000	00000000000000	000000000000000010
0000000000000	00000000110100000	000000000000000000000010000	0000100000000	00000000000000	000000000000000010
0000001000000	00000000100000000	000000000000000000000010000	0000100000000	00000000000000	000000000000000010
0000000010000	00011000000010000	000000000000000000000000001	1000000000000	00000000000000	000000000000000000
0000000000000	00000000110000000	100000000000000000000010000	0000100000000	00000000000000	000000000000000010
0000000010000	00011000000010000	000000000000000000000000001	1000000000000	00000000000000	000000000000000000
0001000000000	00000000000000000	000001100000000000000000000	0100100000000	00000010000000	000000000000000100
0000000010000	00001000000010001	000000000000000000000000001	1000000000000	00000000000000	000000000000000000
0000000000000	00000001001000000	000000010000000010010000000	0000000000000	00000000000000	000000000100000000
0000001000000	00000000100000000	000000000000000000000010000	0000100000000	00000000000000	000000000000000010
0000000010010	00101000000011000	000000000000000100000000001	1000000000000	00010000000000	000100000000000000
0000000010000	00011000000010000	000000000000000000000000001	1000000000000	00000000000000	000000000000000000
0100000000000	00000000110000000	100000000000000000000010000	0000100000000	00000000000000	000000000000000010
0000000000000	00000000001000000	000000010000000010010000000	0000000000000	00000000000000	000000000100000000
0000000000000	00000100001000000	000000000000000010010000000	0000000000000	00000000000000	000000000100000000
0001000000000	00000000000000000	000001100000000000100000000	0000100000000	00000000000000	000000000000000000
0000000010000	00001000000010001	000000000000000000000000001	1000000000000	00000000000000	000000000000000000
0000000000000	00000000000000000	000000000000000001000000000	0000100010000	00000000000000	000000000000000000
0000000010010	00001000000010000	000000000000000000000000001	1000000000000	00000000000000	000000000001000000
0000000000000	00000000001000000	000000010000000010010000000	0000000000000	00000000000000	000000000100000000
0000000010000	00011000000010000	000000000000000000000000001	1000000000000	00000000000000	000000000000000000
0000000000000	00000100001000000	000000000000000010010000000	0000000100000	00000001000000	000000000100000000
0000000000000	00000100001000000	000000000000000010010000000	0000000000000	00000000000000	000000000100000000
0000000000000	00000100001000000	000000000000000010010000000	0000000100000	00000000000000	000000000100000000
0000000000000	00000100001000000	000000000000000010010000000	0000000100000	00000000000000	000000000100000000
0000000010000	00001000000010001	000000000000000000000000001	1000000000000	00000000000000	000000000000000000
0000000100000	00000100001000000	000000000000010010010000000	0000000000000	00000000000000	100000000100000000
0000000000000	00000100001000000	000000000000000010010000000	0010000000000	00000000000000	000000000100000000
0000000000000	00000000001000000	000000010000000010010000000	0000000000000	00000000000000	000000000100000000
1000000000000	00000000000000000	000000100010000000000000000	0000100000000	00000000000000	000000000000000000
0000000000000	00000000001000000	000000010000000010010000000	0000000000000	00000000000000	000000000100000000
0000000010000	00001000000010001	000000000000000000000000001	1000000000000	00000000000000	000000000000000000
0001000000000	00000000000000000	000001100000000000001001000	0000100000000	00000000000000	000000010000000000
0000000000000	00000000000000000	000000000000000001000000100	0000100000000	00000000000000	000000000000000000
0001000000000	00000000000000000	000001100000000000000000000	0000100000000	00000000000000	000000000000000000
0000000000000	00000000001000000	000000010000000010010000000	0000000000000	00000000000000	000000000100000000
0001000000000	00000000000000000	000001100000000000000000000	0000100000000	00000000000000	000000000000000000
1000000000000	01000000000000000	000000100010000000000000000	0000100000000	00000000100000	000000000000000000
0000000010000	00001000000010000	010000000000000000000000001	1000000000000	00000000000000	000000000000100000
0000000000000	00000100001000000	000000000000000010010000000	0000000000000	00000000000000	000000000100000000
