00000000000000000000	000000000000010000000000001	00000000010000000010	00010000000000000	001000000000000	000000000000000000000000
00000000000000000010	000100000000000001010000000	10000000000100000000	00000000000000000	000010010000000	000000000000000000000110
00000010000000000000	000000000010000000000000000	00000000000000000000	00010000000000000	000000000000000	000000000000000000000000
00000100000010000000	000010000000000000000000000	00000000000001100000	00001000000000000	000000000000000	000000000000000001000000
10000000000000000010	000000000000000001010000000	10000000000100000000	00000100000000000	000010010000000	000000000000000000000100
00000000000000000000	000000100000000000000001000	00000000001000000000	00000000101100000	000000000000000	000000000001000000000000
00000000000000000000	000000100000000000000001000	00000000001000000000	00000000101100000	000000000000000	000000000001000000000000
00000000000000000000	010000000000000001010000000	10000000000100000000	00100000000000000	000010000000000	000000000000000000100000
00000000000000000000	000000000000000001010000000	10000000000100000000	00100000000000000	000010000000000	000000000000000000100000
00000000000000000000	000000000000000001010000000	10000000000100000000	00100000000000000	000010000000000	000000000000000000100000
00000000000000000000	000000000100001000000000001	00000000000000000000	00010000000000000	000000000010000	000000000100000000000000
00000000000000000000	000000000000000000000000001	00000000000000000000	00010000000000000	000000000010000	000000000000000000000000
00000000000000000010	000000000000000001010000000	10000000000100000000	00000000000000000	000010010000000	000000000000000000000110
00000000000000000000	000000100000000000000001000	00000000001000000000	00000000101100000	000000000000000	000000010001000000000000
00000000000000000000	100000000000100000001000000	00000001000000000000	00000000000010000	000000000000010	000100000000000000000000
00000001000001000000	000000000000000000000000001	00000000000000000100	00010000000000000	000100000010000	000000000000000000000000
00000000000000000010	000000000000000001010000000	10000000000100000000	00000000000000000	000010010000000	000000000000000000000100
00000000000000000010	000000000000000001010000000	10000000000100000000	00000000000000001	000010010000000	000000000000000000000100
00000000000000000000	000000000000000001010000000	10000000000100000000	10100000000000000	000010000000000	000000000000000000100000
00000000000000000000	000000001000000000001000000	00000001000000000000	00000000000010000	000000000000010	000100000000000000000000
00000000000000000000	000000000000000000000100001	01000000000000000000	00010000000000000	000000000000000	000000100000000000000000
00000000000000000000	000000000000000000000100001	01000000000000000000	00010000000000000	000000000000000	000000100000000000000000
00000000000000000000	000000000000000000000100001	01000000000000000000	00010000000000000	000000000000000	000000100000000000000000
00000000010000000000	000000000000000000000000001	00000000000000000000	00010000000000000	000000000010000	000000000000000000000000
00000000000000000000	000000000000000000000100001	01000000000000000000	00010000000000000	000000000000000	000000100000000000000000
00000000000000000000	000000000000000001010000000	10000000000100000000	00100000000000000	000010000000000	000000000000000000100000
00000000000000000010	000000000000000001010000000	10000000000100000000	00000000000000000	000010010000000	000000000000000000000110
00000000000000000000	000000000000000001010000100	10000000000100000000	00100000000000000	000010000000000	000000000000000000100000
00000000000000000000	000000000100001000000000001	00000000000000000000	00010000000000100	000000000010000	000000000100000000000000
00000000000000000000	000000000000000001010000000	10000000000100000000	00100000000000000	000010000000000	000000000000000000100000
00000100000110000000	000010000000000010000000000	00000000000001000000	00001000010000000	000000000000000	000010000000000001000000
00000000000000000000	000000000000000000000100001	01000000000000000000	00010000000000000	000000000000000	000000100000000000000000
00000000000000000000	000000001000000000001000000	00000001000000000000	00000000000010000	000000000000010	000100000000000000000000
00000000000000000000	000000100000000000000001000	00100000001000000000	00000000101100000	000000000000000	000000000001000000000000
00000000001000010001	000001000000000000000000000	00000000100000000001	00000000000001000	000000000100000	000000000000100000000000
00000000000000000000	000000000000000001010000000	10000000000100000000	00000000000000000	000010110000000	000000000000000010000100
00000000100000000000	000000000000000001010000000	10000000000100000000	00100000000000000	000010000000000	000000000000000000100000
00000000000000000010	000000000000000001010000000	10000000000100000000	00000000000000000	000010010000000	001000000000000000000100
00000000000000000010	000000000000000001010000000	10000000000100000000	00000000000000000	000010010000000	000000000000000000000100
00010000000000000100	000000000000000100000000001	00000000000000000000	00010001000000000	010000001010000	010000000000000000000000
00000000000000000000	001000000010000000000000000	00000000000000000000	00010000000000000	000000000000000	000000000000000000000000
00000000000000000000	000000000000000001010000000	10000000000100000000	00100000000000000	000010000000000	000000000000000000100000
00000000000000000000	000000100000000000000001000	00000000001000000000	00000000101100000	000000000000000	000000000001000000000000
00000000000000000000	000000000000000001010000000	10000000000100000000	00100000000000000	000010000000000	000000000000000000100000
00000000000000000000	000000000000000000000000001	00000000000000000000	00010000000000000	000000000010000	100000000000000000000000
00000001000001000000	000000000000000000000000001	00000000000000000100	00010000000000000	000100000010000	000000000000000000000000
00000000001000010001	000001000000000000000000000	00000000100000000001	00000000000001000	000000000100000	000000000000100000000000
00000000000000000000	001000000010000000000000010	00000000000000000000	00010000000000000	000000000000000	000000000000000000000000
00000000000000000000	000000000000000001010000000	10000000000110000000	00000000000000000	000010010000000	000000000000000000000100
00000000000000000010	000000000000000001010000000	10000000000100000000	00000000000000000	000010010000000	000000000000000000000100
00000000000000000000	000000000000000001010000000	10000000000100000000	00100000000000000	000010000000000	000000000000000000100000
00000001000001000000	000000000000000000000000001	00000000000000000100	00010000000000000	000100000010000	000000000000000000000000
00000100000110000000	000010000000000010000000000	00000000000001000000	00001000010000000	000000000000000	000010000000000001000000
00000000000000000000	001000000010000000000000000	00000000000000000000	00010000000000000	000000000000000	000000000000000000000000
00000000000000000000	000000100000000000000001000	00000000001000000000	00000000101100000	000000000000000	000000000001000000000000
00000000000000000000	000000000000000001010000000	10000000000110000000	00000000000000000	000010010000000	000000000000000000000100
00000000000000000000	000000001000000000001000000	00000001000000000000	00000000000010000	000000000000010	000100000000000000000000
00000000001000010001	000001000000000000000000000	00000000100000000001	00000000000001000	100000000100000	000000000000100000000000
00000000000000000000	000000000100001000000000001	00000000000000000000	00010000000000000	000000000010000	000000000100000000000000
01000000000000000000	000000000001000000000000000	00000010000000010000	00000000000000000	000000000000000	000000001000000000010000
00000010000000000000	000000000010000000000000000	00000000000000000000	00010000000000000	000000000000000	000000000000000000000000
00000000000000000000	000000000100001000000000001	00010000000000000000	00010000000000000	000000000010000	000000000100000000000000
00000000000000000000	000000000000010000000000001	00000000010000000010	00010000000000000	000000000000000	000000000000000000000000
00000000000000000010	000000000000000001010000000	10000000000100000000	00000010000000000	000010010000000	000000000000000000000110
00000000000000000000	000000000000000001010000000	10000000000100000000	00000000000000000	000010110000000	000000000000000010000100
00000000000000000000	001000000010000000000000000	00000000000000000000	00010000000000000	000000000000001	000000000000000000000000
00000000000000000000	000000000100001000000000001	00000000000000000000	00010000000000000	000000000010000	000000000100000000000000
00000000000000000000	000000000000000001010000000	10000000000100000000	00000000000000000	000010110000000	000000000000000000000100
00000000000000000000	000000100000000000000001000	00000000001000000000	00000000101100000	000000000000000	000000000001000000000000
00000000000000000000	000000000100001000000000001	00001000000000000000	00010000000000000	000000000010000	000000000100000000000000
00000000000000000000	000000000000000000000000001	00000000000000000000	00010000000000000	000000000010000	100000000000000000000000
00000010000000000000	000000000010000000000000000	00000000000000000000	00010000000000000	000000000000000	000000000000000000000000
00000000000000000000	001000000010000000000000000	00000000000000000000	00010000000000000	000000000000001	000000000000000000000000
00000000000000000000	000000000000000001110000100	10000000000100000000	00100000000000000	000010000000000	000000000000000000100000
00000000000000000010	000000000000000001010000000	10000000000100000000	00000000000000001	000010010000000	000000000000000000000100
00000000000000000010	000000000000000001010000000	10000000000100000000	00000000000000000	000010010000000	000000000000000000000110
00000000000000000000	010000000000000001010000000	10000000000100000000	00100000000000000	000010000000000	000000000000000000100000
00000000000000000000	001000000010000000000000000	00000000000000000000	00010000000000000	000000000000000	000000000000000000000000
00000000000000000000	000000000000000000000000001	00000000000000000000	00010000000000000	000000000010000	100000000000000000000000
00000000000000000000	000000100000000000000001000	00000000001000000000	00000000101100000	000000000000000	000000000001000000000000
00000000001000010001	000001000000000000000000000	00000000100000000001	00000000000001000	000000000100000	000000000000100000000001
00000000000000000010	000000000000000001010000000	10000000000100000000	00000000000000000	000010010000000	001000000000000000000100
00000000000000000000	000000000100001000000000001	00000000000000000000	00010000000000000	000000000010000	000000000100000000000000
00001000000000100000	000000000000000000000000001	00000000000000000000	00010000000000000	000000000010000	000000000000000000000000
00000000000000000000	000000000000000000000000001	00000000000000000000	00010000000000000	000000000010000	000000000000001000000000
00000000000000000000	000000000100001000000000001	00000000000000000000	00010000000000100	000000000010000	000000000100000000000000
00000000001000010001	000001010000000000000000000	00000000100000000001	00000000000001000	000000000100000	000000000000100000000000
00000000000000000000	000000000010000000000000000	00000000000000000000	00010000000000000	000000000000000	000000000000000000000000
00000000000000000000	000000000000000001010000000	10000000000100001000	00000000000000000	000010000001000	000000000000000000000000
00000000000000000000	000000000100001000000000001	00000000000000000000	00010000000000000	000000000010000	000000000100000000000000
00000000000000000010	000000000000000001010000000	10000000000100000000	00000000000000000	000010010000000	000000000000000000000100
00000000000000000000	000000100000000000000001000	00000000001000000000	00000000101100000	000000000000000	000000000001000000000000
00100100000110000000	000010000000000010000000000	00000000000001000000	00001000010000000	000000000000000	000000000000000001000000
00000000000000000010	000000000000000001010000000	10000000000100000000	00000000000000000	000010010000000	000000000000000000000100
00000000001000010001	000001000000000000000000000	00000000100000000001	00000000000001000	000000000100000	000000000000100000000001
00000000000000000000	000000000000000001010000000	10000000000100000000	00100000000000000	000010000000000	000000000000000000100000
00000000000000000000	000000000000000000000000001	00000000000000000000	00010000000000000	000000000010000	100000000000000000000000
00000000000000000000	000000000000000001010000000	10000000000100000000	00000000000000000	000010010000000	000000000000000100000100
00000000000000000000	000000100000000000000001000	00000000001000000000	00000000101100000	000000000000000	000000010001000000000000
00000000000000000010	000000000000000001010000000	10000000000100000000	00000010000000000	000010010000000	000000000000000000000110
00000000000000000000	100000000000100000001000000	00000001000000000000	00000000000010000	000000000000110	000100000000000000000000
00000000010000000000	000000000000000000000000001	00000000000000000000	00010000000000000	000000000010000	000000000000000000000000
00000000000000000000	000000000000010000000000001	00000000010000000010	00010000000000000	000000000000000	000000000000000000000000
00000000000000000000	000000000000000001010000000	10000000000100000000	00100000000000000	000010000000000	000000000000000000100000
00000000000000000000	000000000000010000000000001	00000000010000000010	00010000000000000	001000000000000	000000000000000000000000
00000000000000000000	000000000000000001010000000	10000000000100000000	00100000000000000	000010000000000	000000000000000000100000
00000000000000000000	000000000000000000000000001	00000000000000000000	00010000000000000	000000000010000	000000000000000000000000
00000000000000000010	000000000000000001010000000	10000000000100000000	00000000000000000	000010010000000	000000000000000000000100
00000000000000000000	000000000000000000000000001	00000000000000000000	00010000000000000	000000000010000	000000000000000000000000
00000000000000000000	000000000010000000000000000	00000000000000000000	00010000000000000	000000000000000	000000000000000000000000
00000000000000000000	000000100000000000000001000	00000000001000000000	01000000101100000	000000000000000	000000000001010000000000
00000000000000000000	000000100000000000000001000	00000000001000000000	00000000101100000	000000000000000	000000000001000000000000
00000100000010000000	000010000000000000000000000	00000000000001000000	00001000000000000	000000000000000	000001000000000001000000
00000000000000000000	000000100000000000000001000	00000000001000000000	01000000101100000	000000000000000	000000000001010000000000
00000000000000000000	000000000010000000000000000	00000000000000000000	00010000000000000	000000000000000	000000000000000000000000
00000000000000000010	000000000000000001010000000	10000000000100000000	00000010000000000	000010010000000	000000000000000000000110
00000000000000000010	000000000000000001010000000	10000000000100000000	00000000000000000	000010010000000	000000000000000000000100
00000000000000000000	000000000100001000000000001	00001000000000000000	00010000000000000	000000000010000	000000000100000000000000
00000000000000000010	000000000000000001010000000	10000000000100000000	00000000000000000	000010010000000	000000000000000000000100
00000000000000000000	000000000000000001010000000	10000000000100000000	00100000000000000	000010000000000	000000000000000000100000
00000000000000000000	000000000000010000000000001	00000000010000000010	00010000000000000	000000000000000	000000000000000000000000
00000000000000001000	000000000000000000000000001	00000000000000000000	00010000000000000	000000000010000	100000000000000000000000
00000001000001000000	000000000000000000000000001	00000000000000000100	00010000000000000	000100000010000	000000000000000000000000
00000000001000010001	000001000000000000000000000	00000000100000000001	00000000000001010	000000000100000	000000000000100000000000
00000000000000000000	000000000000000001010000000	10000000000100000000	00100000000000000	000010000000000	000000000000000000100000
00000000000000000000	000000000000000000000000001	00000000000000000000	00010000000000000	000000000010000	000000000010000000000000
00000000001000010001	000001000000000000000000000	00000000100000000001	00000000000001000	000000000100000	000000000000100000000000
00000000000000000010	000000000000000001010000000	10000000000100000000	00000000000000000	000010010000000	001000000000000000000100
00000000001000010001	000001000000000000000000000	00000000100000000001	00000000000001000	100000000100000	000000000000100000000000
00000000000000000000	000000000000000000000100001	01000000000000000000	00010000000000000	000001000000000	000000000000000000001000
00000000000000000000	000000000000000001010000000	10000000000100001000	00000000000000000	000010000001000	000000000000000000000000
00000000000000000000	000000000000000001010000000	10000000000100000000	00100000000000000	000010000000000	000000000000000000100000
00000000000000000000	000000000000010000000000001	00000000010000000010	00010000000000000	000000000000000	000000000000000000000000
00000000000000000000	000000000000000001010010000	10000000000110000000	00000000000000000	000010010000000	000000000000000000000100
00000000000000000000	000000000000000000000000001	00000000000000000000	00010000000000000	000000000010000	000000000000000000000000
00000000000000000000	000000000000010000000000001	00000000010000000010	00010000000000000	000000000000000	000000000000000000000000
00000000000000000000	000000000000000000000000001	00000000000000000000	00010000000000000	000000000010000	100000000000000000000000
00000000000000000000	000000001000000000001000000	00000101000000000000	00000000000010000	000000000000010	000100000000000000000000
00000000000000000000	000000000000000000000100001	01000000000000000000	00010000000000000	000000000000000	000000100000000000000000
00000000000000000000	001000000010000000000000000	00000000000000000000	00010000000000000	000000000000001	000000000000000000000000
00000001000001000000	000000000000000000000000001	00000000000000000100	00010000000000000	000100000010000	000000000000000000000000
00010000000000000100	000000000000000100000000001	00000000000000000000	00010001000000000	010000001010000	010000000000000000000000
00000000000000000000	000000000000000001010000000	10000000000100000000	00100000000000000	000010000000000	000000000000000000100000
00000000000000000000	000000000000000001010000100	10000000000100000000	00100000000000000	000010000000000	000000000000000000100000
00000000000000000000	000000000100001000000000001	00001000000000000000	00010000000000000	000000000010000	000000000100000000000000
00000000000000000000	000000000000010000000000001	00000000010000000010	00010000000000000	001000000000000	000000000000000000000000
00000000000000000000	000000100000000000000001000	00000000001000000000	00000000101100000	000000000000000	000000000001000000000000
00000000000000000000	000000000000000001010000000	10000000000100000000	00100000000000000	000010000000000	000000000000000000100000
00000000000000000000	000000000000000001010000000	10000000000100000000	00000000000000000	000010010000000	000000000000000100000100
10000000000000000010	000000000000000001010000000	10000000000100000000	00000100000000000	000010010000000	000000000000000000000100
