0000000001000000	00000001000000	10000000000000	0000000000000000	00000000010000000	000000001000010
0000000000000000	00000000000000	00000000000000	0000100100000000	00000000000000000	100000000000000
0000000001000000	00000001000000	10000000000000	0000000000000000	00000000010000000	000000001000010
0001000000001000	10000000100000	10000000000000	0100000001000000	00100000010000000	000000000000000
0000000001000000	00000000000000	10010000000000	0000000000000000	00000000010000000	000000000000010
0000000000000001	10000000000000	10000000000000	1000010000000000	00100001010000001	000000000000000
0000000001000000	00000000000000	10000000000000	0000000000000000	00000000010000000	000000000000010
0000000001000000	00000000000000	10000000000000	0000000000000000	00000000010000000	000000000000010
0000000000000000	00000000000000	01000000000000	0000100100000000	00000000000000000	100000000000000
0000000000000000	00000000000000	00000000000000	0000100100000000	00000000000000000	100000000000000
0000000010000000	00000010000000	00001000000000	0010000000000000	00001000000000000	000010000000000
0000000000000000	00000010000000	00001000000000	0000000000000000	00000000000000000	000000000000000
0000000000000001	10000000001000	10000000000000	0000000000000000	00100000010010000	000000000000001
0000000000000000	00000000000000	00000000000000	0000100100000000	00000000000000000	100000000000000
0000000100010100	00001000000000	00000001001010	0000000000100000	00000000000000000	000000000000100
0000000001000000	00000000000000	10000000000000	0000000000000010	00000000010000000	000000000000010
0000000001000000	00000000000000	10000000000000	0000000000000010	00000000010000000	000000000000010
0000000000000000	00000000000100	00000000000000	0000100100000000	00000000000000000	100000000000000
0000000100010000	00001000000000	00000001001000	0000000000000001	00010000000000000	000000000000000
0000000001000000	00000000000000	10000000000000	0000000000000000	00000000010000010	000000000000010
0000000001000000	00000000000000	10000000000000	0000000000000000	00000000010000000	000000000000010
0000000001000000	00000000000000	10000000000000	0000000000000000	00000000010000000	000000000000010
0000000000000000	00000010000000	00001000000000	0000000000000000	00000000000000000	000000000000000
0000000001000000	00000000000000	10000000000000	0000000000000000	10000000010000000	000000000000010
0000000100010000	00001000000000	00000001001000	0000000000000001	00010000000000000	000000000000000
0000000000000000	00000000000000	00000010000000	0000100110000000	00000000000000000	100000000000000
0001000000001000	10000000100000	10000000000000	0100000001000000	00100000010000000	000000000000000
0000000001000000	00000000000000	10000000000000	0000000000000000	10000000010000000	000000000000010
0000000001000010	00000000000000	10000000000000	0000000000000000	00000000010000000	000001000000010
0000000000000001	10000000001000	10000000000000	0000000000000000	00100000010010000	000000000000001
0000000000000000	00000000000000	01000000000000	0000100100000000	00000000000000000	100000000000000
0000000000000000	00000000000000	00000010000000	0000100110000000	00000000000000000	100000000000000
0000000100010000	00001000000000	00000001001000	0000000000000001	00010000000000000	000000000000000
0000000001000000	00000000000000	10000000000000	0000000000000000	00000000010000000	000000000000010
0010000001000000	00000000000000	10000000000000	0000000000000000	00000000010000000	000000000000010
0000000001000000	00000000000000	10000000000000	0000000000000000	00000000010000000	000000000000010
0000000001000000	00000000000000	10000000000000	0000000000000000	00000000010000000	000000000000010
0100000000000000	00000000000000	00000000010001	0000000000000000	00000000000000000	000000000000000
0000000100010000	00001000000000	00000001001000	0000000000000001	00010000000000000	000000000000000
0100000000000000	00000000000000	00000000000001	0001000000000000	00000000000001000	000000000000000
0000000000000000	00000010000000	00001000000000	0000000000000000	00000000000000000	000000000000000
0000000100010000	00001000000000	00000001001000	0000000000000001	00010000000000000	000000000000000
0001000000001000	10000000100000	10000000000000	0100000001000000	00100000010000000	000000000000000
0000000100010000	00001000000010	00000001001000	0000000000000001	00010000000000000	000000000000000
0000000000000001	10000000001000	10000000000100	0000000000000000	00100000010010000	000000000000001
1000000000000001	10000000001000	10000000000000	0000000000000000	00100000010010000	000000000000001
0010000001000000	00000000000000	10000000000000	0000000000000000	00000000010000000	000000000000010
0000000001000000	00000000000000	10000000000000	0000000000000010	00000000010000000	000000000000010
0001000000001000	10000000100000	10000000000000	0100000001000000	00100000010000000	000000000000000
0000000000000000	00000010000000	00001000000000	0000000000000000	00000000000000000	000000000000000
0100000000000000	00000000000000	00000000000001	0000000000000000	00000000000001000	010000000000000
0000000000000000	00000000000000	00000000000000	0000100100000000	00000000000000000	100000000000000
0000000001000000	00000000000000	10000000000000	0000000000000000	00000000010000010	000000000000010
0000100000000001	10000000000000	10000000100000	0000000000000100	00100000010000000	001000100000000
0000000001000000	00000000000000	10000000000000	0000000000000000	00000000010000000	000000000000010
0000000010000000	00000010000000	00001000000000	0010000000000000	00001000000000000	000010000000000
0000000001000000	00000000000000	10000000000000	0000000000000000	00000000010000010	000000000000010
0000000000000001	10000000000000	10000000000000	1000010000000000	00100001010000001	000000000000000
0000010100010000	00001000000000	00000101001000	0000000000000001	00010000000000000	000000000000000
0000000000000000	00000000000000	01000000000000	0000100100000000	00000000000000000	100000000000000
0000000001000000	00000000000000	10000000000000	0000000000000000	00000000010000000	000000000000010
0000000001000000	00000000000000	10010000000000	0000000000000000	00000000010000000	000000000000010
0000000001000000	00000000000000	10000000000000	0000000000000000	00000000010000000	000000000000010
0000000100110000	00001000000000	00000001001000	0000000000000001	00010000000000000	000000000000000
0000000000000000	00000000000000	00000000000000	0000100100000000	00000000000000000	100000000000000
0000000010000000	00000010000000	00001000000000	0010000000000000	00001000000000000	000000000000000
0000000001000000	00000000000000	10000000000000	0000000000000000	00000000010000000	000000000000010
0000000100110000	00001000000000	00000001001000	0000000000000001	00010000000000000	000000000000000
0000000100110000	00001000000000	00000001001000	0000000000000001	00010000000000000	000000000000000
0000000001000000	00010000000000	10000000000000	0000000000000000	00000000010000000	000000000000010
0000000001000000	00000000000000	10000000000000	0000000000000000	00000000010000000	000000000000010
0000000100010000	00001000000000	00000001001000	0000000000000000	00000000000000000	000000000000100
0001000000001000	10000000100000	10000000000000	0100000001000000	00100000010000000	000000000000000
0000000100110000	00001000000000	00000001001000	0000000000000001	00010000000000000	000000000000000
0000000001000000	00000000000000	10010000000000	0000000000000000	00000000010000000	000000000000010
0000000000000000	00000000000000	00000000000000	0000100100010000	00000000000000000	100000000000000
0000000001000000	00010000000000	10000000000000	0000000000000000	00000000010000000	000000000000010
0000100000000001	10000000000000	10000000100000	0000000000000100	00100000010000000	001000100000000
0010000001000000	00000000000000	10000000000000	0000000000000000	00000000010000000	000000000000010
0000000001000000	00100000000000	10000000000000	0000000000000010	00000000010000000	000000000000010
0000000001000000	00000000000000	10000000000000	0000000000000000	00000000010000000	000000000000010
0000000000000001	10000000000000	10000000000000	1000010000000000	00100001010000001	000000000000000
0000000001000000	00000000000001	10000000000000	0000000000000000	00000000010000000	000000000000010
0001000000001000	10000000100000	10000000000000	0100000001000000	00100000010000000	000000000000000
0000000001000000	00000000000000	10000000000000	0000000000000000	10000000010000000	000000000000010
0100000000000000	00000000000000	00000000000001	0000000000000000	00000000000001000	000000000000000
0000000000000000	00000000000000	00000000000000	0000100100000000	00000000000000000	100000000000000
0000000100010100	00001000000000	00000001001010	0000000000100000	00000000000000000	000000000000100
0000000000000000	00000000000000	01000000000000	0000100100000000	00000000000000000	100000000000000
0000000001000000	00000000000000	10000000000000	0000000000000000	00000000010000000	000000000000010
0000000001000000	00000000000000	10000000000000	0000001000000000	10000000010000000	000000000000010
0000000000000000	00000000000000	00000000000000	0000100100000000	00000000000000000	100000000000000
0001000000001000	10000000100000	10000000000000	0100000001000000	00100000010000000	000000000000000
0000000000000000	00000000000000	01000000000000	0000100100000000	00000000000000000	100000000000000
0000000001000000	00000000000000	10000000000000	0000000000000000	00000000010000010	000000000000010
0000000001000000	00000001000000	10000000000000	0000000000000000	00000000010000000	000000010000010
0000000000000000	00000010000000	00001000000000	0000000000000000	00000000000000000	000000000000000
0000000001000000	00000000000000	10000000000000	0000000000000000	00000000010000010	000000000000010
0000000001000000	00000000000000	10000000000000	0000000000000000	00000000010000000	000000000000010
0000000001000000	00000000000000	10000000000000	0000000000000000	00000000010000000	000000000000010
0000000001000000	00000000000000	10000000000000	0000000000000000	00000000010000000	000100000000010
0000000001000000	00000000000000	10000000000000	0000000000000000	00000000010000000	000000000000010
0000000100010000	00001000000010	00000001001000	0000000000000001	00010000000000000	000000000000000
0000000001000000	00000000000000	10000000000000	0000000000000000	00000000010000000	000000000000010
0000000001000000	00010000000000	10000000000000	0000000000000000	00000000010000000	000000000000010
0000000001000000	00000000000000	10000000000000	0000000000000010	00000000010000000	000000000000010
0000000010000000	00000010000000	00001000000000	0010000000000000	00001000000000000	000000000000000
0000000000000000	00000000000000	01000000000000	0000100100000000	01000000000000000	100000000000000
0100000000000000	00000000000000	00000000000001	0000000000000000	00000000000101000	000000000000000
0000000001000000	00000000000000	10000000000000	0000000000000000	00000000010000000	000000000000010
0000000001000000	00000000000000	10000000000000	0000000000000000	00000000010000000	000000000001010
0000000001000000	00000001000000	10000000000000	0000000000000000	00000000010000000	000000001000010
0000000001000000	00000000000000	10000000000000	0000000000000000	00000000010000000	000000000000010
0000000000000000	00000000000100	00000000000000	0000100100000000	00000010000000000	100000000000000
0000000001000000	00000000010000	10000000000000	0000000000000000	00000000010000000	000000000000010
0000000001000000	00000000000000	10000000000000	0000000000000000	00000000010000010	000000000000010
0000000001000000	00000000000000	10010000000000	0000000000000000	00000000010000000	000000000000010
0000000000000001	10000000001000	10000000000000	0000000000000000	00100000011010000	000000000010001
0000000001000000	00000000000000	10000000000000	0000000000000000	00000000010000000	000000000000010
0000000001000000	00000001000000	10000000000000	0000000000000000	00000000010000000	000000010000010
0000000000000001	10000000001000	10000000000100	0000000000000000	00100000010010000	000000000000001
0000000000000000	00000000000000	01000000000000	0000100100000000	00000000000000000	100000000000000
0000000000000000	00000000000000	01000000000000	0000100100000000	00000000000000000	100000000000000
0000000001000000	01000100000000	10000000000000	0000000000000000	00000000010000000	000000000000010
0000001001000000	00000000000000	10000000000000	0000000000000000	00000000010000000	000000000100010
0000000000000001	10000000000000	10000000000000	1000010000000000	00100101110000000	000000000000000
0000000001000000	00000000000000	10000000000000	0000000000000000	00000000010000000	000000000000010
0000000000000000	00000000000000	00000000000000	0000100100000000	00000000000000000	100000000000000
0000001001000000	00000000000000	10000000000000	0000000000000000	00000000010000000	000000000100010
0000000001000000	01000100000000	10000000000000	0000000000000000	00000000010000000	000000000000010
0000000001000000	00000000000000	10000000000000	0000000000000000	00000000010000000	000000000000010
0000100000000001	10000000000000	10000000100000	0000000000000000	00100000010000000	000000100000000
0000000000000001	10000000001000	10000000000100	0000000000000000	00100000010010000	000000000000001
0000000001000000	01000100000000	10000000000000	0000000000000000	00000000010000000	000000000000010
0001000000001000	10000000100000	10000000000000	0100000001000000	00100000010000000	000000000000000
0000000001000000	01000100000000	10000000000000	0000000000000000	00000000010000000	000000000000010
0000000001000000	00000000000000	10000000000000	0000000000000000	00000000010000000	000000000000010
0000001001000000	00000000000000	10000000000000	0000000000000000	00000000010000000	000000000100010
0000000000000000	00000000000000	01100000000000	0000100100000000	00000000000000000	100000000000000
0000000001000000	00000000000000	10000000000000	0000000000000000	00000000010000000	000000000000010
0001000000001000	10000000100000	10000000000000	0100000001000000	00100000010000000	000000000000000
0000000010000000	00000010000000	00001000000000	0010000000000000	00001000000000000	000010000000000
0100000000000000	00000000000000	00000000000001	0000000000001000	00000000000000000	000000000000000
0000100000000001	10000000000000	10000000100000	0000000000000100	00100000010000000	001000100000000
0000000010000000	00000010000000	00001000000000	0010000000000000	00001000000000000	000010000000000
0000000001000000	00000000000000	10000000000000	0000000000000000	00000000010000000	000000000000010
0000000000000000	00000000000000	01000000000000	0000100100000000	00000000000000100	100000000000000
0000000001000010	00000000000000	10000000000000	0000000000000000	00000000010000000	000001000000010
0000000000000001	10000000000000	10000000000000	1000010000000000	00100001010000001	000000000000000
0000000000000000	00000000000000	00000000000000	0000100100000000	00000000000000000	100000000000000
