00000000000	000000000	00100000000000	00100000000000000000	00000000000	00000000000000001
00000000000	000000000	00000000000100	00000000000001000000	00000000000	00100000000000100
00000000000	000000000	00000000000000	00000000000000000000	00100000000	00000100000000000
00000000000	000000000	00000000000000	00000000000000000000	00100000000	00000100000000000
00000000000	000000000	00000000000000	00000000000000000000	00100000000	00010000000000000
00000000000	000000000	00000000000000	00000000000000000100	10000000000	00000000000000000
00000000000	000000000	00000000000000	00000000000000000000	00000000000	00000000000000000
00000001000	000000000	00000000000000	00000000000000000000	00100000000	00000000000000000
00000000000	000000000	00000000000000	00000000000000000000	00010000000	00000000000000000
00000000000	000000000	00000000000000	00000000000000000000	00010000000	00000000000000000
00000000100	001001000	00010000000000	00000000000100010000	00000000000	00000000000010010
00000000000	000000001	00000000000000	00000000000000000100	00000000000	00000000000100000
00000000000	000000000	00100000000000	00100000000000000000	00000000000	00000000000000001
00000000000	000000001	00000000000000	00000000000000000100	00000000000	00000000100100000
00000000000	000000000	00000000000000	00000000000000000000	00010000000	00000000000000000
00000000000	000000000	00000000000000	00000000000000000000	00010000000	00000000000000000
00000000000	000000000	00000000001000	00000000100000000000	00000000000	00000000000000000
11000000000	000000000	10000000000000	00000100000000000000	00000000100	00001000000000000
00000000000	000000100	00000000000100	00000000000001000000	00000000000	00100000000000100
00000000000	000000000	00000000000000	00000000000000000000	00100000000	00000100000000000
00000000100	001010000	00010000000000	00000000000100010000	00000000000	00000000000010010
00000000000	000000001	00000000000000	00000000000000000100	00000000000	00000000000100000
00000000000	000000001	00000000000000	00000000000000000100	00000000000	00000000000100000
11000000000	010000000	00000000000000	00000000000000000000	00000000100	10001000000000000
00010100000	000000000	00000000000001	00000000010000000000	00010000000	00000000000000000
00000000000	000000010	00000000000000	00001000000000000000	00000000000	00000000001000000
00000000100	001001000	00010000000000	00000000000100010000	00000000000	00000000000010010
00000000000	000000000	00000000000000	00000000000000000000	00000000000	00000000000000000
00000000001	000000000	00000000000000	00000000000000000000	00100000000	00000100000000000
00000000100	001001000	00010000000000	00000000000100010000	00000000000	00000000000010010
00010100000	000000000	00000000000001	00000000000000000000	00010000000	00000000000000000
11000000000	000000000	10000000000000	00000100000000000000	00000000100	00001000000000000
00000000100	001010000	00010000000000	00000000000100010000	00000000000	00000000000010010
00000000000	000000000	00000000000000	00000000000000000000	00000000000	00000000000000000
00001000000	000000000	00000000000000	00000000000000000100	10000000000	00000000000000000
00000000000	000000000	00100000000000	00100000000000000000	00000000000	00000000000000001
00000000100	001000000	00010000000000	00000000001100010000	00000000000	00000000000010010
00000000000	000000001	00000000000000	00000000000000000100	00000000000	00000000000100000
00000001010	000000000	00000000000000	00000000000000000000	00100000000	00000000000000000
00000000000	000000000	00000100000000	00000000000000000000	00010000000	00000001000000000
00000000100	001000000	00010000000000	00000000000100011000	00000000000	00000000000010010
00000000100	001000000	00010000000000	00000001000100010000	00000000000	00000000000010010
00000000000	000000000	00000000000100	00000000000001000000	00000000000	00100000000000100
00000000000	000000010	00000000000000	00001000000000000000	00000000000	00000000001000000
00000000000	000000000	00100000000000	00100000000000000000	00000000000	00000000000000001
00000000000	000000000	00100000000000	00100000000000000000	00000000001	00000000000000001
11000000000	000000000	10000000000000	00000100000000000000	00000000100	00001000000000000
11000000000	000000000	10000000000000	00000100000000000000	00000000100	00001000000000000
00000000000	000000010	00000001000000	00001000000000000000	00000010000	00000000000000000
00000000000	000000000	00000000000100	00000000000001000000	00000000000	00100000000000100
00000000000	000000000	00000000000100	00000000000001000000	00000000000	00100000000000100
00000000000	000000000	00000000000100	00000000000001000000	00000000000	00100000000000100
11000000000	010000000	00000000000000	00000000000000000000	00000000100	10001000000000000
00000000000	000000000	00000000000100	00000000000001000000	00000000000	00100000000001100
11000000000	010000000	00000000000000	00000000000000000000	00000000100	10001000000000000
00000000100	001001000	00010000000000	00000000000100010000	00000000000	00000000000010010
00000000100	001010000	00010000000000	00000000000100010000	00000000000	00000000000010010
00000000000	000000000	00000000000000	00000000000000000000	00000000000	00000000000000000
00000000100	001001000	00010000000000	00000000000100010000	00000000000	00000000000010010
00000000000	000000000	00100000000000	00100000000000000000	00000000000	00000000000000001
00000000000	000000000	00100000000000	00100000000000000000	00000000000	00000000000000001
00000000000	000000010	00000000000000	00001000000000000000	00000000000	00000000001000000
00010100000	000000000	00000000000001	00000000000000000000	00010000000	00000000000000000
00000000000	000000000	00000000000100	00000000000001000000	01000000000	00100000000000100
00000000000	000000000	00000000000000	00000000000000000000	00011000000	00000000010000000
00000000000	000000000	00000000000100	00000000000001000000	00000000000	00100000000001100
00000000000	000000000	00000000100000	00000000000000000000	00010000000	00000010000000000
00000001000	000000000	00000000000000	00000000000000000000	00100000000	00000000000000000
00000000100	001010000	00010000000000	00000000000100010000	00000000000	00000000000010010
00000000000	000000000	00000000000000	00000000000000000100	10000000000	00000000000000000
00000000000	000000000	00000000000000	00000000000000000000	00000000000	00000000000000000
00000000000	000000001	00000000000000	00000000000000000100	00000000000	00000000000100000
00000000000	000000001	00000000000000	00000000000000000100	00000000000	00000000000100000
00000000000	000000000	00100000000010	00100000000000000000	00000000000	00000000000000001
11000000000	000000000	10000000000000	00000100000000000000	00000000100	00001000000000000
00010100000	000000000	00000000000001	00000000000000000000	00010000000	01000000000000000
00000000000	000000000	00000000000000	00000000000000000100	10000000000	00000000000000000
00000001000	000000000	00000000000000	00000010000000000000	00100000010	00000000000000000
00000000000	000000000	00000000000000	00000000000000000000	00010000000	00000000000000000
00000000000	000000001	00000000000000	00000000000000000100	00000000000	00000000000100000
00000000000	000000000	00000000000000	00000000000000000100	10000000000	00000000000000000
00000000000	000000000	00000000000000	00000000000000100100	10000000000	00000000000000000
00000000001	000000000	00000000000000	00000000000000000000	00100000000	00000100000000000
11000000000	000000000	10000000000000	00000100000000000001	00000000100	00001000000000000
00000000000	000000000	00000000000000	00000000000000000100	10000000000	00000000000000000
00000000000	000000000	00100000000010	00100000000000000000	00000000000	00000000000000001
11000000000	010000000	00000000000000	00000000000000000000	00000000100	10001000000000000
00000000100	001001000	00010000000000	00000000000100010000	00000000000	00000000000010010
00000000000	000000010	00000000000000	00001000000000000000	00000000000	00000000000000000
00000000000	000000000	00000000000100	00000000000001000000	00000000000	00100000000000100
00000010100	001001000	00010000000000	00000000000100010000	00000000000	00000000000010010
00000000000	000000000	00000100000000	00000000000000000000	00010000000	00000001000000000
00000000000	000000000	00000000000000	00000000000000000100	10000000000	00000000000000000
00000000000	000000000	00000000000100	00000000000001000000	00000000000	00100000000000100
00000000100	001000000	00010000000000	00010000000100011000	00000000000	00000000000010010
00000000000	000000000	00000000000000	00000000000000000000	00011000000	00000000000000000
00000000000	000000000	00000000000100	00000000000001000000	00000000000	00100000000000100
00000000000	000000000	00000000000000	00000000000000000000	00100000000	00000100000000000
00000000100	001000000	00010000000000	00000001000100010000	00000000000	00000000000010010
00000000000	000000000	00000000000000	00000000000000000100	10000000000	00000000000000000
00000000000	000000001	00000000000000	00000000000000000100	00000000000	00000000000100000
11000000000	000000000	10000000000000	00000100000000000000	00000000100	00001000000000000
00000000000	000000000	00000000000000	00000000000000000000	00000000000	00000000000000000
00000000000	000000001	00000000000000	00000000000000000100	00000000000	00000000000100000
00000001010	000000000	00000000000000	00000000000000000000	00100000000	00000000000000000
00000000000	000100010	00000000000000	00001000000000000000	00000000000	00000000000000000
11000000000	000000000	10000000000000	00000100000000000001	00000000100	00001000000000000
00000000000	000000000	01000010010000	00000000000010000000	00000001000	00000000000000000
00000000000	000000000	00000000000000	00000000000000000000	00000000000	00000000000000000
00000000100	001000000	00010000000000	00000000001100010010	00000000000	00000000000010010
00000000000	000000000	00000000000000	00000000000000000000	00011000000	00000000000000000
00000000000	000000010	00000001000000	00001000000000000000	00000000000	00000000000000000
00000000000	000000000	00000000000000	00000000000000000000	00010000000	00000000000000000
11000000000	010000000	00000000000000	00000000000000000000	00000000100	10001000000000000
00000000000	000000010	00000000000000	00001000000000000000	00000000000	00000000001000000
00000000100	001000000	00010000000000	00000000000100010000	00000000000	00000000000010010
00000000000	000000000	00000000000000	00000000000000000000	00000000000	00000000000000000
00000000000	000000000	00000000000000	00000000000000000000	00000000000	00000000000000000
00000000000	000000010	00000001000000	00001000000000000000	00000000000	00000000000000000
00000000000	000000000	00000010010000	00000000000010000000	00000001000	00000000000000000
00000000000	000000000	00000000000100	00000000000001000000	00000000000	00100000000000100
00000001010	000000000	00000000000000	00000000000000000000	00100000000	00000000000000000
00000000000	000000001	00000000000000	00000000000000000100	00000000000	00000000000000000
11000000000	010000000	00000000000000	00000000000000000000	00000000100	10001000000000000
00000000000	000000000	00000000000000	00000000000000000100	10000000000	00000000000000000
00000000000	000000001	00000000000000	00000000000000000100	00000000000	00000000000100000
00000000000	000000000	00000000000000	00000000000000000000	00100000000	00010000000000000
00100000000	000000000	00000000000000	00000000000000000000	00000100000	00000000000000000
00000000000	000000000	00000000000000	00000000000000000100	10000000000	00000000000000000
00000000000	000000000	00000000000000	00000000000000000100	10000000000	00000000000000000
00000000000	000000000	00000000000100	00000000000001000000	00000000000	00100000000000100
00000000000	000000000	00100000000000	00100000000000000000	00000000000	00000000000000001
00000000000	000000001	00000000000000	00000000000000000100	00000000000	00000000000100000
00000000000	000000010	00000000000000	00001000000000000000	00000000000	00000000001000000
00000000000	100000000	00000000000000	11000000000000000000	00010000000	00000000000000000
00000000000	000000001	00000000000000	00000000000000000100	00000000000	00000000000100000
00000000000	000000000	00000000000100	00000000000001000000	00000000000	00100000000000100
00000000100	001000000	00010000000000	00010000000100011000	00000000000	00000000000010010
00000000000	000000000	00000000000000	00000000000000000000	00010000000	00000000000000000
00000000000	000000000	00000000000000	00000000000000000100	10000000000	00000000000000000
00000000100	001001000	00010000000000	00000000000100010000	00000000000	00000000000010010
00000000100	001010000	00010000000000	00000000000100010000	00000000000	00000000000010010
00100000000	000000000	00000000000000	00000000000000000000	00000100000	00000000000000000
00010100000	000000000	00000000000001	00000000000000000000	00010000000	00000000000000000
00000000000	000000000	00000000000000	00000000000000000000	00010000000	00000000000000000
00000000001	000000000	00000000000000	00000000000000000000	00100000000	00000100000000000
00000000000	000000000	00000000000000	00000000000000000000	00000000000	00000000000000000
00010100000	000000000	00000000000001	00000000000000000000	00010000000	00000000000000000
00000000000	000000000	00001000000000	00000000000000100100	10000000000	00000000000000000
00000000000	000000000	00000000000000	00000000000000000000	00000000000	00000000000000000
