00000000	0000000	0000000001	00010000000	00100000001	00000000000000
00000000	0000000	0000000000	00000000100	00000000010	00000000000000
00000000	0000000	0000000000	00000000000	00000000000	01000000000000
00000000	0000000	0000000000	00000000000	00000000000	00000000000000
00000000	0000000	0000100000	00000000000	10000000000	00000000000000
00000011	1000000	0010000000	00001000000	00001000000	00000000000000
00000000	0000000	0000000000	00000000000	00000000000	00000000000000
00000000	0000000	0000000000	00000000100	00000000000	00000000000000
00000000	0000000	0000000000	00000000000	00000000000	10000000000000
00000000	0000000	0000000000	00100000000	00000000000	00000000100000
00000000	0000000	0000000001	00010000000	00100000001	00000000000000
00000000	0000001	0000000000	00000000000	00000000000	00000000000110
00000011	1000000	0000000000	00000000000	00000000000	00000000000000
00000000	0000000	0000000000	00000000000	00000000000	00000000000000
00000100	1000000	0000010000	00000000000	00000000000	00000000000000
00000000	0000000	0000000000	00000000000	00000000000	00000000000000
00000000	1000000	0000000000	00000000000	00000000000	00000000000000
00000000	0000000	0000000000	00000000000	00000000000	00000000000000
00000000	0000000	0000000000	00000000000	00000000000	00000000000000
00000000	0000000	0000001000	00000000000	00000000000	00000000000000
00000000	0000000	0000000000	00000000000	00000000000	00000000000000
00000000	0000000	0000000000	00000000000	00000000000	00000000100000
00000000	0000000	0000100000	00000000000	10000000000	00000000000000
00000000	0000000	0000000000	00000000000	00000000000	00000000000000
00000000	0000000	0000000000	00000000000	00000000000	00000000000000
00000000	0000000	0000000010	00000000000	00000000000	00000000000000
00000000	0000000	1000000000	00000010000	00000000000	00000000000000
00000000	0000000	0000000000	00000000000	00000000000	00000000000000
00000000	0100000	0000000000	00000000000	00000000000	00000000000000
00000000	0000000	0000000000	00000000001	00100000101	00000000000000
00000000	0000000	0000000000	00000000000	00000000000	00000100000000
00000000	0000000	0000100000	00000000000	10000000000	00000000000000
00000000	1000000	0000010000	00000000000	00000000000	00000000000000
00000000	0000000	0000000000	00000000010	00000001000	00000000000000
10000000	0000000	0000000000	00000000000	01000000000	00000000000000
00000000	0000001	0000000000	00000000000	00000000000	00000010000010
00000000	0000000	0000000000	00000000000	00000000000	00000000000000
00100000	0000000	0000100000	00000000000	00000000000	00000000000000
00000000	0000000	0000000000	00000000000	00000000000	00100000000000
00000000	0100000	0000000000	00000000000	00000000000	00000000000000
10000000	0000000	0000000000	00000000000	00000000000	00000000000000
00000000	0000000	1000000000	00000000000	00000010000	00000000000000
00000000	0000000	0000000000	00000000000	00100000001	00000000000000
00000000	0000000	0000000000	00000000000	00000000000	00000100000000
00000000	0000000	0000000000	00000000000	00000000000	00100000000000
00000000	0100000	0000000000	00000000000	00000000000	00000000000000
00000000	0000000	0000000000	00000000000	00000000000	00000000000000
00100000	0000000	0000100000	00000000000	00000000000	00000000000000
00000000	0000000	0000100000	00000000000	10000000000	00000000000000
00000000	0000001	0000000000	00000000000	00000000000	00000000000010
01100000	0000000	0000100100	00000000000	00000000000	00000000000000
10000000	0000000	0000000000	00000000000	01000000000	00000000000000
00000011	1000000	0010000000	00001000000	00001000000	00000000000000
00000000	0000000	0000000000	00000000100	00000000000	00000000000000
00000000	0000000	0000000000	00000000001	00100000101	00000000000000
00000000	1000000	0000010000	00000000000	00000000000	00010000000000
00000000	0000000	0000000000	00000000000	00000000000	00000000000000
00000000	0000000	0000000000	00000000000	00000000000	00000000000000
00100000	0000000	0000100000	00000000000	00000000000	00000000000000
10000000	0000000	0000000000	00000000000	00000000000	00000000000000
00000000	0000000	0000000000	00000000000	00000000000	00000000100000
10000000	0000000	0000000000	00000000000	01000000000	00000000000000
00000000	0000000	1000000000	00000010000	00000000000	00000000000000
00000000	0000000	0000000000	00000000000	00000000000	00000000000000
00000000	0000000	0000000000	00000000100	00000000010	00000000000000
00000000	0000000	0000000000	00000000000	00000000000	00000000001000
00000000	0000000	0000100000	00000000000	10000000000	00000000000000
00000000	0000000	0000000000	00000000000	00000000000	00000000000000
00000011	1000000	0000000000	00001000000	00001000000	00000000000000
00000000	0000000	0000100000	00000000000	10000000000	00000000000000
00001000	0000000	0000000000	00000000000	00000000000	00000000000000
00000000	0000000	0000000000	00000000000	00000000000	00000100000000
00000000	0000000	0000000000	00000000000	00000000000	00000000001000
00000000	0000000	0000000010	00000000000	00000000000	00000000000000
00000000	1000000	0000010000	00000000000	00000000000	00000000000000
00000000	0000000	0000000000	00000000000	00000000000	00000000000000
00000000	0000001	0000000000	00000000000	00000000000	00000010000010
00000011	1000000	0000000000	00000000000	00000000000	00000000000000
00000000	1000000	0000010000	00000000000	00000000000	00000000000000
00000000	0000000	0000000000	00000000000	00000000000	00000000000000
00100000	0000000	0000100000	00000000000	00000000000	00000000000000
00000000	0000000	0000000000	00000000000	00000000000	00000000000000
00000000	0000000	0000000000	00000000100	00000000010	00000000000000
00000000	0000000	0000000000	00000000000	00000000000	00000000000000
00000011	1000000	0000000000	00001000000	00001000000	00000000000000
00000000	0000000	0000000000	00000000000	00000000000	00000000000000
00000000	0100000	0000000000	00000000000	00000000000	00000000000000
00000000	0000000	0000000000	00000000000	00000000000	00000000000010
00000000	0000000	0000000000	00000000100	00000000000	00000000000000
00000000	0000000	0000000000	00000000000	00000000000	00000000001000
00000000	0001010	0000000000	00000000000	00000000000	00000001000000
00000000	0000000	0000000000	00000000000	00000000000	00000000001000
00000000	0000000	0000100000	00000000000	10000000000	00000000000000
00000000	0000001	0000000000	00000000000	00000000000	00000010000010
00000000	0000000	0000000000	00000000000	00000000000	00100000000000
00000000	0000000	1000000000	00000000000	00000010000	00000000000000
00000000	0000000	0000000000	00000000000	00000000000	00000000000000
00000000	0010000	0000000000	00000000000	00000000000	00000000000000
00000000	1000000	0000000000	00000000000	00000000000	00000000000000
00000011	1000000	0000000000	00001000000	00001000000	00000000000000
00000000	0000000	0000000000	00000000000	00000000000	00000000100000
00000000	0000000	0000100000	00000000000	10000000000	00000000000000
00000000	0000000	0000000000	00000000000	00000000000	00000000000000
00000000	0000000	0000000000	00000000000	00000000000	00000000000000
00000011	1000000	0010000000	00001000000	00001000000	00000000000000
00000000	0000000	1000000000	00000000000	00000010000	00000000000000
00000000	0000000	0000000000	00000000000	00000000000	00000000000000
00010000	0000000	0000000000	00000000000	00000000000	00000000000000
00000000	0000000	0000000000	00000000010	00000001000	00000000000000
00000000	0000000	0000000000	00000000000	00000000000	00000000100000
00000000	0000000	0000000000	00000000000	00000000000	00000000000000
00000011	1000000	0000000000	10000100000	00000000000	00000000000000
00000000	0000000	0000000000	00000000000	00000000000	00000000010000
00000000	0000000	0100000010	00000000000	00000000000	00000000000000
00000000	0000000	0000000000	00000000000	00000000000	00000000001000
00000000	0000000	0000000000	00000000000	00100000101	00000000000000
10000000	0000000	0000000000	00000000000	00000000000	00000000000000
00000011	1000000	0000000000	00000000000	00000000000	00000000000000
00000000	1000000	0000000000	00000000000	00000000000	00000000000000
00000000	1000000	0000010000	00000000000	00000000000	00000000000001
00000000	0000000	0000000000	00000000000	00100000101	00000000000000
00000000	0000000	0000000000	00000000000	00000000000	00000000000000
00000000	0000000	0000000000	00000000000	00000000000	00000000000000
00000000	0000000	0000000000	00000000000	00000000000	00000000100000
00000000	0000000	0000000000	01000000000	00000000000	00000000000000
00000000	0000000	0000000000	00000001000	00000000000	00000000000000
00000000	0000000	0000000000	00000000100	00000000000	00000000000000
00000000	0000000	0000000000	00000000000	00000000000	00000000000000
00000000	0000000	0000000000	01000000000	00000000000	00000000000000
00000000	0000001	0000000000	00000000000	00000000000	00000000000010
00000000	0000000	0000000000	00000000000	00000000000	00000100000000
00000000	0000000	0000000000	00000000100	00000000000	00000000000000
00000000	0000000	0000000000	00000000000	00000000000	00000000000000
00100000	0000000	0000100000	00000000000	00000000000	00000000000000
00000000	1000000	0000010000	00000000000	00000000000	00000000000000
00000000	0000000	0000000000	00000000000	00000000000	00000000000000
00000000	0000000	0000000000	00000000000	00100000101	00000000000000
00000000	0000000	0001000000	00000000000	00010100000	00001000000000
00000000	0000000	0000000000	00000000000	00000000000	00000000000000
00000000	0000000	1000000000	00000000000	00000010000	00000000000000
00000000	0000000	0000000000	00000000000	00000000000	00000000000000
10000000	0000000	0000000000	00000000000	00000000000	00000000000000
00000000	0000000	0000000000	00000000000	00000000000	00000000000010
00000011	1000000	0000000000	00000000000	00000000000	00000000000000
00000000	0000000	0000000000	00000000000	00000000000	00000000000010
00000000	1000000	0000010000	00000000000	00000000000	00000000000000
00000000	1000000	0000010000	00000000000	00000000000	00000000000000
00000000	0000100	0000000000	00000000000	00000000000	00000000000000
00000000	0000000	0000000000	00000000000	00000000000	00000000000000
00000000	0000000	0000000000	00000000000	00000000000	00000000000000
