000000000	000	0000000000	00000000	000	000000
000000000	000	0000000000	00000000	000	000000
000000000	000	0000000000	00000000	000	000000
000000000	100	0000000000	00000000	000	000000
000000000	000	0000000000	00000000	000	000000
000000000	000	0000000000	00000000	000	000000
000000000	000	0000000100	00100000	000	000000
000000000	000	0000000000	00000000	000	000000
000000000	000	0000000000	00000000	000	000000
100000000	000	0000001000	00000000	000	000000
000000000	000	0000000000	00000000	000	001000
000000001	000	0000000000	00000000	000	100000
000000000	000	0000000000	00000000	001	000000
000000000	000	0000000000	00000000	000	000000
000000000	000	0000000000	00000000	000	000000
000000000	000	0000000000	00000000	000	000000
000000000	000	0000000000	00000000	000	000000
000000000	000	0000000000	00000000	000	000000
000000000	000	0000000000	00000000	000	000000
000000001	000	0000000000	00000000	000	000000
000000000	000	0000000000	00000000	000	000000
000000000	000	0000000000	00000010	000	000000
000000000	000	0000000000	00000000	000	000000
000000000	000	0000000000	00000000	000	000000
000000000	000	0000000000	00000000	000	000000
000000000	000	0000000000	00000000	100	000010
000000000	000	0000000000	00000000	000	000000
000000000	000	0000000000	00000000	000	000000
000000000	000	0000000000	00000000	000	000000
000000000	000	0000000000	00000000	000	000000
000000000	000	0000000000	00000000	000	000000
000000000	000	0000000000	00000000	000	000000
000000000	000	0000000000	00000000	000	000000
000000000	000	0000000000	00000000	000	000000
000000000	000	0000000000	00000000	000	000000
000000000	000	0000000000	01000000	000	000000
000000001	000	0000000000	00000100	000	000000
000000000	000	0000000000	00000000	000	000000
000000000	000	0000000000	00000000	000	000100
000000000	100	0000000000	00000000	000	000000
000000000	000	0000000000	00000000	000	000000
000000000	000	0000000000	00000000	000	000000
000000000	000	0000000000	00000000	000	000000
000000000	000	0000000000	01000000	000	000000
000000000	000	0000000000	00000000	000	000000
000000000	000	0000000000	00000000	000	000000
000000000	000	0000000000	00000000	000	000000
000000000	000	0000000100	00100000	000	000000
000000000	000	0000000000	00000000	000	000000
000000000	000	0000000000	00000000	000	000100
000000000	000	0000000000	00000000	000	000000
000000000	000	0000000000	10000001	000	000000
000000000	000	0000000000	00000000	000	000100
000000000	000	0000000000	00000010	000	000000
000000000	000	0000000000	00000000	000	000000
000000000	000	0000000000	00000000	000	000000
000000000	000	0000000000	00000000	000	000000
000000000	000	0000000001	00000000	000	000000
000000000	000	0000000000	00000000	000	000000
000000000	000	0000000000	00000000	000	000010
000100000	000	0000000000	00010000	000	000000
000000000	000	0000000000	00000000	000	000000
000000000	000	0000000000	00000000	000	000000
000000000	000	0000000000	00000000	000	000000
000000000	000	0000000000	00000000	000	000000
000000000	001	0000100000	00000000	000	000000
000000000	000	0000000000	10000000	000	000000
000000001	000	0000000000	00000000	000	100000
000000000	000	0000000000	00000000	000	000000
000000000	000	1000000000	00000000	000	000001
000000000	000	0000000000	00000000	000	000000
000000000	000	0000000000	00000000	000	000000
000000000	000	0000000001	00000000	000	000000
000000000	000	0000000000	00000000	000	000000
000000000	000	0000000000	00000000	000	000000
000000000	000	0000000100	00100000	000	000000
000000000	000	0000000000	00000010	000	000000
000000000	000	0000000000	00000000	000	000000
000000000	000	0000000000	00000000	000	000000
000000000	000	0000000000	00000000	000	000000
000000000	000	0000000000	00000000	000	000000
000000000	000	0000000000	00000000	000	000000
000000000	000	0000000000	00000000	000	000000
000000010	000	0000000000	00000000	000	000000
000000000	000	0000000000	00000000	000	000000
000000000	000	0000000100	00100000	000	000000
000010000	000	0000000000	00000000	000	000000
000000000	000	0000000000	00000000	000	000000
000000000	000	0000000000	00000010	000	000000
000000000	000	0000010000	00000000	000	000000
000000001	000	0000000000	00000000	000	100000
000000000	010	0000000000	00000000	000	000000
000000000	000	0000000000	00000000	000	000000
000000000	000	0000100000	00000000	000	000000
000000001	000	0000000000	00000100	000	000000
000001010	000	0000000000	00000000	000	000000
000000000	000	0000000100	00100000	000	000000
000000000	000	0000000000	00000000	000	000000
000001010	000	0000000000	00000000	000	010000
000000000	000	0000000000	00000000	000	000000
000000000	000	0000000001	00000000	000	000000
000000000	000	0000000000	00000000	000	000000
000000000	000	0000000000	00000000	000	000000
000000000	000	0000000000	00000000	000	000000
000000000	000	0000000000	00000000	000	000000
000000001	000	0000000000	00000000	000	000000
000000000	000	0000000000	00000000	000	000000
000000000	000	0000000000	00000000	000	000000
000000000	000	0001000000	00000000	000	000000
000000000	000	0000000000	00000000	000	000000
001000000	000	0000000000	00000000	000	000000
000000000	000	0000000000	00000000	000	000000
000000000	000	0000000000	00000000	010	000000
000000000	000	0000000000	00000000	000	000000
000000000	000	0000000000	00000000	000	000000
000000000	000	0000000000	00000000	000	000000
000000000	000	0000000100	00100000	000	000000
000000000	000	0000000000	00000000	000	000000
000000000	000	0000000001	00000000	000	000000
000000000	000	0000000000	00000000	000	000000
000000000	000	0000000000	00000000	000	000000
000000000	000	0000000000	00000000	000	000000
000000000	000	0000010000	00000000	000	000000
000000000	000	0000000100	00100000	000	000000
000000000	100	0000000000	00000000	000	000000
000000000	000	0000000000	00000000	000	000000
000000000	000	0000000100	00100000	000	000000
000000100	000	0000000000	00000000	000	000000
000000000	000	0000000000	00000000	000	000000
000000000	000	0000000000	00000000	000	000000
000000000	000	0100000000	00001000	000	000000
000000000	000	0000000000	00100000	000	000000
100000000	000	0000001000	00000000	000	000000
000000000	000	0000000000	00000000	000	000000
000000000	000	0000000000	00000000	000	000000
000000000	000	0000000000	00000000	000	000000
000000000	000	0000000000	00000000	000	000000
000000000	100	0000000000	00000000	000	000000
000000000	000	0000000000	00000000	000	000000
000000000	000	0000000010	00000000	000	000000
000000000	000	0000000000	00000000	000	000000
010000000	000	0000000000	00000000	000	000000
000000000	000	0000000000	00000000	000	000000
000000000	000	0000000000	00000000	000	000010
000000000	000	0000000000	00000000	000	000000
010000000	000	0000000000	00000000	000	000000
000000000	000	0010000000	00100000	000	000000
000000000	000	0000000000	00000000	000	000000
000000000	000	0000000000	00000000	000	000000
000000000	000	0000010000	00000000	000	000000
