0000000000000	000	0000000	00000000	00000000000	00000000
0000000000000	000	0000000	00000000	00000000000	00000000
0000000000000	000	0000000	00000000	00000000000	00000000
0001000000000	000	0000000	01000000	00100000000	00000000
0000000000000	000	0000000	00000000	00000000000	00000000
0000000000000	000	0000000	00000000	00000000000	00000000
0000000000000	000	0000000	00000000	00000000000	00000000
0000000000000	000	0000000	00000000	00000000000	00000000
0000000000000	000	0000000	00000000	00000000000	00000000
0000000000000	000	0000000	00100000	00000000000	00000000
0000000000000	000	0000000	00000000	00000000000	00000000
0000000000100	000	0000100	00000000	00000000000	00000000
0000000000000	000	0000000	00000000	00000000000	00000000
0000000000000	000	0000000	00000000	00000000000	00000000
0000000000000	000	0000000	00000000	00000000000	00000000
0000000000000	000	0000001	00000000	00000000000	00000000
0000000000000	000	0000000	00000000	00000000000	00000000
0000000000000	000	0000000	00000000	00000000000	00000000
0000000000000	000	0000000	00000000	00000000000	00000000
0000000000000	000	0000000	00000000	00000000000	00000000
0000000000000	000	0000000	00000000	00000000000	00000000
0000000000000	000	0000000	00000000	00000000000	00000000
0000000000000	000	0000000	00000000	00000000000	00000100
0000000000000	000	0000000	00000000	00000000000	00000000
0000000000000	000	0000000	00000000	00000000000	00000000
0000000000000	000	0000000	00000000	00000000000	00001000
0000000000000	000	0000000	00000000	00000000000	00000001
0000000000000	000	0000000	00000000	00000000000	00100000
0000000000001	000	0000000	00000000	00000000000	00000000
0000000000000	000	0000000	00000000	00000000000	00000000
0000000000000	000	0000000	00000000	00000000000	00100000
0000000000010	000	0000000	00000010	00000000000	00010000
0000000000000	000	0000000	00000000	00000001000	00000000
0000000000000	000	0000000	00000100	00000000000	00000000
0000000000000	000	0000000	00000000	00000000000	00000000
0000000000000	000	0000000	00000000	00000000000	00000000
0001000000000	000	0000000	01000000	00100000000	00000000
0000000000000	000	0000000	00000000	00000000000	00000000
0000000000000	000	0000000	00000000	00000000000	00000000
0000000010000	000	0000000	10000000	00000000000	00000000
0000000000000	000	0000000	00000000	00000000000	00000000
0000000000000	000	0000000	00000000	00000000000	00000000
0000000000000	000	0000000	00000000	00000000000	00000000
0000000000000	000	0000000	00000000	00000000000	00000000
1000000000000	000	0000000	00000000	00000000000	00000000
0000000000000	000	0000000	00000000	00000000000	00000000
0000000000000	000	0000000	00000000	00000000000	00100000
0000000000000	000	0000000	00000000	00000000000	00000000
0000000000000	000	0000000	00000000	00000000000	00000000
0010000000000	000	0000000	00000000	00000000000	00000000
0000000000000	000	0000000	00000000	00000000000	00000000
0000000000000	000	0000000	00000000	00000000000	00000000
0000000000000	000	0000000	00000000	00000000000	00000000
0000000001000	010	0000000	00000000	00000000000	00000000
0000000000000	000	0000000	00000000	00000000000	00000000
0000000000000	000	0000000	00000000	00000010000	00000000
0000000000000	000	0000000	00000000	00000000001	00000000
0000000000000	000	0000000	00000000	00000000000	00000000
0000000000000	000	0000000	00000000	00000000000	00000000
0000000000000	000	0000000	00000000	00000000000	00000000
0000000000000	000	0000000	00000000	00000000000	00000000
0000000000000	000	0000000	00000000	00000000000	10000010
0000000000000	000	0000000	00000000	01000000000	00000000
0000000000000	000	0000010	00000000	00000000000	00000000
0000000000000	000	0000000	00000000	00000000000	00000000
0000000000000	000	0000000	00000000	00000000000	00000000
0000000000000	000	0000000	00000000	00000000000	00000000
0000000000000	000	1000000	00000000	00000000000	00000000
0000000000000	000	0000000	00000000	00000000000	00000000
0000000000000	000	0000000	00000000	00000000000	00000000
0000100000000	000	0000000	00000000	00000000000	00000000
0000000000000	000	0000000	00000000	00000000000	00000010
0000000000000	000	0000000	00000000	00000000000	01000000
0000000000000	000	0000000	00000000	00000000000	00000000
0000000000000	000	0000000	00000100	00000000000	00000000
0000000000000	000	0000000	00000001	00000000010	00000000
0000000000100	000	0000100	00000000	00000000000	00000000
0000000000000	001	0000000	00000000	00000000100	00000000
0000000000000	000	0000000	00000000	00010000000	00000000
0000000000000	010	0000000	00000000	00000000000	00000000
0000000000000	000	0000000	00000100	00000000000	00000000
0000000000000	000	0000010	00000000	00000000000	00000000
0000000000000	000	0000000	00000000	00000000000	00000000
0000011000000	000	0000000	00000000	10000000000	00000000
0000000000000	000	0000000	00000000	00000000000	00100000
0000000000000	000	0000000	00000100	00000000000	00000000
0000000000000	000	0000000	00000000	00000000000	00000000
0000000000000	000	0000000	00000000	00000000000	00000000
0000000000000	000	0000000	00000000	00000000000	00100000
0000100000000	000	0000000	00000000	00000000000	00000000
0000000000000	000	0000000	00000000	00000000001	00000000
0000000000000	000	0000000	00000000	00000000000	00000000
0000000000000	000	0000000	00000000	00000000000	00000000
0000000000000	000	0000000	00000000	00000000000	00000000
0000000000000	000	0000000	00000000	00000000000	00000000
0000000000000	000	0000000	00000000	00000000000	00000000
0000000000000	000	0000000	00000000	00000000000	00000000
0000000000000	000	0000000	00000000	00000000000	00000000
0000000000000	000	0000000	00000000	00000000000	00000000
0000000000000	000	0000000	00000000	00000000000	00100000
0100000000000	000	0000000	00000000	00000000000	00000000
0000000000000	000	0000000	00000000	00000000000	00000000
0000000000000	000	0000000	00000000	00000000000	00000000
0000000000100	000	0000100	00000000	00000000000	00000000
0000000000000	000	0000000	00000000	00000000000	00000000
0000000000000	000	0000000	00000000	00000000000	00000000
0000011000000	000	0000000	00000000	10000000000	00000000
0000011000000	000	0000000	00000000	10000000000	00000000
0000000000000	000	0000000	00000000	00000000000	00000000
0000000000000	000	0000000	00000000	00000000000	00000000
0000000000000	000	0000000	00000000	00000000000	00000000
0000000000000	000	0000000	00000001	00000000010	00000000
0000000000000	000	0000000	00000000	00000000000	00000000
0000000000000	000	0000000	00001000	00000000000	00000000
0000000000000	000	0000000	00000000	00000000000	00000010
0000000000000	000	0000000	00000000	00000000000	00000000
0000000000000	000	0000000	00000000	00000000000	00000000
0000000000000	000	0000000	00000100	00000000000	00000000
0000000000000	000	0000000	00000000	00000000000	00100000
0000000000000	000	0000000	00000000	00000000000	00000000
0000000000000	000	0000000	00000000	00000000000	00000000
0000000000000	000	0000000	00000000	00000000000	00000000
0000000000000	000	0100000	00000000	00000000000	00000000
0000000000000	000	0000000	00000000	00000100000	00000000
0000000010000	000	0000000	10000000	00000000000	00000000
0000000000001	000	0000000	00000000	00000000000	00000000
0000000000000	000	0000000	00000000	00000000000	00000000
0000000000000	000	0010000	00000001	00000000000	00000000
0000000000000	000	0000000	00000000	00000000000	00000000
0000000000000	000	0000000	00000000	00000000000	00000000
0000000000000	000	0000000	00000000	00000000000	00000000
0000000000000	000	0000000	00000000	00000000000	00000000
0000000000000	000	0000000	00000000	00000000000	00000000
0000000000000	000	0000000	00010000	00000000000	00000000
0000000000000	000	0000000	00000000	00000000000	00000000
0000000000000	000	0001000	00000000	00000000000	00000000
0000000000000	100	0000000	00000000	00000000000	00000000
0000000000000	000	0000000	00000000	00000000000	00000000
0000000000000	000	0000000	00000000	00000000000	00000000
0000000000000	000	0000000	00000000	00001000000	01000000
0000000000000	000	0000000	00000000	00000000000	00000000
0000000000000	000	0000000	00000000	00000000000	00000100
0000000000000	000	0000000	00000000	00000000000	00000000
0000000000000	000	0000000	00000000	00000000000	00000000
0000000000000	000	0000000	00000000	00000000000	00100000
0000000000000	000	0100000	00000000	00000000000	00000000
0000000000000	000	0000000	00000000	00000000000	00000000
0000000000000	000	0000000	00000000	00000000000	00000000
0000000000000	000	0000000	00000000	00000000000	00000000
0000000100000	000	0000000	00000000	00000000000	00000000
