00000000000000000	00000000000000000000000000	00000000000010000	000000000000000100000000	0000000000	0000000000000000000
00000011000000000	00000000000000000000000000	00000000000000000	000000000000000000000000	0000000000	0000000000000000000
00000000000000000	00000000000000000000000000	00000000000010000	000000000000000100000000	0000000000	0000000000000000000
00000000000000000	00000001000010000011000000	00100000010000000	000000000000000000000000	0000000000	0000000000000000100
00000000000000000	00000000000000000000000000	00000100000010000	000000000000000100000010	0000000000	0000000000000000000
00000000000000000	00000000000000000000000000	00000010000011000	000000000010100100000000	0000000000	0000000000000000000
00000000000000000	00000000000000000000000000	00000000000000000	000000000000000000000000	0000000000	0000000000000000000
00000000000000000	00000000000000000000000100	00000000000000000	000000000000000000000000	0000000000	0000000000000001000
00010000100101000	00000000000000000000001000	00000000000100000	000000000001010000000000	0000010000	0000001000000000000
01000000000000000	00000000000000000000000000	00000000000000000	000000000000000000000000	0000000000	1000000000000000000
00000000000000100	00000000000000000000000000	00000000000000000	000000000000000000100000	0000001000	0000000011000000000
00000000000000000	00000000000000000000000000	00000010000011000	000000000010100100000000	0000000000	0000000000010000000
00010000100011000	00000000100000000000001000	00000000000100000	000000000001010000000000	0000010000	0000001000000000000
00000000000000000	00000000000000000000000000	00000000000010000	000000000010100100000000	0000100000	0000000000000000000
00000000000000000	00000001000010000000000000	00100000010000000	000000000000000000000000	0000000000	0000000000000000000
00000000000000000	00000001000010000000000000	00100000010000000	000000000000000000000000	0000000000	0000000000000000000
10000000000000000	00000000001000000000000000	00000000000000111	000000000000000000000000	1000000000	0000000000000000000
00000000000000001	10000000000100000000000000	00000000000000000	000000000000000001000000	0000000000	0000100100000000000
00000000000000000	00000000000000000000000000	00000100000010000	000000000000000100000010	0000000000	0000000000000000000
10000000000000000	00000000001000000000000000	00000000000000100	000000000000000000010000	1000000000	0000000000000000000
00000000000000000	00000000000000000000000000	00000100000010000	000000000000000100000010	0000000000	0000000000000000000
10000000000000000	00000000001000000000000000	00000000000000101	000000000000000000000000	1000000000	0000000000000000000
00000000000000000	00000000000000000100000000	00000000000000000	000000000000000000100000	0000001000	0000000011000000000
00000000000000000	00000001000010000000100000	00100000010000000	000000000000000000000000	0000000000	0000000000000000000
00010000110001000	00000000000000000000001000	00000000000100000	000000000001010000000000	0000010000	0000001000000000000
00000000000000000	00000001000010000000000000	00100000010000000	000000000000000000000000	0000000000	0000000000000000000
00000000000000000	00010000010000100000000011	00000000000000000	000000000000000000000000	1010000010	0100000000000000000
00000000000000000	00000000000000000000000000	10000000000000000	000000000000000000000000	0000000000	0000000000000100000
00000000000000000	00000000000000000000000000	00000000000010000	000000000000000100000000	0000000000	0000010000000010000
00000000000000000	00000001000010000000000000	00100000010000000	000000000000000000000000	0000000000	0000000000000000000
00000000000000000	00000001000010000000000000	00100000010000000	000000000000000000000000	0000000000	0000000000000000000
00000000000000000	00000001000010000000000000	00100000011000000	000000000000000000000000	0000000000	0000000000000000000
00000000000000000	00000001000010000000000000	00100000010000000	000000000000000000000000	0000000000	0000000000100000000
00000000000000000	00000000000000000000000000	00000000000000000	000010000000000000000000	0000000000	0010000000000000001
00000000000000000	00010000010000100000000011	00000000000000000	000000000000000000000000	1010000011	0000000000000000000
00000000000000000	00000001000010000000000000	00100000010000000	000000000000000000000000	0000000000	0000000000000000000
00000000000000000	00000001000010000000000000	00100000010000000	000000000000000000000000	0000000000	0000000000100000000
10000000000000000	00000000001000000000000000	00000000000000101	000000000000000000000000	1000000000	0000000000000000000
00000000000000000	00000000000000000000000000	10000000000000000	000000000000000000000000	0000000000	0000000000000100000
00100000000000000	00000001000010000000000000	00100000010000000	000000000000000000000000	0000000000	0000000000000000000
00000000000000000	00000001000010000000000000	00100000011000000	000000000000000000000000	0000000000	0000000000000000000
00000000000000000	00000001000010000010000000	00100000010000000	000000000000000000000000	0000000000	0000000000000000100
00100000000000000	00000001000010000000000000	00100000010000000	000000000000000000000000	0000000000	0000000000000000000
00000000000000000	00000001000010000000000000	00100000010000000	000000000000000000000100	0000000000	0000000000000000000
00000100000000000	00000000000000000000000000	11000000000000000	000000000000000000000000	0000000000	0000000000000100000
00000000000000000	00000000000000000000000000	00000000000000000	000000000000000000100000	0000001100	0000000011000000000
00000000000000000	00000001000010000000000000	00100000010000000	000000000000000000000000	0000000000	0000000000000000100
00000100000000000	00000000000000000000000000	11000000000000000	000000000000000000000000	0000000000	0000000000000100000
00000000000000000	00000000000000000000000000	00001000100010000	000000000010100100000000	0000100000	0000000000000000000
00000011000000000	00001000000000000000000000	00000000000000000	000000000000000000000000	0101000000	0001000000000000000
00000000000000000	00000001000010000000000000	00100000010000000	000000000000000000000000	0000000000	0000000000000000000
00000011000000000	00000000000000000000000000	00000000000000000	000000000000000000000000	0000000000	0000000000000000000
00000000000000000	00000001000010000000000000	00100000010000000	000000000000000000000000	0000000000	0000000000000000000
10000000000000000	00000000001000000000000000	00000000000000101	000000000000000000000000	1000000000	0000000000000000000
00000000000000000	00000000000000000000000000	00000000000000000	000000000000000000100000	0000001100	0000000011000000000
00000000000000000	00000000000001000000000000	00000010000011000	000000000010100100000000	0000000000	0000000000010000000
10000000000000000	00000000001000000000000000	00000000000000100	000000000000000000000000	1000000000	0000000000000000000
00000000000000000	00000001000010000000000000	00100000010000000	000000000000000000000000	0000000000	0000000000100000000
00000000000000000	00000000000000000000000000	00000000000000000	000000000000000000100000	0000001000	0000000011000000000
10000000000000000	00100000001000000000000000	00000000000000100	000000000000000000010000	1000000000	0000000000000000000
00000000000000000	00000001000010000000000000	00100000011000000	000000000000000000000000	0000000000	0000000000000000000
00100000000000000	00000001000010000000000000	00100000010000000	000000000000000000000000	0000000000	0000000000000000000
00000000000000000	00000001000010000000000000	00100000010000000	000000000000000000000000	0000000000	0000000000000000000
00000000000000000	00010000010000100000000011	00000000000000000	000000000000000000000000	1010000010	0100000000000000000
00000000000000000	00000000000000000000000000	00000010000011000	000000000010100100000000	0000000000	0000000000010000000
00000000000000000	00000000000000000000000000	10000000000000000	000000000000000000000000	0000000000	0000000000001100000
00000000000000000	00000000000000000000000000	00000000000000000	000010000000000000000000	0000000000	0010000000000000001
00000000000000000	00000000000000000000000100	00000000000000000	000000000000000000000000	0000000000	0000000000000001000
00000000000000000	00000000000000000000000000	00000000000010000	000000000000000100000000	0000000000	0000000000000000000
00000000000000000	00000000000000000000000100	00000000000000000	000000000000000000000000	0000000000	0000000000000001000
00000000000000000	00000000000000000000000000	00000000000010000	000000000000000100000000	0000000000	0000000000000000000
00000000000000000	00000000000000000100000000	00000000000000000	000000000000000000100000	0000001000	0000000011000000000
00000011000000000	00000000000000000000000000	00000000000000000	000000000000000000000000	0000000000	0000000000000000000
00000000000000000	00000001000010000000000000	00100000011000000	000000000000000000000000	0000000000	0000000000000000000
10000000000000000	00000000001000000000000000	00000000000000100	000000000000000000000000	1000000000	0000000000000000000
00000000000000000	00000000000000000000000100	00000000000000000	000000000000000000000000	0000000000	0000000000000001000
10000000000000000	00000000001000000000000000	00000000000000100	000000000000000000000000	1000000000	0000000000000000000
00000000000000000	00000000000000000000000000	00000000000010000	000000000000000100000000	0000000000	0000000000000000000
00000011000000000	00000000000000000000000000	00000000000000000	000000000000000000000000	0000000000	0000000000000000000
00000000000000000	00000001000010000000000000	00100000011000000	000000000000000000000000	0000000000	0000000000000000000
10000000000000000	00000000001000000000000000	00000000000000101	000000000000000000000000	1000000000	0000000000000000000
00000000000000000	00000000000000000100000000	00000000000000000	000000000000000000100000	0000001000	0000000011000000000
00000011000000010	00000000000000000000000000	00000000000000000	000000000000000000000000	0101000000	0001000000000000000
10000000000000000	00000000001000000000000000	00000000000000101	000000000100000000000000	1000000000	0000000000000000000
00000011000000000	00000000000000000000000000	00000000000000000	000000000000000000000000	0000000000	0000000000000000000
00000000000000000	00000001000010000000000000	00100000010000000	000000000000000000000000	0000000000	0000000000000000000
00000000000000100	00000000000000000000000000	00000000000000000	000000000000000000100000	0000001000	0000000011000000000
00000000000000000	00000001000010000000000000	00100000010000000	000000000000000000000000	0000000000	0000000000000000000
00000000000000000	00000010000000000000000000	00000000000000000	000000000000000000100000	0000001000	0000000011000000000
00000000000000000	00000000000000000000000100	00000000000000000	000000000000000000000000	0000000000	0000000000000001000
00000100000000000	00000000000000000000000000	11000000000000000	000000000000000000000000	0000000000	0000000000000100000
10000000000000000	00000000001000000000000000	00000000000000100	000000000000000000000000	1000000000	0000000000000000000
00010000110001000	00000000000000000000001000	00000000000100000	000000000001010000000000	0000010000	0000001000000000000
00000000001000000	00000000000000000000000000	00000000000000000	010100100000000010000000	0000000000	0000000000000000000
00000100000000000	00000000000000000000000000	11000000000000000	000000000000000000000000	0000000000	0000000000000100000
00000000000000000	00000000000000000000000000	00000000000000000	000000000000000000100000	0000001000	0000000011000000000
10000000000000000	00000000001000000000000000	00000001000000101	000000000100000000000000	1000000000	0000000000000000000
00000000000000000	00000000000000000000000000	00000100000010000	000000000000000100000010	0000000000	0000000000000000000
00000000000000000	00000000000000000000000100	00000000000000000	000000000000000000000000	0000000000	0000000000000001000
00000000000000000	00010000010000100000000011	00000000000000000	000000000000000000000000	1010000010	0100000000000000000
00000000000000000	00000001000010000010000000	00100000010000000	000000000000000000000000	0000000000	0000000000000000100
00000000000000000	00000000000001000000000000	00000010000011000	000000000010100100000000	0000000000	0000000000010000000
00000000001000000	00000000000000000000000000	00000000000000000	010100100000000010000000	0000000000	0000000000000000000
10000000000000000	00000000001000000000000000	00000000000000100	000000000000000000010000	1000000000	0000000000000000000
10000000000000000	00000000001000000000000000	00000000000000100	000000000000000000000000	1000000000	0000000000000000000
00000011000000000	00000000000000000000000000	00000000000000000	000000000000000000000000	0000000000	0000000000000000000
00000000000000000	00010000010000100000000011	00000000000000000	000000000000000000000000	1010000010	0100000000000000000
00000000000000000	00000001000010000000000000	00100000011000000	000000000000000000000000	0000000000	0000000000000000000
00010000100101000	00000000000000000000001000	00000000000100000	000000000001010000000000	0000010000	0000001000000000000
00000000000000000	00000000000000000000000100	00000000000000000	000000000000000000000000	0000000000	0000000000000001000
00000000000000000	00010000010000100000000011	00000000000000000	000000000000000000000000	1010000010	0100000000000000000
00000000000000100	00000000000000000000000000	00000000000000000	000000000000000000100000	0000001000	0000000011000000000
00000000000000000	00010000010000100000000011	00000000000000000	000000000000000000000000	1010000010	0100000000000000000
10000000000000000	00000000001000000000000000	00000000000000100	000000000000000000010000	1000000000	0000000000000000000
00000000000000000	00000000000000000000000000	10000000000000000	000000000000000000000000	0000000000	0000000000000100000
00000000000000000	00000001000010000000000000	00100000011000000	000000000000000000000000	0000000000	0000000000000000000
00000100000000000	00000000000000000000000000	11000000000000000	000000000000000000000000	0000000000	0000000000000100000
01000000000000000	00000000000000000000000000	00000000000000000	000000000000000000000000	0000000000	1000000000000000000
00000000000000000	00000001000010000000000000	00100000010000000	000000000000000000000000	0000000000	0000000000000000000
00000000000000100	00000000000000000000000000	00000000000000000	000000000000000000100000	0000001000	0000000011000000000
00000000000000000	00000000000000001000000000	00000000000010000	000000000010100100000000	0000100000	0000000000000000000
00000000000000000	00000000000000010000000000	00000000000010000	001000000000000100000000	0000000000	0000010000000000000
00000011000000010	00000000000000000000000000	00000000000000000	000000000000000000000000	0101000000	0001000000000000000
00000000000000000	00000001000010000010000000	00100000010000000	000000000000000000000000	0000000000	0000000000000000100
00000000000000000	00000001000010000000000000	00100000010000000	000000000000000000000000	0000000000	0000000000000000000
00000000000000000	00000000000000000000000000	00000000000000000	000000000000000000100000	0000001000	0000000011000000000
00000000000000000	00000000000000000000000000	00000000000000000	100000000000000000100000	0000001000	0000000011000000000
00000011000000000	00000000000000000000000000	00000000000000000	000000000000000000000000	0000000000	0000000000000000000
00000000000000000	00000000000000000000000000	00000000000010000	000000000000000100000000	0000000000	0000000000000000000
00000000000000000	00000000000000010000000000	00000000000010000	000000000000000100000000	0000000000	0000010000000000000
00000000000000000	00000000000000000000010000	00000000000000000	000000001000001000001000	0000000000	0000000000000000000
00000000000000000	01000001000010000000000000	00100000010000000	000000000000000000000000	0000000000	0000000000100000000
10000000000000000	00000000001000000000000000	00000000000000100	000000000000000000010000	1000000000	0000000000000000000
00010000100001000	00000000000000000000001000	00000000000100000	000000000001010000000000	0000010000	0000001000000000000
00000000000000000	00000000000000000000000100	00000000000000000	000001000000000000000001	0000000000	0000000000000001000
10000000000000000	00000000001000000000000000	00000000000000100	000000000000000000010000	1000000000	0000000000000000000
00000000000000000	00000000000000000100000000	00000000000000000	000000010000000000100000	0000001000	0000000011000000000
00000000000000000	00000001000010000000000000	00100000010000000	000000000000000000000000	0000000000	0000000000100000000
00000000000000000	00000001000010000000000000	00100000010000000	000000000000000000000000	0000000000	0000000000000000100
00000000000000000	00000001000010000000000000	00100000010000000	000000000000000000000000	0000000000	0000000000000000000
00000000000000000	00000001000010000000000000	00100000010000000	000000000000000000000000	0000000000	0000000000000000000
00000000000000000	01000001000010000000000000	00100000010000000	000000000000000000000000	0000000000	0000000000100000000
00000000000000000	00000000000000000000000100	00000000000000000	000000000000000000000000	0000000000	0000000000000001000
00000000000000000	00000000000000000000000100	00000000000000000	000000000000000000000000	0000000000	0000000000000001000
00000000000000000	00000001000010000000000000	00100000010000000	000000000000000000000000	0000000000	0000000000000000000
00000000000000000	00000001000010000000000000	00100000010000000	000000000000000000000000	0000000000	0000000000000000000
00000000000000000	00000100000000000000000000	00010000000000000	000000000000000000000000	0000000000	0000000000000000010
00000000000000000	00000000000000000100000000	00000000000000000	000000000000000000100000	0000001000	0000000011000000000
00000000000000000	00000000000000000000000100	00000000000000000	000000000000000000000000	0000000000	0000000000000001000
00001000000000000	00000000000000000000000100	00000000000000000	000000000000000000000000	0000000000	0000000000000001000
