100000000000	00000000000000	0000000000	00000000000000000000	000000000000000000	000000000000000000000
000000000000	00000010010000	0010000100	00000000000000100000	000000000000001000	000000000000100000000
000000000000	00000000000000	0000000010	01000000000000000000	010000000000000000	000001000000000000000
100000000000	00000000000000	0000000000	00000000000000000000	000000000000000000	000000000000000000000
001000000000	01000000000000	0000000000	00010000000000000000	000000000000000000	000000000000000000010
000000001000	01000000000000	0000000000	00000000000000000000	100000000000100000	000000000000000000000
000000000000	00100010100000	0000000100	00000000000000100000	000000000000001000	000000010000000000000
001000000000	01000000000000	0000000000	00000000000000000000	000000000000000000	000000000000000000010
000000000000	00000000000000	0000000010	01000000000000000000	010000000000000000	000001000000000000000
000000001000	01000000000000	0000000000	00000000000000001000	100000000000100000	000000000000000000000
000000000000	00100010000000	0000000100	00000000000000100000	000000000000001000	000000010000000000000
100000000000	00000000000000	0000000000	00000000000000000000	000000000000000000	000000000000000000000
000000000000	00000000000000	0000000000	01000000000000000000	010000000000000100	000001000000000000000
000000000000	00000000000000	0000000000	00000000000000000000	000000000000000000	000000000000000000000
000000000000	00000000000000	0000000000	01000001000000000000	010000000001000100	000001000000000000000
000001000000	00000000000000	0000000000	00000000000000000000	000000000000000000	000000000000000000000
000000000000	00000000000000	0001010000	00000000000000000000	000000010000000000	000000000000000000000
000000000000	00000000000000	0100000000	00001010000000000000	000000100000000000	000000100000000000000
000000000000	00000000000000	0000000001	00000000000000000000	000000000000000010	000010000000000000000
100000010000	00000000000000	0000000000	00000000000000000000	000000000000000000	000000000000000000000
000000000000	00000000000000	0000010000	00000000000000000000	000000010000000000	000000000000000000000
100000000000	00000000000000	0000000000	00000000000000000000	000000000000000000	000000000000000000000
100000000000	00000000000000	0000000000	00000000000000000000	000000000000000000	000000000000000000000
100000000000	00000000000000	0000000000	00000000000010000000	000000000000000000	000000000000000000000
000000000000	00000000000000	0000000010	01000000000000000000	010000000000000000	000001001000000000000
000000000000	00000000000000	0000000000	01000000000000000000	010000000000000000	000001000000000000000
000000000000	01000000000010	1000000000	00000000000000000000	000000000000000000	000000000010010000000
000000000001	00000010010000	0010000100	00100000000000100000	000000000000001000	000000000000100000001
000000000000	00100010000000	0000000100	00000000000000100000	000000000000001000	000000010000000000000
000000000000	10000000000000	0100000000	00000010000000000000	000000100000000000	000000000000000000000
100000000000	00000000000000	0000000000	00000000000000000000	000000000000000000	000000000000000000000
001000000000	01000000000000	0000000000	00000000000000000000	000000000000000000	000000000000000000010
000000000000	00000000000000	0100000000	00000010000000000000	000000100000000000	000000000000000000000
000010000000	00000010010000	0010000100	00000000000000100000	000000000000001000	000000000000100000000
000000000000	10000000000000	0100000000	00000010000000000000	000000100000000000	000000000000000000000
100000000000	00000000000000	0000000000	00000000000000000000	000000000000000000	000000000000000000000
001000000000	01000000000000	0000000000	00000000000000000000	000000000000000000	000000000000000000010
000000000000	00000000000000	0000000000	01000000000001000000	010000000000000000	000001000000000000000
100000000000	00000000000000	0000000000	00000000000000000000	000000000000000000	000000000000000000000
010000000100	00010000000000	0100000000	00001010000000000000	000000100000000000	000000100000000000000
000000000010	00001000001000	0000000000	00000000010000010000	000001000000000000	000000000000000000100
100000000000	00000000000000	0000000000	00000000000000000000	000000000000000000	000000000000000000000
000000000000	00000000000000	0100000000	00000010001000000000	000000100000000000	000000000000000000000
100000000000	00000000000000	0000000000	00000000000010000000	000000000000000000	000000000000000000000
001000000000	01000000000000	0000000000	00000000000000000000	000000000000000000	000000000000000000010
000000000000	00000000000000	0000110000	00000000000000000000	000000010000000000	000000000000000000000
000000000000	00000010010001	0010000100	00000000000000100000	001000000000001000	000000000000100000000
000000000000	00000000000000	0000000000	01000000000001000000	010000000000000000	000001000000000000000
000000000000	00100010000000	0000000100	00000000000000100000	000000000000001000	000000010000000000000
000000000000	00000010010000	0010001100	00000000000000100000	000000000000001000	000000000000100000000
001000000000	01000000000000	0000000000	00000000000000000000	000000000000000000	000000000000000000010
100000000000	00000000000000	0000000000	10000000000000000000	000000000000000000	000000000000000000000
000000000000	00000010010001	0010000100	00000000000000100000	001000000000001000	000000000000100000000
000010000000	00000010010000	0010000100	00000000000000100000	000000000000001000	000000000000100000000
000000000000	00000000000000	0000000000	01000000000000000000	010000000000000100	000001000000000000000
000000000000	00000010010000	0010000100	00000000000000100000	000000000000001000	000000000000100000000
000000000000	00000000000000	0000000000	01000000000000000000	010000000000000000	000001000000000000000
100000010000	00000000000000	0000000000	00000000000000000000	000000000000000000	000000000000000000000
000000000000	00000000000000	0000000000	01000000000001000000	010000000000000000	000001000000000000000
000000000000	00000000000000	0100000000	00001010000000000000	000000100000000000	000000000000000000000
000000000000	00000000000000	0000000000	00000000000000000000	000000000000000000	000000000000000000000
000000000000	00000000000000	0000000000	01000000000000000000	010000000000000000	000001000000000000000
000000000000	00000000000000	0000000000	01000000000001000000	010000000000000000	000001000000000000000
000000000010	00001000001000	0000000000	00000000010000000000	000001000000000000	000000000000000000100
001000000000	01000000000000	0000000000	00000000000000000000	000000000000000000	000000000000000000010
100000000000	00000000000000	0000000000	00000000000010000000	000000000000000000	000000000000000000000
000000000000	00000000000000	0100000000	00001010000000000000	000000101000000000	000000000100000000000
000000000000	00000010010000	0010000100	00000000000000100000	000000000000001000	000000000000100000000
100000000000	00000000000000	0000000000	00000000000000000000	000000000000000000	000000000000000000000
100000000000	00000000000000	0000000000	00000000000000000000	000000000000000000	000000000000000010000
000000000000	01000000000000	0000000000	00000000000000000001	000000000000000000	010000000000000000000
000000000000	00000000000000	0000000000	00000000000000000000	000000000000010000	000000000000000001000
000000000000	00000000000000	0000000010	01000000000000000000	010000000000000000	000001000000000000000
000000000000	00000000000000	0000000000	00000000000000000000	000000000000000000	000000000000000000000
000000000000	00000010010000	0010000100	00000000000000100000	000000000000001000	000000000000100000000
001000000000	01000000000000	0000000000	00000000000000000000	000000000000000000	000000000000000000010
000000000000	00000000000000	0000000000	01000000000001000000	010000000000000000	000001000000000000000
000000000000	00000000000000	0000000000	00000000000000000000	000000000000000000	000000000000000000000
000000001000	01000000000000	0000000000	00000000000000001000	100000000000100000	000000000000000000000
100000000000	00000000000000	0000000000	00000000000000000000	000000000000000000	000000000000000000000
000000000000	00000000000000	0000000000	00000000000000000000	000000000000000000	000000000000000000000
100000000000	00000001000000	0000000000	00000000000010000000	000000000000000000	000000000000001000000
000000001000	01000000000000	0000000000	00000000000000000000	100000000000100000	000000000000000000000
000000000010	00001000000000	0000000000	00000000010000000000	000001000000000000	000000000000000000100
000000000000	00000010010001	0010000100	00000000000000100000	001000000000001000	000000000000100000000
000000000000	00000000000000	0000010000	00000000000000000000	000000010000000000	000000000000000000000
000100000000	00000000000000	0000000000	00000000000000000000	000000000000000000	001000000000000000000
100000000000	00000000000000	0000000000	00000000000000000000	000000000000000000	000000000000000000000
000000000000	00000010000000	0000000100	00000000000000100010	000000000010001000	000000000000000000000
100000000000	00000000000000	0000000000	00000000000010000000	000000000000000000	000000000000000000000
000000000000	00000010010001	0010000100	00000000000000100000	001000000000001000	000000000000100000000
000000000000	00000010010001	0010000100	00000000000000100000	001000000000001000	000000000000100000000
000000000000	00000000000000	0000000000	00000000100000000000	000000000000000000	000000000000000000000
100000010000	00000000000000	0000000000	00000000000000000000	000000000000000000	000000000000000000000
000000000000	01000000000010	1000000000	00000000000000000000	000000000000000000	000000000010010000000
000000000000	01000000000010	1000000000	00000000000000000000	000000000000000000	000000000010010000000
100000010000	00000000000000	0000000000	00000000000000000000	000000000000000000	000000000000000000000
000000000000	00000000000000	0000000000	01000000000000000000	010100000000000100	000001000000000000000
000000000000	00000010010000	0010000100	00000000000000100000	000000000000001000	000000000000100000000
100000000000	00000000000000	0000000000	00000000000000000000	000000000000000000	000000000000000000000
000000000000	00000000000000	0000000000	01000000000001000000	010000000000000000	000001000000000000000
100000000000	00000000000000	0000000000	00000000000010000000	000000000000000000	000000000000000000000
000000000000	00000000000000	0100000000	00001010000000000000	000000100000000000	000000100000000000000
000000000000	00100010000000	0000000100	00000000000000100000	000000000000001000	000000010000000000000
100000010000	00000000000000	0000000000	00000000000000000000	000000000000000000	000000000000000000000
000000001000	01000000000000	0000000000	00000000000000000000	100000000000100000	000000000000000000000
100000000000	00000000000000	0000000000	00000000000000000000	000000000000000000	000000000000000010000
000100000000	00000000000000	0000000000	00000000000000000000	000000000000000000	000000000000000000000
000000000000	00000000000000	0000000000	01000000000001000000	010000000000000000	000001000000000000000
000000000000	00000010000000	0000000100	00000000000000100010	000000000010001000	000000000000000000000
000000001000	01000000000000	0000000000	00000000000000001000	100000000000100000	000000000000000000000
000000000000	00000000000000	0000000000	00000000000000000000	000000000000000000	100000000000000000000
000000000000	00000010010000	0010000100	00000000000000100000	000000000100001000	000000000000100000000
000000001000	01000000000000	0000000000	00000000000100001000	100000000000100000	000000000000000000000
000000000000	00000010010000	0010000100	00000000000000100000	000000000000001000	000000000000100000000
100000000000	00000000000000	0000000000	00000000000000000000	000000000000000000	000000000000000000000
000000000000	00000000000000	0000000000	00000000100000000000	000000000000000000	000000000000000000000
000000100000	00000000000000	0000000000	00000000000000000100	000010000000000001	000110000000000000000
000000000000	00000000000000	0000000001	00000000000000000000	000000000000000000	000010000000000000000
000000000000	00000010010000	0010000100	00100000000000100000	000000000000001000	000000000000100000001
000000000000	00000000000000	0000000010	01000000000000000000	010000000000000000	000001001000000000000
000000000000	00000000000000	0100000000	00000010001000000000	000000100000000000	000000000000000000000
100000000000	00000000000000	0000000000	00000000000000000000	000000000000000000	000000000000000000000
000000000000	00000000000000	0100000000	00001010000000000000	000000100000000000	000000000000000000000
100000000000	00000000000000	0000000000	00000000000000000000	000000000000000000	000000000000000000000
000000000000	01000000000000	0000000000	00000000000000000000	100000000000100000	000000000000000000000
001000000000	01000000000000	0000000000	00000000000000000000	000000000000000000	000000000000000000010
100000000000	00000000000000	0000000000	00000000000000000000	000000000000000000	000000000000000000000
000000000000	01000000000010	1000000000	00000000000000000000	000000000000000000	000000000011010000000
000000000000	00000010010000	0010000100	00000000000000100000	000000000000001000	000000000000100000000
000000000000	00000000000000	0000000010	01000000000000000000	010000000000000000	000001001000000000000
001000000000	01000000000000	0000000000	00000000000000000000	000000000000000000	000000000000000000010
000010000000	00000010010000	0010000100	00000000000000100000	000000000000001000	000000000000100000000
000000100000	00000000000000	0000000000	00000000000000000100	000000000000000001	000110000000000000000
100000000000	00000000000000	0000000000	00000000000000000000	000000000000000000	000000000000000000000
000000000000	00000000000000	0100000000	00001010000000000000	000000100000000000	000000000000000000000
000000000000	01000000000010	1000000000	00000000000000000000	000000000000000000	000000000011010000000
100000000000	00000000000000	0000000000	00000000000000000000	000000000000000000	000000000000000100000
000000000000	00000010010000	0010000100	00000000000000100000	000000000100001000	000000000000100000000
000000000000	00000110010100	0010000100	00000000000000100000	000000000000001000	000000000000100000000
000000000000	00000010010000	0010000100	00000000000000100000	000000000000001000	000000000000100000000
000000000000	00000000000000	0000010000	00000000000000000000	000000010000000000	000000000000000000000
000000000000	00000000000000	0000000000	00000000000000000000	000000000000010000	000000000000000001000
000000000000	00100010000000	0000000100	00000000000000100000	000000000000001000	000000010000000000000
000000000000	00000000000000	0100000000	00000010001000000000	000000100000000000	000000000000000000000
100000000000	00000000000000	0000000000	00000000000000000000	000000000000000000	000000000000000000000
000000000000	00000110010100	0010000100	00000000000000100000	000000000000001000	000000000000100000000
000000000000	01000000000000	0000000000	00000100000000000000	100000000000100000	000000000000000000000
000000000000	00000010010000	0010000100	00000000000000100000	000000000000001000	000000000000100000000
100000000000	00000000000000	0000000000	00000000000000000000	000000000000000000	000000000000000000000
