01000000000000	000000000000	000000000001	0000000000000	00100000000000000	000000000000000000000000	000000000000000000	0000000000000000000	0000000000	0000000000000000
00000000000000	000000000000	000000000000	0000001000000	00000000000000000	000000001000000000000000	000000000000000000	0000000000010000100	0000000000	0000000000010000
00010000000000	100100000000	001000000000	0000000000000	00000000000000000	000000000100000000000000	000010000000000000	0001000000000000000	0010000010	0000000000000000
00000000000000	000000010000	000000000000	0000001000000	00000000000000000	000000001000000000000000	000100000000000000	0000000000000010000	0000000000	0000000000010000
00000000000000	000000100000	000000000000	0001000000000	00000000000000000	000000000000000000000000	000000000000000100	0000000000000000001	0000000000	0000000000000000
01000000000000	000000000000	000000100000	0000000000000	00100000000000000	100000000000000000000000	000000000000000000	0000000000000000000	0000000000	0000000000000000
00000000000000	000000000000	000000000000	0000001001000	00000000000000000	000000001000000000000000	000000000000000000	0000000000000000000	0000000000	0000000000010000
00000000000000	000000000000	000000000000	0000001000000	00000000001000000	000000001000000000000000	000000000000000000	0000000000010000100	0000000000	0000000000010000
00100000000000	000000000000	000000000000	0000000000000	00000000000000000	000000000000000000000000	000000000000000000	0000000001000000000	0000000000	0000000010000000
00000000000000	000000000000	000000000000	0000001100000	00000000000000000	000000001000000000000000	000000000000010000	0000000000000000000	0000000000	0000000000010000
00000000000000	000000000000	000000000000	0000001100000	00000000000000000	000000001000000000000000	000000000000010000	0000000000000000000	0000000000	0000000000010000
00000000000000	000000000000	000000000000	0000000000000	00000010000010000	000000000000000000000000	000000000000001010	0000010000000000000	0000000000	0100000000000000
00000000000000	000000000000	000000000000	0000000000000	00000000000000000	000000000000000000000001	000000000000000000	0000000000100000000	0000000000	0000000000000000
00000000000000	000000100000	000000000000	0001000000000	00000000000000000	000000000000000000000000	000000000000000100	0000000000000000001	0000000000	0000000000000000
00000000000000	000000000000	000000000000	0000001000000	00000000000000000	000000001000000000000000	000000000000000000	0000000000000000000	0000000000	0000000000010000
00000000000000	000000010000	000000000000	0000001000000	00000000000000000	000000001000000000000000	000100000000000000	0000100000000000000	0000000000	0000000000010100
00000000000000	000000000000	000000000000	0000001000000	00000001000000000	000000001000010000001000	000000000000000000	0000000000000000000	0000000000	0000000000010010
00000000000000	000000000000	000000000000	0000001100000	00000000000000000	000000001000000000000000	000000000100010000	0100000000000000000	0000000000	0000000000010000
01000000000000	000000000000	000000000001	0000000000000	00100000000000000	000000000000000000000000	000000000000000000	0000000000000000000	0000000000	0000000000000000
00000000000000	000000000000	000000000000	1000001000000	00000000010000000	000000001000000000000000	000000000000000000	0000000000000000100	0000000000	0010000000010000
00000000001000	000000000000	000000000000	0000000000000	00000000000010000	000000000000000000000000	000000000000001010	0000000000000000000	0000000000	0100000000000000
00000101000000	000000000000	000000000000	0000000000000	01000000100000000	000000000000000000000000	000000000000000000	0000000000000000000	0000000000	0000000000000000
00000000000000	000000000000	100000000000	0000000000000	00000000000000000	000000000000000000000010	000000000000000000	0000000000000000000	0000000001	0000000000000000
01000000000000	000000000000	000000000001	0000000000000	00100000000000000	000000000000000000000000	000000000000000000	0000000000000000000	0000000000	0000000000000000
00000000000000	000000010000	000000000000	0000001000000	00000000000000000	000000001000000000000000	001100000000000000	0000000000000010000	0000000000	0000010000010000
00000100010000	000000000000	000000000000	0000000000000	01000000000000100	000000000000000000000000	000001001011000000	0000000000000000000	0000000000	0000000000000000
00000000000000	000000000000	000000000000	0000001000000	00000000000000000	000000001000000000000000	000000000000000000	0000000000000000000	0000000000	0000000000010000
00000000000000	000000010000	000000000000	0000001000000	00000000000000000	000000001000000000000000	000100000000000000	0000100000000000000	0000000000	0000000000010100
01000000000000	000000000000	000000100000	0000000000000	00100000000000000	100000000000000000000000	000000000000000000	0000000000000000000	0000000000	0000000000000000
00000000000000	000000000000	000000000000	0000001001000	00000000000000000	000000001000000000000000	000000000000000000	0000000000000000000	0000000000	0000000000010000
00000000000000	000000010000	000000000000	0000001000000	00000000000000000	000000001000000000000000	000100000000000000	0000100000000000000	0000000000	0000000000010000
00010000000000	100100000000	000000000000	0000000000000	00000000000000000	000000000000000000000000	000010000000000000	0001000000000000000	0000000010	0000000000100000
00000000000000	000000000000	000000000000	0000001010000	00000000000000000	000000001000000000000000	000000000000000001	0000000000000000000	0000000000	0000000000010000
00000000000000	000000000000	000000000000	0000001000000	00000001000000000	000000001000010000001000	000000000000000000	0000000000000000000	0000000000	0000000000010010
00101000000000	000000000000	000000000000	0000000000000	00000000000000000	000000000000000000000000	000000000000000000	0000000001000000000	0000100000	0000000000000001
00000000000000	000000000000	000000000000	0000000000000	00000000000000000	000000000000000000000001	000000000000000000	0000000000100000000	0000000000	0000000000000000
00000000000000	000000000000	000000000000	0000001000000	00000001000000000	000000001000000000000000	000000000000000000	0000000000000000000	0000000000	0000000000010010
01000000000000	000000000000	000000000000	0000000000000	00100000000000000	100000000000000000000000	000000000000000000	0000000000000000000	0000000000	0000000000000000
10000000000000	000000000000	000000000000	0000100000000	00000000000000001	000000000000000000000000	000000000000000000	0000000000000000000	0000000000	0000000000000000
00000000000000	000000000000	000000000000	0000001000000	00000000000000000	000000001000000000000000	000000000000000000	0000000000010000100	0000000000	0000000000010000
00000000000000	000000000000	000000000000	0000001100000	00000000000000000	000000001000000000000000	000000000000010000	0000000000000000000	0000000000	0000000000010000
00000000000000	000000000000	000000000000	0000000000000	00000000000010000	000000000000000000010000	000000000000001010	0000000000000000000	0000000000	0100000000000000
00100000000000	000000000000	000000000000	0000000000000	00000000000000000	000000000000000000000000	000000000000000000	0000000001000001000	0000000000	0000000000000000
00000000100000	000000000000	000001000000	0000000000000	00000000000000000	000100000000001001000000	000000000000000000	0000000000000000000	0000000000	1000000000000000
00000000000000	000000000000	000000000000	0000001000001	00000001000000000	000000001000000000000000	000000000000000000	0000000000000000000	0000000000	0000000000010010
00000000000010	000000000000	100000000000	0000000000000	00000000000000000	000000000000000000000000	000000000000000000	0000000000000000000	0000000001	0000000000000000
00000101000000	000000000000	000000001000	0000000000000	01000000100000000	000000000000000000000000	000000000000000000	0000000000000000000	0000000000	0000000000000000
00000000000000	000000000000	100000000000	0000000000000	00000000000000000	000000000000000000000010	000000000000000000	0000000000000000000	0000000001	0000000000000000
00000000000000	000000000000	000000000000	0000001000000	00000000000000000	000000001000000000000000	100000000000000000	0000000000000000100	0100000000	0000000000010000
00000000000000	000000000000	000000000000	0000001010010	00000000000000000	000000001000000000000000	000000000000000001	0000000000000000000	0000000000	0000000000010000
00000000000000	000000000000	000000000000	0000001010010	00000000000000000	000000001000000000000000	000000000000000001	0000000000000000000	0000000000	0000000000010000
00000000001000	000000000000	000000000000	0000000000000	00000000000010000	000000000000000000000000	000000000000001010	0000000000000000000	0000000000	0100000000000000
00000000000000	000000000000	000000000000	0000001000000	00000000010000000	000000001000000000000000	000000000000000000	0000000000000000100	0000000000	0000000000010000
00000000000000	000000000000	000000000010	0000001000100	00000000000000000	000000001000000000000000	000000000000000000	0000000000000000100	0000000000	0000000000010000
00000000000000	000000000000	000000000000	0000001000000	00000000000000000	000000001000000000000000	000000000000000000	0000000000000000000	0000000000	0000000000010000
00000000000000	000000000000	000000000100	0000000000000	00000000000000000	000000000000000000000000	000000100000000000	0000000000000000000	0000000000	0000000000000000
00000000000000	000000000000	000000000000	0000001000000	00000001000000000	000000001000000000000000	000000000000000000	0000000000000000000	0000000000	0000000000010010
01000000000000	000000000000	000000000000	0000000000000	00100000000000000	100000000000000000000000	010000000000000000	1000000000000000000	0000000000	0000000000000000
01000000000000	000000000000	000000000001	0000000000000	00100000000000000	000000000000000000000000	000000000000000000	0000000000000000000	0000000000	0000000000000000
00000000000000	000000000000	000000000000	0000001010000	00000000000000000	000000001000000000000000	000000000000000001	0000000000000000000	0000000000	0000000000010000
00000000000000	000000000000	000000000000	0000001000000	00000000000000000	000000001000000000000000	000000000000000000	0000000000010000100	0000000000	0000000000010000
00000000100000	000000000000	000001000000	0000000000000	00000000000000000	000000000000001001000000	000000000000000000	0000000000000000000	0000000000	1000000000000000
00000010000000	000000000000	000000010000	0000000000000	00000000000000000	000000000000000000000001	000000000000000000	0000000000100000000	0000000000	0000000000000000
00000101000100	000000000000	000000001000	0000000000000	01000000100000000	000000000000000000000000	000000000000000000	0000000000000000000	0000000000	0000000000000000
00000000000000	000000000000	000000000000	0000000000000	00000000000000000	000000000000000000000000	000000000000100000	0000000010000000000	0000000000	0000000000000000
00000000000000	000000000000	000000000000	0000001000001	00000001000000000	000000001000000000000000	000000000000000000	0000000000000000000	0000000000	0000000000010010
00000000000000	000000000000	000000000000	0001000000000	00000000000000000	000000000000000000000000	000000000000000100	0000000000000000001	0000010000	0000000000000000
00100000000000	000000000000	000000000000	0000000000000	00000000000000000	000000000000000000000000	000000000000000000	0000000001000001000	0000000000	0000000000000000
00000000000000	000000010000	000000000000	0000001000000	00000000000000000	000000001000000000000000	000100000000000000	0000100000000100000	0000000000	0000000000010100
00000000000000	000000000001	000000000000	0000001100000	00000000000000000	000000001000000000000000	000000000000010000	0000000000001000000	0000000000	0000000000010000
01000000000000	000000000000	000000100000	0000000000000	00100000000000000	100000000000000000000000	000000000000000000	0000000000000000000	0000000000	0000000000000000
00000000000000	000000000000	000000000000	0000001000000	00000000000000000	000000001000000000000000	000000000000000000	0000000000000000100	0000000000	0000000000010000
00000000000000	000000000000	000000000000	0000000000000	00000000000000000	000000000000000000000001	000000000000000000	0000000000100000000	0000000000	0000000000000000
00000000000000	000000100000	000000000000	0001000000000	00000000000000000	000000000000000000000000	000000000000000100	0000000000000000001	0000000000	0000000000000000
10000000000000	000000000000	000000000000	0000100000000	00000000000000001	000000000000000000000000	000000000000000000	0000000000000000000	0000000000	0000000000000000
00000000000000	000000000000	000000000000	0000000000000	00000000000000000	000000000000000000000001	000000000000000000	0000000000100000000	0000000000	0000000000000000
00000000000000	000000010000	000000000000	0000001000000	00000000000000000	000000001000000000000000	001100000000000000	0000000000000010000	0000000000	0000010000010000
00000000000000	000000000000	000000000000	0000001100000	00000000000000000	000000001000000000000000	000000000000010000	0000000000000000000	0000000000	0000000000010000
00000000000000	000000010000	000000000000	0000001000000	00000000000000000	000000001000000000000000	000100000000000000	0000000000000010000	0000000000	0000000000010000
00000000000000	000001000000	000000000100	0000000000000	00000000000000000	000000100000000000000000	000000100000000000	0000000000000000000	1000000000	0000000000000000
00000000000000	000000000000	000000000000	0000001100000	00000000000000000	000000001000000000000000	000000000000010000	0000000000000000000	0000000000	0000000000010000
00000000000000	000000000000	000000000000	0000001000000	00000000000000000	010000001000100000000000	000000000000000000	0010000000000000100	0000000000	0000000000010000
00000000001000	000000000000	000000000000	0000000000000	00000000000010000	000000000000000000000000	000000000000001010	0000000000000000000	0000000000	0100000000000000
00000000000000	001000000000	000000000000	0000000000000	00010000000001000	000000000000000000000000	000000000000000000	0000001000000000000	0000000000	0000001100000000
00000000000000	000010000000	000000000000	0000001100000	00000100000000000	000000001000000000000000	000000010000010000	0000000000000000000	0000000000	0000100000010000
00101000000000	000000000000	000000000000	0000000000000	00000000000000000	000000000000000000000000	000000000000000000	0000000001000000000	0000100000	0000000000000001
00000000000000	000000000000	000000000100	0000000000000	00000000000000000	000000000000000000000000	000000100000000000	0000000000000000000	0000000000	0000000000000000
00000000000000	000000000000	000000000100	0000000000000	00000000000000000	000000000000000000000000	000000100000000000	0000000000000000000	0000000000	0000000000000000
00000000000000	000000000100	010000000000	0000000000000	00001000000000010	000000000000000000100000	000000000000000000	0000000100000000000	0000001000	0000000000001000
00000000000000	000000000000	000000000000	0100001010000	00000000000000000	000000001000000000000000	000000000000000001	0000000000000000000	0000000000	0000000000010000
00000000000000	000000001100	010010000000	0000000000000	00001000000000010	000000000000000000100000	000000000000000000	0000000100000000000	0001001100	0000000000001000
00000000000000	000000000000	000000000000	0000000000000	00000000000000000	000000000010000000000000	000000000000100000	0000000010000000000	0000000000	0001000000000000
00000000000000	000000000010	000100000000	0000000000000	00100000000000000	001000010000000000000000	000000000000000000	0000000000000000010	0000000000	0000000001000000
00000000000000	000000000000	000000000000	0000001100000	00000000000000000	000010001000000000000000	000000000000010000	0000000000000000000	0000000000	0000000000010000
00000000000000	000000000000	000000000000	0100001010000	00000000000000000	000000001000000000000000	000000000000000001	0000000000000000000	0000000000	0000000000010000
00000000100000	000000000000	000001000000	0000000000000	00000000000000000	000100000000001001000000	000000000000000000	0000000000000000000	0000000000	1000000000000000
00000000000000	000000000000	000000000000	0000001100000	00000000000000000	000000001000000000000000	000000000100010000	0100000000000000000	0000000000	0000000000010000
00000000000000	000000000000	000000000000	0000001000000	00000000000000000	000000001000000000000100	000000000000000000	0000000000000000100	0000000000	0000000000010000
00000000000000	000000000000	000000000000	0000001100000	00000000000000000	000000001000000000000000	000000000100010000	0100000000000000000	0000000000	0000000000010000
00000000000000	000000000000	000000000000	0000001001000	00000000000000000	000000001000000000000000	000000000000000000	0000000000000000000	0000000000	0000000000010000
00000000000000	000000000000	000000000000	0000001000000	00000000001000000	000000001000000000000000	000000000000000000	0000000000010000100	0000000000	0000000000010000
00000000000000	000000000000	000000000000	0000001000000	00000001000000000	000000001000000000000000	000000000000000000	0000000000000000000	0000000000	0000000000010010
00000000000000	000000001100	010010000000	0000000000000	00001000000000010	000000000000000000100000	000000000000000000	0000000100000000000	0001001100	0000000000001000
00000000000001	000000000010	000000000000	0000000000000	00100000000000000	000001000000000000000000	000000000000000000	0000000000000000000	0000000000	0000000000000000
00000000000000	000000000000	000000000000	0000001000000	00000000010000000	000000001000000000000000	000000000000000000	0000000000000000100	0000000000	0000000000010000
00010000000000	100100000000	001000000000	0000000000000	00000000000000000	000000000100000000000000	000010000000000000	0001000000000000000	0010000010	0000000000000000
00000000000000	000000000000	000000000000	0000001000000	00000001000000000	000000001000000000000000	000000000000000000	0000000000000000000	0000000000	0000000000010010
00000000000000	000000000000	000000000000	0000000000000	00000000000000000	000000000000000000000001	000000000000000000	0000000000100000000	0000000000	0000000000000000
00000000000000	000000000000	000000000000	0000001000000	00000000000000000	010000001000000000000000	000000000000000000	0000000000000000100	0000000000	0000000000010000
00000000001000	000000000000	000000000000	0000000000000	00000000000010000	000000000001000000000000	000000000000001010	0000000000000000000	0000000000	0100000000000000
00000000000000	000000000000	000000000000	0000011001000	00000000000000000	000000001000000000000000	000000000000000000	0000000000000000000	0000000000	0000000000010000
01000000000000	000000000000	000000000000	0000000000000	10100000000000000	100000000000000000000000	010000000000000000	1000000000000000000	0000000000	0000000000000000
00000000000000	000000010000	000000000000	0000001000000	00000000000000000	000000001000000000000000	000100000000000000	0000100000000000000	0000000000	0000000000010100
00010000000000	100100000000	001000000000	0000000000000	00000000000000000	000000000100000000000000	000010000000000000	0001000000000000000	0010000010	0000000000000000
00000000000000	000000001100	010010000000	0000000000000	00001000000000010	000000000000000000100000	000000000000000000	0000000100000000000	0001001000	0000000000001000
00000000001000	000000000000	000000000000	0000000000000	00000000000010000	000000000000000000000000	000000000000001010	0000000000000000000	0000000000	0100000000000000
00000101000000	000000000000	000000000000	0000000000000	01000000100100000	000000000000000000000000	000000000000000000	0000000000000000000	0000000000	0000000000000000
00000000000000	000000000000	000000000000	0000001000000	00000000000000000	000000001000000000000100	000000000000000000	0000000000000000100	0000000000	0000000000010000
00000000000000	000000000010	000000000000	0000000000000	00100000000000000	000000000000000010000000	000000000000000000	0000000000000000000	0000000000	0000000000000000
00000101000000	000000000000	000000001000	0000000000000	01000000100000000	000000000000000000000000	000000000000000000	0000000000000000000	0000000000	0000000000000000
00000000000000	000000000000	000000000000	0000001000000	00000000010000000	000000001000000000000000	000000000000000000	0000000000000000100	0000000000	0000000000010000
00000000000000	000000000010	000100000000	0000000000000	00100000000000000	000000010000000000000000	000000000000000000	0000000000000000010	0000000000	0000000001000000
00000000000000	000000000000	000000000100	0000000000000	00000000000000000	000000000000000000000000	000000100000000000	0000000000000000000	0000000000	0000000000000000
00010000000000	100100000000	001000000000	0000000000000	00000000000000000	000000000100000000000000	000010000000000000	0001000000000000000	0010000010	0000000000000000
00000000000000	000000000000	000000000000	0000001000000	00000000000000000	000000001000000000000000	000000000000000000	0000000000000000100	0000000000	0000000000010000
00000000000001	000000000010	000000000000	0000000000000	00100000000000000	000001000000000000000000	000000000000000000	0000000000000000000	0000000000	0000000000000000
00000100000000	000000000000	000000000000	0000000000000	01000000000000100	000000000000000000000000	000000001011000000	0000000000000000000	0000000000	0000000000000000
00000000000000	000000000000	000000000000	0000000000000	00000000000000000	000000000000000000000001	000000000000000000	0000000000100000000	0000000000	0000000000000000
00000000000000	000000000000	000000000000	0000001010000	00000000000000000	000000001000000000000000	000000000000000001	0000000000000000000	0000000000	0000000000010000
00010000000000	100100000000	001000000000	0000000000000	00000000000000000	000000000100000000000000	000010000000000000	0001000000000000000	0010000010	0000000000000000
00000000000000	000000100000	000000000000	0001000000000	00000000000000000	000000000000000000000000	000000000000000100	0000000000000000001	0000000000	0000000000000000
00000100000000	000000000000	000000000000	0000000000000	01000000000000100	000000000000000000000000	000000001011000000	0000000000000000000	0000000000	0000000000000000
00000000000000	000000010000	000000000000	0000001000000	00000000000000000	000000001000000000000000	000100000000000000	0000000000000010000	0000000000	0000000000010000
00000000000000	000000000000	000000000000	0000001100000	00000000000000000	000000001000000000000000	000000000000010000	0000000000000000000	0000000000	0000000000010000
00000000000000	000000000010	000100000000	0000000000000	00100000000000000	000000010000000000000000	000000000000000000	0000000000000000010	0000000000	0000000001000000
00000000000000	000000000001	000000000000	0000001100000	00000000000000000	000000001000000000000000	000000000000010000	0000000000001000000	0000000000	0000000000010000
00000000000000	000000000000	000000000100	0000000000000	00000000000000000	000000100000000000000000	000000100000000000	0000000000000000000	1000000000	0000000000000000
00000000000000	000000000000	000000000000	0000001010010	00000000000000000	000000001000000000000000	000000000000000001	0000000000000000000	0000000000	0000000000010000
00000101000000	000000000000	000000001000	0000000000000	01000000100000000	000000000000000000000000	000000000000000000	0000000000000000000	0000000000	0000000000000000
00000000000000	000000010000	000000000000	0000001000000	00000000000000000	000000001000000000000000	001100000000000000	0000000000000010000	0000000000	0000010000010000
00000000001000	000000000000	000000000000	0000000000000	00000000000010000	000000000001000000000000	000000000000001010	0000000000000000000	0000000000	0100000000000000
00000000000000	000010000000	000000000000	0000001100000	00000100000000000	000000001000000000000000	000000010000010000	0000000000000000000	0000000000	0000100000010000
00000000000000	000000000000	000000000000	0000001100000	00000000000000000	000000001000000000000000	000000000000010000	0000000000000000000	0000000000	0000000000010000
00000000000000	010000010000	000000000000	0000001000000	00000000000000000	000000001000000000000000	001100000000000000	0000000000000010000	0000000000	0000010000010000
00010000000000	100100000000	001000000000	0000000000000	00000000000000000	000000000100000000000000	000010000000000000	0001000000000000000	0010000010	0000000000000000
00000000000000	000000000000	000000000000	0010000000000	00000000000010000	000000000000000000000000	000000000000001010	0000000000000000000	0000000000	0000000000000000
00000000000000	000000010000	000000000000	0000001000000	00000000000000000	000000001000000000000000	000100000000000000	0000100000000000000	0000000000	0000000000010100
00000000000000	000000000000	000000000000	0000001010000	00000000000000000	000000001000000000000000	000000000000000001	0000000000000000000	0000000000	0000000000010000
00000000000000	000000000000	000000000000	0000001000000	00000000000000000	000000001000000000000000	000000000000000000	0000000000010000100	0000000000	0000000000010000
00000000000000	000000000010	000100000000	0000000000000	00100000000000000	000000000000000100000000	000000000000000000	0000000000000000010	0000000000	0000000001000000
