00000000000000	0000000100000	1000000000	00000000000000	000000000	0000000000
00000000100000	0000000000000	0000000000	00000000000000	000000000	0100000000
00000000010000	0000000000000	0000000000	00000000000000	000000000	0000000000
00000001000000	0000100000000	0000000000	00000000000000	000000000	0000000000
00000000000000	0000000000010	0000000000	00000000000000	000000000	0000000000
00000000000000	1000000000010	0010000000	00000000000000	000000000	0000000000
00000000000000	0000000000010	0000000000	00000000000000	000000000	0000000000
00000000010000	0000000000000	0000000000	00000000000000	000000000	0000000000
00000000000000	0000000000000	0000000000	00000000000000	000000000	0000000000
00000000000000	0000000000000	0000000000	00000000000000	000000000	0000000000
00000000000000	0000000000000	0000000000	00000000000000	000000000	0000000000
00000000000000	0000000010000	0000000000	00000001000000	000000000	0000000001
00000000000000	0000000000000	0000000000	00000000000000	000100000	0000000000
00000000000000	0000000000000	0000000000	00000000000000	000000000	0000000000
00000000000000	0000000000000	0000000000	00000000000000	010000000	0000000000
00000000000000	0000000000000	0000000000	00000000000000	000000000	0000011000
00000000000000	0000000000000	0000000000	00000000000000	000000000	0000000000
00000000000000	0000000000000	0000000000	00000000000000	000000000	0000000000
00000000001000	1000000000010	0000000000	00000000000000	000000000	0000000000
00000000000000	0000000000000	0000000000	00000000000000	000000000	0000000000
10000000000000	0000000000010	0000000000	00000000000000	000000000	0000000000
00000100000000	0000000000000	0000000000	00001000000000	000000000	0010000000
00000000000000	0000000000000	0000000000	00000000000000	000000000	0000000000
00000000000000	0000000000010	0000000000	00000000000000	000000000	0000000000
00000000001000	1000000000010	0000000000	00000000000000	000000000	0000000000
00000000000000	0000000000000	1000000000	00000000000000	000000000	0001000000
00000000000000	0000000000000	0000000000	00000010000000	000000000	0000011000
00000000000000	0000000010000	0000100000	00000001000000	000001000	0000000001
00000000100000	0000000000000	0000000000	10000000000000	000000000	0100000000
00010000000000	0000000000000	0100000000	00000000000010	000000000	0000000000
00000000000000	0000000010000	0000100000	00000001000000	000000000	0000000001
00000000000000	0000000000000	0000000000	00000000000000	010000000	0000000000
00000000000000	0000000000000	0000000000	00000000001000	000000000	0000000000
00001000000000	0000000000000	1000000000	00000000000000	000000000	0000000000
00000000000000	0000000001000	0100000000	00010000000000	000000000	0000000000
00000000000000	0000000000000	0000000000	00000000000000	010000000	0000000000
00000000000000	0000000000010	0000000000	00000000100000	000000000	0000000000
00000000000000	0000000000000	0000000000	00000000000000	000000000	0000000000
00000000000000	0000000010000	0000100000	00000001000000	000000000	0000000101
00000000000000	0000000000000	0000000000	00000000000000	000000000	0000000000
00000000000000	0000000010000	0000100000	00000001000000	000000000	0000000101
00100000000000	0000000010000	0000100000	00000001000100	000000000	0000000001
00000000100000	0000001000000	0000000000	00000000000000	000000000	0100000000
00000000000000	0000000000001	0000000000	00000000000000	000000000	0000011000
00000000000000	0000000010000	0000100000	00000001000000	000000000	0000000001
00000000000000	1000000000110	0000000000	00000000000000	000000000	0000000000
00000000000000	0000000010000	0000000100	00000001000000	000000000	0000000001
00000001000000	0000100000000	0000000000	00000000000000	000000000	0000000000
00000000000000	0110000000000	0000001000	00000000000000	000000100	0000000000
00000000000000	0000000010000	0000100000	00000001000000	000001000	0000000001
00000000001000	1000000000010	0000000000	00000000000000	000000000	0000000000
00000000100000	0000000000000	0000000000	10000000000000	000000000	0100000000
00000000000000	0000000010000	0000100000	00000001000000	000000000	0000000101
00010000000000	0000000000000	0101000000	01100000000010	000000000	0000000000
00000000000000	1000000000110	0000000000	00000000000000	000000000	0000000000
00000000000000	0000000000000	0000000000	00000000000000	000000000	0000000000
00000100000000	0000000000000	0000000000	00001000000000	000000000	0010000000
00000000000000	0000000010000	0000000000	00000001000000	000000000	0000000001
00001000000000	0000000000000	1000000000	00000000000001	000000000	0000000000
00010000000000	0000000000000	0100000000	00000000000010	000000000	0000000000
00000000000000	0000000000010	0000000000	00000000000000	000000000	0000000000
00000000000000	0000000000000	1000000000	00000000000000	000000000	0000000000
00000000100000	0000000000000	0000000000	10000000000000	000000000	0100000000
00000000000000	0000000000000	0000000000	00000000000000	000000000	0000000000
00000000000000	0000000000000	0000000000	00000000000000	000000000	0000011000
00000000000000	0000000010000	0000100000	00000001000000	000000000	0000000101
00000000000000	0000000000010	0000000000	00000000000000	000000000	0000000010
00000000000010	0000000010000	0000000000	00000001000000	000000000	0000000001
00000001000000	0000100000000	0000000000	00000000000000	000000000	0000000000
00000000000000	0110000000000	0000001000	00000000000000	000000100	0000000000
00000000000000	0000000010000	0000000100	00000001000000	000000000	0000000001
00000000000000	0000000010000	0000000000	00000001000000	000000000	0000000001
00000000000000	0000000000000	0000000000	00000000000000	010000000	0000000000
00000000000000	0000000000000	1000000000	00000000000000	000000000	0001000000
00010000000000	0000000000000	0100000000	01100000000010	000000000	0000000000
00000000000001	0000000000000	0000000000	00000000000000	010000000	0000000000
00000000000000	0000000000000	0000000000	00000000000000	000000000	0000000000
00000000000000	1000000000110	0000000000	00000000000000	000000000	0000000000
00000000000000	0000000000000	0000000000	00000000001000	000000000	0000000000
00000000000000	0000000000010	0000000000	00000100000000	000000000	0000000000
00000000000000	0000000000000	1000000000	00000000000000	000000000	0000000000
00000000000000	0000000000000	0000000000	00000000000000	000000000	0000000000
00000000001000	1000000000010	0000000000	00000000000000	000000000	0000000000
00000000000000	0000000010000	0000000000	00000001000000	000000000	0000000001
00010000000000	0000000000000	0100000000	00000000000010	000000000	0000000000
00000000000000	0110000000000	0000000000	00000000000000	000000000	0000000000
00000000000000	0000000000000	0000000000	00000000000000	010000000	0000000000
00000000000000	1000000000010	0000000000	00000000000000	000000000	0000000000
00010000000000	0000000000000	0100010000	00000000000000	000000000	0000000000
00000000000000	0000000000000	0000000000	00000000000000	000000000	0000000000
00000000000000	0000000000000	0000000000	00000000000000	000000000	0000000000
00010000000000	0000000000000	0100000000	00000000000010	000000000	0000000000
00000000000000	0000000000000	0100000000	00000000000000	001000010	0000000000
00000000000000	0000000000010	0000000000	00000000000000	000000000	0000000000
00000000000000	0000000000000	0000000000	00000000000000	010000000	0000000000
00000000000000	0000000010000	0000100000	00000001000000	000000000	0000000001
00010000000000	0000000000000	0100000000	00000000000000	000000001	0000000000
00000000000000	0000000010000	0000000000	00000001000000	000000000	0000000001
00000100000000	0000000000000	0000000000	00001000000000	000000000	0010000000
00000001000000	0000100000000	0000000000	00000000000000	000000000	0000000000
00000000000000	0000000000010	0000000000	00000000000000	000000000	0000000000
00000000000000	0000000000000	0000000000	00000000000000	000000000	0000000000
00000001000000	0000100000000	0000000000	00000000000000	000000000	0000000000
00000000000000	0000000000000	0000000000	00000000000000	000000000	0000000000
00000000000000	0000000000000	0000000000	00000000000000	000100000	0000000000
00000000000000	0000000000010	0000000000	00000000000000	000000000	0000000000
00000000000000	0000000000010	0000000000	00000000000000	000000000	0000000000
00000000000000	0000010000000	0000000000	00000000000000	000000000	0000000000
00000000000000	0000000000010	0000000000	00000000000000	000000000	0000000000
00000000000000	0000000000000	0000000001	00000000000000	000000000	0000000000
00000000000000	0000000010000	0000000000	00000001000000	000000000	0000000001
00010000000000	0000000000000	0100010000	00000000000000	000000000	0000000000
00000000000000	1000000000110	0000000000	00000000000000	000000000	0000000000
00000000000000	1000000000010	0000000010	00000000000000	000000000	0000000000
00000100000000	0000000000000	0000000000	00001000000000	000000000	0010000000
00000000000000	0000000010000	0000000000	00000001000000	000000000	1000000001
00000000100000	0000000000000	0000000000	10000000000000	000000000	0100000000
00000000000000	0000000000000	0000000000	00000000000000	000000000	0000100000
00000000000000	0000000000000	0000000000	00000000000000	000000000	0000000000
00000000000000	0000000000000	1000000000	00000000000000	000000000	0000000000
00000000000000	0110000000000	0000000000	00000000000000	000000000	0000000000
00000000000000	0000000000010	0000000000	00000000000000	000000000	0000000000
00010000000000	0000000000000	0100000000	00000000000000	000000000	0000000000
00000010000100	0000000000010	0000000000	00000000100000	000000000	0000000000
00000000000000	0000000000000	0000000000	00000010000000	000000000	0000011000
00001000000000	0000000000000	1000000000	00000000000001	000000000	0000000000
00000000000000	1000000000110	0000000000	00000000000000	000000000	0000000000
00000000000000	0000000000000	0000000000	00000000000000	000000000	0000000000
00000000000000	0000000000000	1000000000	00000000000000	000000000	0000000000
00000000000000	0000000000010	0000000000	00000000000000	000000000	0000000000
00000000000000	0000000000000	0000000000	00000000000000	000100000	0000000000
00000000000000	0000000010000	0000100000	00000001000000	000000000	0000000101
00000000000000	0000000000000	0000000000	00000000000000	000000000	0000000000
00000000000000	0000000000010	0000000000	00000000000000	000000000	0000000000
00000000001000	1000000000010	0000000000	00000000000000	000000000	0000000000
00000100000000	0000000000000	0000000000	00001000000000	000000000	0010000000
00010000000000	0000000000000	0100000000	00000000000010	000000000	0000000000
00000000000000	0000000000000	1000000000	00000000000000	000000000	0000000000
00000000000000	1000000000010	0000000000	00000000000000	000000000	0000000000
00100000000000	0000000010000	0000100000	00000001010000	100000000	0000000001
00000000000000	0000000010000	0000100000	00000001000000	000000000	0000000001
00000000000000	0000000000000	0000000000	00000000000000	000000000	0000000000
00000001000000	0000100000000	0000000000	00000000000000	000000000	0000000000
00000000000000	0000000010000	0000100000	00000001000000	000000000	0000000001
00000000000000	0000000010000	0000000000	00000001000000	000000000	1000000001
00000100000000	0000000000000	0000000000	00001000000000	000000000	0010000000
00000000000000	0111000000000	0000000000	00000000000000	000010000	0000000000
00000000000000	0000000000000	1000000000	00000000000000	000000000	0000000000
00000000000000	0000000010000	0000000000	00000001000000	000000000	0000000001
01000001000000	0000100000000	0000000000	00000000000000	000000000	0000000000
