000000000000000	0000000100000000000	10000010010000000	10000000000000100000	000100000001000	00010000000000100100000000000000
000000000000000	0000000100000001000	10000010010000000	10000000000000100000	000100000001000	00010000000000100100000000000000
000000000000010	0000000000000000000	00000000000000000	00000000010010000000	000000000000000	00001000000000000000001000000000
000000010000000	0000000100000100000	10000010010000000	10000000000000100000	000100000001000	00010000000000000100000000000000
010000000000000	0000000000000000010	00000000000000000	00000000000000000000	000000000000000	00000000100000000000000000010001
000000000000000	0000000100000000000	10000010010000000	10000000000000100000	000100000001000	00010000000000100100000000000000
010000000000000	0000000000000000010	00000000000000000	00000000000000000000	000000000000000	00000000100000000000000000010001
010000000000000	0000000000000000110	00000000000000000	00000000000000000100	000000000000000	00100000000000000000000000010000
000000000000000	0000000000000000000	00001000100000001	01000000000000000000	000010010000000	00000001000000010000100000100000
000000000000001	0000000100000000000	10000010010000100	10000000000000100000	000100000001000	00010000000000100100000000000000
000000000000000	0000000100000000000	10000010010000000	10000000000000100000	000100000001000	00010000000010100100000000000000
000000000000000	0000000000000000000	00000000000000000	00000000010000000000	001000000000000	00000000000000000000001000000000
000000000000000	0000000100000000000	10000010010000000	10000000000000100000	000100000001000	00010000000000100100000000000000
010000000000000	0000000000000000110	00000000000000000	00000000000000000100	000000000000000	00100000000000000000000000010000
000000000000000	0000000100000000000	10000110010000000	10000000000000100000	000100000001000	00010000000000100100000000000000
000100001010000	0000011000001000000	01000000001000010	00101000000000000000	000001000100000	00000000010000000000000010000000
010000000000000	0000000000000000010	00000000000000000	00000000000000000000	000000000000001	00000000000000000000000000011001
000000000000000	0000000000000000000	00000000000000000	00000000010000000000	000000000000000	00000000000000000000001000000000
000000000000000	0000000100000000000	10000010010000100	10000000000000100000	000100000001000	00010000000000100100000000000000
000000000000000	0000000100000000000	10000010010000000	10000000000000100000	000100000001000	00010000000000100100000000000000
000000000000000	0000000100000000000	10000010010000000	10000000000000100000	000100000001000	00010000000000100100000000000000
000000000000000	0000000100000001000	10000010010000000	10000000000000100000	000100000001000	00010000000000100100000000000000
010000000000000	0000000000000000010	00000000000000000	00000000000000000000	000000000000000	00000000100000000000000000010001
000000000000000	0000000100000000000	10000010010000000	10000000000000100000	000100000001000	00010100000000100100000000000000
011000000000000	0000000000000000010	00000000000000000	00000000000000000000	000000000000000	00000000001000000000000000010001
000000000000000	0000000000000000000	00000000000000000	00000000010000000000	001000000000000	00000000000000000000001000000000
010000000000000	0000000000000000110	00000000000000000	00000000000000000100	000000000000000	00100000000000000000000000010000
010000000000000	0000000000000000110	00000000000000000	00000000000000000100	000000000000000	00100000000000000000000000010000
010000000000000	0000000000000000010	00000000000000000	00000000000000000000	000000000000000	00000000100000000000000000010001
100010000000000	0000100000000000001	00000000000100000	00000001000000000000	000000000000000	00000000000000000000000000000010
000000000001000	0000000100000000000	10000010010000000	10000000000000100000	000100000001010	00010100000000100100000000000000
000000000000000	0000000100000000000	10000010010000000	10000000000000100000	000100000001000	00010000000000100100000000000000
000000000000000	0000100010100000000	00000000000000000	00000000001000010000	000000000000000	01000000000000000000010100000100
000000000000000	0000000100000001000	10000010010000000	10000000000000100000	000100000001000	00010000000000100100000000000000
011000000000000	0000000000000000010	00000000000000000	00000000000000000000	000000000000000	00000000000000000000000000010001
000000000000000	0100000000000000000	00010000000000000	00000000010000000000	000000000000000	00000000000000000000001000000000
100010000000000	0000100000000000001	00000001000100000	00000000000000000000	000000000000000	00000000000000000000000000000010
000000000000000	0000000100000000000	10000010010000000	10000000000000100000	000100000001000	00010000000000100100000000000000
000000000000000	0000000100000000000	10000010010000000	10000010000000100000	000100000001000	00010100000000100110000000000000
000000000000000	0000000100000000000	10000010010000000	10000000000000100000	000100000001010	00010100000000100100000000000000
000000000000000	0000000100000000000	10000010010000000	10000000000000100000	000100000001000	00010000000000100100000000000000
000000000000000	0100000000000000000	00010000000000000	00000000010000000000	000000000000000	00000000000000000000001000000000
000000000000000	0000000100000000000	10000010010000100	10000000000000100000	000100000001000	00010000000000100100000000000000
000000000000000	0000000100000000000	10000010010000000	10000000000000100000	000100100001000	00010000000000100100000000000000
000100001010000	0000011000011000000	00000000001000010	00100000000000000000	000001000100000	00000000010000000000000010000000
000000000000000	0000000000000000000	00001000000000001	01000000000000000000	000010010000000	00000001000000010000100000100000
000000000000000	0000000000000000000	00001000000000000	01000000000000000000	000010010000000	00000001000000010000100000100000
000000000000000	0000000100000000000	10000010010000000	10000000000000100000	000100000001010	00010100000000100100000000000000
000000000000000	0000000100000000000	10000010010000000	10000000000000100000	000100000001010	00010100000000100100000000000000
000000000000000	0000000000000000000	00001000100000001	01000000000000000000	000010010000000	00000001000000010000100000100000
000100001010000	0000011000001000000	00000000001000010	00100000000000000000	000001000100000	00000000010000000000000010000000
000000000000000	0000000000000000000	00001000000000000	01000000000000000000	000010010000000	00000001000000010000100000100000
000000000000000	0010000100000000000	10000110010000000	10000000000000100000	000100000001000	00010000000000100100000000000000
000000000000000	0000000100000000000	10000010010000000	10000000000000100000	000100000001000	00010100000000100100000000000000
000000010000000	0000000100000100000	10000010010000000	10000000000000100000	000100000001000	00010000000000000100000000000000
000000000000000	0100000000000000000	00010000000000000	00000000010000000000	000000000000000	00000000000000000000001000000000
000000000000000	0000000100000000000	10000010010000000	10000000000000100000	000100000001000	00010000000000101100000000000000
010000000000000	0000000000000000010	00000000000010000	00000100000000000100	100000000000000	00000000000000000000000000010000
000000000000001	0000000100000000000	10000010010000100	10000000000000100000	000100000001000	00010000000000100100000000000000
100010000000000	0000100000000000001	00000000000100000	00000001000000000000	000000000000000	00000000000000000000000000000010
000000000000001	0000000100000000000	10000010010000100	10000000000000100000	000100000001000	00010000000000100100000000000000
000000000000000	0000000000000000000	00001000000000000	01000000000000000000	000010010000000	00000001000000010000100000100000
000000000000000	0000000100000001000	10000010010000000	10000000000000100000	000100000001000	00010000000000100100000000000000
100010000000000	0000100000000000001	00000001000100000	00000000000000000000	000000000000000	00000000000000000000000000000010
000000000000000	0000000100000000000	10000010010000000	10000000000000100000	000100000001000	00010000000000100101000000000000
010000000000000	0000000000000000010	00000000000010000	00000100000000000100	100000000000000	00000000000000000000000000010000
010000000000000	0000000000000000110	00000000000000000	00000000000000000100	000000000000000	00100000000000000000000000010000
000000000000000	0000000000000000000	00000000000000000	00000000010000000000	000000000000000	00000000000000000000001000000000
000000000000001	0000000100000000000	10000010010000100	10000000000000100000	000100000001000	00010000000000100100000000000000
010000000000000	0000000000000000110	00000000000000000	00000000000000000100	000000000000000	00100000000000000000000000010000
000000000000000	0000000000000000000	00100000000001000	00000000010000000000	000000000000000	00000000000000000000001000000000
000000000000000	0001000100000000000	10000010010000000	10000000000000100000	000100000001010	00010100000000100100000000000000
000000000000000	0000000100000000000	10000010010000000	10000000000000100000	000100000001000	00010100000000100100000000000000
000100001010000	0000011000001000000	00000000001000010	00100000000000000000	000001000100000	00000000010100000000000010000000
000000000000000	0000000100000000000	10000010010000000	10000000000000100000	000100000001000	00010000000000100100000000000000
010000000000000	0000000000000000110	00000000000000000	00000000000000000100	000000000000000	00100000000000000000000000010000
000000000000000	0100000000000000000	00010000000000000	00000000010000000000	000000000000000	00000000000000000000001000000000
000000000000000	0000000100000000000	10000010010000000	10000000000000100000	000100000001000	00010000000000100100000000000000
000000000000000	0000000000000000000	00000000000000000	00010000010000000000	001000000000100	00000000000000000000001000000000
000000000000000	0000000100000010000	10000010010000000	10000000000000100000	000100000001000	10010000000000100100000000000000
000000000000000	0010000100000000000	10000110010000000	10000000000000100000	000100000001000	00010000000000100100000000000000
000000000000000	0000000000000000000	00001000100000001	01000000000000000000	000010010000000	00000001000000010000100000100000
000000000000000	0000000100000000000	10000010010000100	10000000000000100000	000100000001000	00010000000000100100000000000000
010000000000000	0000000000000000010	00000000000000000	00000000000000000000	000000000000000	00000000100000000000000000010001
000000000000000	0000000100000000000	10000010010000000	10000000000000100000	000100000001000	00010000000000100100000000000000
010000000000000	0000000000000000110	00000000000000000	00000000000000000100	000000000000000	00100000000000000000000000010000
000000000000001	0000000100000000000	10000010010000100	10000000000000100000	000100000001000	00010000000000100100000000000000
000000100000000	0000000100000000000	10000010010000000	10000000000000100000	000100000001000	00010100000000100110000000000000
000000000000000	0000000000000000000	00000000000000000	00000000010000000000	000000000000000	00000000000000000000001000000000
000000000000000	0000000100000001000	10000010010000000	10000000000000100000	000100000001000	00010000000000100100000000000000
000000000000000	0000000100000000000	10000010010000000	10000000000000100000	000100000001000	00010000000000100100000000000000
000000000000000	0000000000000000000	00000000000000000	00010000010000000000	001000000000100	00000000000000000000001000000000
100010000000000	0000100000000000001	00000001000100000	00000000000000000000	000000000000000	00000000000000000000000000000010
000000000000000	0000000100000000000	10000010010000100	10000000000000100000	000100000001000	00010000000000100100000000000000
000000000000000	0000000100000000000	10000110010000000	10000000000000100000	000100000001000	00010000000000100100000000000000
000000000000000	0000000100000000000	10000010010000000	10000000000000100000	000100000001010	00010100000000100100000000000000
010000000000000	0000000000000000110	00000000000000000	00000000100000000100	010000000000000	00100000000000000000000000010000
000000000000000	0000000000000000000	00000000000000000	00000000010000000000	001000000000000	00000000000000000000001000000000
000000000000000	0000000100000000000	10000010010000000	10000000000000100000	000100000001000	00010100000000100100000000000000
000000000000000	0000000100000001000	10000010010000000	10000000000000100000	000100000001000	00010000000000100100000000000000
010000000000000	0000000000000000010	00000000000000000	00000000000100001011	000000000000000	00000010000000000000000000010000
010000000000000	0000000000000000010	00000000000010000	00000100000000000100	100000000000000	00000000000001000000000000010000
000000000000000	0000000000000000000	00100000000001000	00000000010000000000	000000000000000	00000000000000000000001000000000
000000000000000	0100000000000000000	00010000000000000	00000000010000000000	000000000000000	00000000000000000000001000000000
000000000000001	0000000100000000000	10000010010000100	10000000000000100000	000100000001000	00010000000000100100000000000000
000000000000000	0000000000000000000	00000000000000000	00000000010000000000	000000000000000	00000000000000000000001000000000
000100001010000	0000011000001000000	01000000001000010	00100000000000000000	000001000100000	00000000010000000000000011000000
000000000000000	0000000100000000000	10000010010000000	10000000000000100000	000100000001000	00010000000000100100000000000000
000000000000000	0000000100000000000	10000010010000000	10000000000000100000	000100000001000	00010100000000100100000000000000
000000000000000	0000000100000000000	10000010010000100	10000000000000100000	000100000001000	00010000000000100100000000000000
000000000000000	0000000000000000000	00001000000000000	01000000000000000000	000010010000000	00000001000000010000100000100000
000000000000000	0000000000000000000	00000000000000000	00000000010000000000	001000000000000	00000000000000000000001000000000
000000000000000	0100000000000000000	00010000000000000	00000000010000000000	000000000000000	00000000000000000000001000000000
000000000000000	0100000000000000000	00010000000000000	00000000010000000000	000000000000000	00000000000000000000001000000000
000000000000000	0000000000000000000	00000000000000000	00000000010000000000	001000000000000	00000000000000000000001000000000
000000000000000	0000000100000001000	10000010010000000	10000000000000100000	000100000001000	00010000000000100100000000000000
000000000000000	0000000000000000000	00000000000000000	00000000010000000000	001000000000000	00000000000000000000001000000000
000000000000000	0100000000000000000	00010000000000000	00000000010000000000	000000000000000	00000000000000000000001000000000
000000000000001	0000000100000000000	10000010010000100	10000000000000100000	000100000001000	00010000000000100100000000000000
010000000000000	0000000000000000010	00000000000000000	00000000000000000000	000000000000000	00000000100000000000000000010001
000100001110000	0000011000001000000	00000000001000010	00100000000000000000	000001000100000	00000000010000000000000010000000
000000000000000	0000000000000000000	00001000100000001	01000000000000000000	000010010000000	00000001000000010000100000100000
000000000000000	0000000000000000000	00000000000000000	00000000010000000000	001000000000000	00000000000000000000001000000000
000000000000000	0100000000000000000	00010000000000000	00000000010000000000	000000000000000	00000000000000000000001000000000
010000000000000	0000000000000000010	00000000000010000	00000100000000000100	100000000000000	00000000000000000000000000010000
000000000000000	0000000100000000000	10000010010000000	10000000000000100000	000100000001000	00010100000000100100000000000000
000000000000000	0000000100000000000	10000110010000000	10000000000000100000	000100000001000	00010000000000100100000000000000
000000000000000	1000000100000000000	10000010010000000	10000000000000100000	000100000001000	00010100000000100100000000000000
000101001010000	0000011000001000000	00000000001000010	00100000000000000000	000001000100000	00000000010000000000000010000000
010000000000000	0000000000000000010	00000000000000000	00000000000000000000	000000001000000	00000000100000000000000000010001
000000000000000	0000000000000000000	00001000000000000	01000000000000000000	000010010000000	00000001000000010000100000100000
000000000000000	0000000100000000000	10000010010000000	10000000000000100000	000100000001010	00010100000000100100000000000000
000000000000000	0000000000000000000	00000000000000000	00010000010000000000	001000000000100	00000000000000000000001000000000
000000000000000	0000000100000000000	10000010010000000	10000000000000100000	000100000001010	00010100000000100100000000000000
000000000000000	0000000100000000000	10000010010000000	10000000000000100000	000100000001000	00010000000010100100000000000000
010000000000100	0000000001000000010	00000000000000000	00000000000000000000	000000000010000	00000000000000000000000000010000
000000000000000	0000000100000000000	10000010010000000	10000000000000100000	000100000001000	00010000000000100100000000000000
000000000000000	0100000000000000000	00010000000000000	00000000010000000000	000000000000000	00000000000000000000001000000000
000000000000000	0000000100000000000	10000010010000100	10000000000000100000	000100000001000	00010000000000100100000000000000
100010000000000	0000100000000000001	00000000000100000	00000001000000000000	000000000000000	00000000000000000000000000000010
000000010000000	0000000100000100000	10000010010000000	10000000000000100000	000100000001000	00010000000000000100000000000000
010000000000000	0000000000000000010	00000000000000000	00000000000100001011	000000000000000	00000010000000000000000000010000
011000000000000	0000000000000000010	00000000000000000	00000000000000000000	000000000000000	00000000000000000000000000010001
010000000000000	0000000000000000110	00000000000000000	00000000000001000100	000000000000000	00100000000000000000000000010000
000000000000000	0000000100000000000	10000110010000000	10000000000000100000	000100000001000	00010000000000100100000000000000
000000000000000	0000000100000000000	10000010010000100	10000000000000100000	000100000001000	00010000000000100100000000000000
010000000000000	0000000000000000010	00000000000000000	00000000000000000000	000000000000000	00000000100000000000000000010001
000100001010000	0000011000001000000	00000000001000010	00100000000000000000	000001000100000	00000000010000000000000010000000
000000000000000	0000000100000000000	10000010010000000	10000000000000100000	000100000001010	00010100000000100100000000000000
000000000000000	0000000100000000000	10000010010000000	10000000000000100000	000100000001010	00010100000000100100000000000000
