0000000	00000000000000	000000000000000	00000000000	0000000	00000
0000101	00100000000000	000000000000000	00000000000	0000000	01100
0000000	00000000000000	000000000000000	00010000000	0000000	00000
0000000	00000000000000	000000000000000	00000000000	0000000	00000
0000000	00000000000000	000000000000000	00000000000	0000000	00000
0000000	00000000000000	000000000000000	00000000000	0000000	00000
0000000	00000000000100	000000010000000	00000000000	0000000	00000
0000000	00010000000000	000000000000000	00000000000	0000000	00000
0000000	00000000000000	000000000000000	00000000000	0000000	00000
0000000	00000000000000	000000000000000	00000000000	0000000	00000
0000000	00000000000100	000000000000000	00000000000	0000000	00000
0000000	00000000000000	100000000000000	00000000000	0000000	00000
0000000	00000000000000	000000000000000	00000000000	0000000	00000
0000000	00000000000000	000000000000000	00000000000	0000000	00000
0000000	00000000000000	000000000000000	01100001000	0000000	00000
0000000	00000000000000	000000000000000	00000000000	0000000	00000
0000000	00000000000000	000000000000000	00000000000	0000000	00000
0000000	00000000000000	000100000000000	00000000000	0000000	00000
0000000	00000000000000	000000000000000	00000000100	0000000	00000
0000000	00000000000000	000000000000000	00000000000	0000000	00000
0000000	00000000000000	000000000000000	00000000000	0000000	00000
0000000	00000000000000	000000000000000	00000000000	0000000	00000
0000000	00000000000000	000000000000000	00000000100	0000000	00000
0000000	00001000010000	000000000000000	00000000000	0000000	00000
0010000	00000000000000	000000000000000	00000000000	0000000	00000
0000000	00000000000000	000000000000100	00000000000	0000000	00000
0000000	00000000000000	000000000000000	00000000000	0000000	00000
0000000	00000000000000	000000000000000	00000000000	0000000	00000
0000000	00000000000000	000000000000000	00000000000	0000000	00000
0000000	00000000000000	000000000000000	00000000000	0000000	00000
0000000	00000000000000	000000000001000	00001000000	0000000	00000
0001000	00000000000000	000000000000000	00000000000	0000000	00000
0000000	00000000000000	000000000000000	00000000000	0000000	00000
0000000	00000000000000	000000000000000	00000000000	0000000	00000
0000000	00000000000000	000000000000000	00000000000	0000000	00000
0000000	00000000000000	000000000000000	00000000000	0000000	00000
0000000	00000000000000	000000000100000	00000000000	0000000	00000
0000000	00000000000000	000000000000000	00000000000	0000000	00000
0000000	00000000000000	000010000000000	00000000000	0000000	00000
0000000	00000000000000	000000000000000	00000000000	0000000	00010
0000000	00000001001000	010000000000001	00000000000	0100000	00000
0100000	00000000000000	000000000000000	00000000010	0000000	00000
0000000	00000000000100	000000000000000	00000000000	0000000	00000
0000000	00000000000000	000000000000000	00000000000	0000000	00000
0000000	00000000000000	000000000000000	00000000000	0000000	00000
0000000	01000000000000	000000000000000	00000000000	0000000	00000
0000000	00000000000000	000000000000000	00000000000	0010000	00000
0000000	00000000000000	000000000000000	00000000000	0000000	00000
0000000	00000000000000	000000000000000	00000000000	0000000	00000
0000000	00000100000000	000000000000000	00000000000	0000010	00000
0000000	00000000000000	000000000000000	00000000000	0000000	00000
0000000	00000000000000	000000000000000	00000000000	0000000	00000
0000000	00000000000000	000000000000000	00000000000	0000000	00000
0000000	00000000000000	000000000000000	00000000000	0000000	00000
0000000	00000000000000	000000000000000	00000000000	0000000	00000
0000000	00000000000000	000000000000000	00000000000	0000100	00000
0000000	00000000000000	000000000000000	00000000000	0000000	00000
0000000	00000010000000	000000000000000	00000000000	0000000	00000
0000000	00000000000000	000000000000000	00000000000	0000000	00000
0000000	00000000000000	000000000000000	00000000000	0000000	00000
0000000	00000000000000	000000000000000	00000000000	0000000	00000
0000000	00000000000000	000000000000000	00000000000	0000000	00000
0000000	00000000000000	000000000000000	00000000000	0000000	00000
0000000	00000000000000	000000000000000	00000000100	0000000	00000
0000000	00000000000000	000000000000000	00000000000	0000000	00000
0000000	00000000000000	000000000000000	00000000000	0000000	00000
0000000	00000000000000	000000000000000	00000000000	0000000	00000
0000000	10000000000000	000000000000000	00000000000	0000000	00000
0000000	00000000000000	000000000000000	00000000001	0000000	00000
0000000	00000000000000	000000000000000	00000000000	0000000	00000
0000000	00000000000000	000000000000000	00000000000	0000000	00000
0000000	00000000001000	010000000000001	10000000000	0100000	00000
0000000	00000000001000	010000000000001	00000000000	0100000	00000
0000000	00000100000000	000000000000000	00000000000	0000010	00000
0000000	00000000000000	000000000000000	00000100000	0000000	00000
0000000	00000000100000	000000000000000	00000000000	0000000	00000
0000000	00000000000000	000000000000000	00000000000	0000000	00001
0000000	00000000001000	010000001000001	00000000000	0100000	00000
0000000	00000000000000	000000000000000	00000000000	0000000	00000
0000000	00000000000000	000000000000000	00000000000	0000000	00000
0000000	00000000000000	010000000000011	00000000000	0000000	00000
0000000	00000000000000	000000000000000	00000000100	0000000	00000
0000000	00000000000000	000000000000000	00000000000	0000000	00000
0000000	00000000000000	000000000010000	00000000000	0001000	00000
0000000	00000000000000	000000000000000	00000000000	0000000	00000
0000000	00000000000000	000000000000000	00000000000	0000000	00000
0000000	00000000000000	000000000000000	00000000000	0000000	00000
0000000	00000000000000	000000000000000	00000000000	0000000	00000
0000000	00000000000000	000000000000000	00000000000	0000000	00000
0000000	00000000000000	000000000000000	00000000000	0000000	00000
0000000	00000000000000	000000000000000	00000000000	0000000	00000
0000000	00000000000000	000000000000000	00000000000	0000000	00000
0000000	00000000000000	000000000000000	01100001000	0000000	00000
0000000	00000000000000	000000000001000	00001000000	0000000	00000
0000000	00000000000000	000000000000000	00000000000	0000000	00000
0000000	00000000000000	000000000000000	00000000000	0000000	00000
0000000	00000000000000	000000000000000	00000000000	0000000	00000
0000000	00000000000000	000000000000000	00000010000	0000000	00000
0000000	00000000000000	000000000000000	00000000000	0000000	00001
0000000	00000000000000	000000000000000	00000000000	0000000	00000
0000000	00000000000000	000000000000000	00000000000	0000000	00000
0000000	00000000000000	000000000000000	00000000100	0000000	00000
0000000	00000000000000	000000000000000	00000000000	0000000	10000
0000000	00000000000000	000000000000000	00000000000	0000000	00000
0000000	00000000000000	000000000000000	00000000000	0000000	00000
0100000	00000000000000	000000000000000	00000000010	0000000	00000
0000000	00000000100000	000000000000000	00000000000	0000000	00000
0000000	00000000000000	000000000000000	00000000000	0000000	00000
0000000	00000000000000	000000000000000	00000000000	0000000	00000
0000000	00000000000000	000000000000000	00000000000	0000000	00000
0100000	00000000000000	000000000000000	00000000010	0000000	00000
0000000	00000000000000	000000000000000	00000000000	0000000	00000
0000010	00000000000000	000000000000000	00000000000	0000000	00000
0000000	00000000000000	000000000000000	00000000000	0000000	00000
0000000	00000000000000	000000000000000	00010000000	0000000	00000
0000000	00000000000000	000000000000000	00000000000	0000000	00000
0000000	00000000000010	000001000000000	00000000000	0000000	00000
0000000	00000000000000	000000000000000	00000000000	0000000	00000
0000000	00000000001000	010000000000001	00000000000	0100000	00000
0000000	00000000000000	000000000000000	00000000000	0000000	00000
1000000	00000000000000	000000000000000	00000000000	0000000	00000
0000000	00000000000001	000000000000000	00000000000	0000000	00000
0000000	00000000000000	000000000000000	00000000000	0000000	00000
0000000	00000000000000	000000000000000	00000000000	0000000	00000
0000000	00000000000000	000000000000000	00000000000	0000000	00000
0000000	00000000000000	000000000000000	00000000000	0000000	00000
0000000	00000000000000	000000000000000	00000000000	0000000	00000
0000000	00000000000000	000000000000000	00000000000	0000000	00000
0000000	00010000000000	000000000000000	00000000000	0000000	00000
0000000	00000000001000	010000100000001	00000000000	0100000	00000
0000000	00000000000000	000000000000000	00000000000	0000000	00000
0000000	00000000000000	000000000000000	00000000000	0000000	00000
0000000	00000000000000	001000000000000	00000000000	0000000	00000
0000000	00000000000000	000000000000000	00000000000	0000000	00000
0000000	00000000000000	000000000000000	00000000000	0000000	00000
0000000	00000000000000	000000000000000	00000000000	0000000	00000
0000000	00000000000000	000000000000000	00000000000	0000000	00000
0000000	00000000000000	000000000000000	00000000000	0000000	00000
0000000	00001000010000	000000000000000	00000000000	0000000	00000
0000000	00000000000000	000000000000000	00000000000	1000000	00010
0000000	00000000000000	000000000000000	00000000000	0000000	00000
1000000	00000000000000	000000000000000	00000000000	0000000	00000
0000000	00000000000000	000000000000000	00000000000	0000001	00000
0000000	00000000000000	000000000000000	00000000000	0000000	00001
0000000	00000000000000	000000000000000	00000000100	0000000	00000
0000000	00000000000100	000000000000000	00000000000	0000000	00000
0000000	00000000000000	000000000000000	00000000000	0000000	00000
0000000	00000000000000	000000000000000	00000000000	0000000	00000
0000000	00000000000000	000000000000000	00000100000	0000000	00000
0000000	00000000000000	000000000000000	00000000000	0000000	00000
