000000000000	000000000100010000	00000000000000000000	00000000	0000000010000010000	0000000010
000000000000	000100000000000000	00000000000000000000	00000000	0000000100000000000	0000000000
001000000000	000000000000000000	00100000100000000000	00000000	0000001000000000000	0010000000
000000000000	000000000000000000	10000000000000000000	00000000	0000000000000000000	0000000000
000000000000	000000010000010000	00010000000000000000	00000000	0000000010000000000	0000000000
100000000000	001000000000001010	00000000000000000000	00000000	0010000000000000000	0000000000
000000000000	000000000000000000	00001000000001000000	00000000	0000000000000000000	0000100000
000000000000	000000000000000000	00000000000000000000	00000001	0000000000000000000	0000000000
000000000000	000000000000000000	00100000100000000000	00000000	0000001000000000000	0010000000
000000000000	000000000000000000	00100000100000000000	00000000	0000001000000000000	0010000000
000001000000	000000000000000000	01000000000000001000	10000000	0000000000000001000	0000000000
000010001000	000000000000000000	00100000100010000000	00000000	0000001000000000000	0010000000
000000000000	000000010000010000	00010000000000000000	00000000	0000000010000000000	0000000000
000000000000	000000100100010000	00000000000000000000	00000000	0000000010000010000	0000000010
100000000000	001000000000001010	00000000000000000000	00000000	0010000000000000000	0000000000
000000000000	000000000000000000	10000000000000000000	00000000	0000000000000000000	0000000000
000000000000	000000000000000000	00100000100000000000	00000000	0000001000000000000	0010000000
000001000000	000000000000000000	01000000000000001000	10000000	0000000000000001000	0000000000
000000000000	000000000000000000	00000000000000000000	00000000	0000000100000000000	0000000000
000000000000	000001000000100000	00000000000000000000	00000000	0000000000000000000	0000000000
000000000000	000000000000000000	00001000000001000000	00000010	0100000000011000000	0000000000
100000000000	000000000000000010	00000000000000000000	00000000	0010000000000000000	0000000000
000000000000	000000000000000000	00001000000001000000	00000010	0100000000011000000	0000000000
000000000000	000000000000000000	00001000000001000000	00000000	0000000000000000000	0000100000
000000000100	000000000000000000	00000000000000000000	10000000	0000000000000001000	0000000000
000000000000	000000000100010000	00000000000000000000	00000000	0000000010000010000	0000000010
000000000000	000000000000000000	00001000000001000000	00000000	0000000000000000000	0000100000
000000000000	000000000000000000	00000000000000000000	00000001	0000000000000000000	0000000000
000000000000	000000000000000000	00100000100000000000	00000000	0000000000000000000	0010000000
000000000000	000001000000000000	00000000000000000000	00000000	0000000000000000000	0000000000
000001000000	000000000000000000	00000000000000000000	10000000	0000000000000001000	0000000000
000010000000	000000000000000000	00100000100000000000	00000000	0000001000000000000	0010000000
000000000000	000000000000000000	00001001000001000000	00010000	0000000000001000000	0000001000
000000000000	000000000000000000	00100000100000000000	00000000	0000001000000000000	0010000000
000000000000	000001000000000000	00000000000000000000	00000000	0000000000000000000	0100000000
000000000000	000000000000000000	00100000100000000000	00000000	0000001000000000000	0010000000
000000000000	000000000100010000	00000000000000000000	00000000	0000000010000010000	0000000010
000001000000	000000000000000000	01000000000000001000	10000000	0000000000000001000	0000000000
000001000000	000000000000000000	01000000000000001000	10000000	0000000000000001000	0000000000
000000000000	000001000000000000	00000000000000000000	00000000	0000000000100000000	0000000000
000000000000	000000000000000000	00100000100000000000	00000000	0000000000000000000	0010000000
000000000000	000000000100010000	00000000000000000000	00100000	0000000010000010000	0000000010
000000000000	000000000000000000	00001000000001000000	00000010	0100000000011000000	0000000000
100000000000	001000000000001010	00000000000000000000	00000000	0010000000000000000	0000000000
000000000000	000000000000000000	10000000000000000000	00000000	0000000000000000010	0000000000
000000000000	000000010000010000	00010000000000000000	00000000	0000000010000000000	0000000000
000010000000	000000000000000000	00100000100000000000	00000000	0000001000000000000	0010000000
000000000000	000000000000000000	00001000000001000000	00000010	0100000000011000000	0000000000
000000000000	000000000000010000	00000000000000110000	00000000	0000000010000000000	0000000000
000000000000	000000000000010000	00000000000100000000	00000000	0000000010000000001	0000000000
000000100000	000000000000000000	00001000000001000000	00000010	0100000000011000100	0000000000
000100000000	000000000100010000	00000000000000000000	00000000	0000000010000100000	0000000010
000000000000	000001000000000000	00000000000000000000	00000000	0000000000000000000	0100000000
000010000000	000000000000000000	00100010100010000000	00000000	0000001000000000000	0010000000
000000000000	000000000000000000	00100000100000000000	00000000	0000000000000000000	0010000000
010000000000	000001000001000000	00000000000000000000	00000000	0000000000000000000	0000000000
000000000100	000000000000000000	00000000000000000000	10001000	1000000000000001000	0000000001
000000000000	000000000000000000	10000000000000000000	00000000	0000000000000000000	0000000000
000001000000	000000000000000000	00000000000000000000	10000000	0000000000000001000	0000000000
000000000000	000000000000000000	00000000000000000000	00000000	0000000100000000000	0000000000
000000000000	000000000000000001	10000000000000000000	00000000	0000000000000000000	0000000000
000000000000	000000000000000000	00100100100000000000	00000000	0000000000000000000	0010000000
000000000000	000000000000000000	00000000000000000000	00000000	0000000100000000000	0000000000
000000000000	000000000000000000	00000000000000000000	00000000	0000000000000000000	0000000000
000000000000	000000000000000000	00100100100000000000	00000000	0000000000000000000	0010010000
000000000000	000000000000000000	00000000000000000000	00000000	0000000100000000000	0000000000
000000000100	000000000000000000	00000000000000000000	10000000	1000000000000001000	0000000000
000000000000	000000000000000000	00000000000000000000	00000000	0000000100000000000	0000000000
000000000000	000000000000000000	00100000100000000000	00000000	0000001000000000000	0010000000
000000000000	100000000000000100	00000000000000000000	00000000	0001000000000000000	0000000000
010000000000	000001000001000000	00000000000000000000	00000000	0000000000000000000	0000000000
000000000000	000000000000000000	00000000000000000000	00000001	0000000000000000000	0000000000
000000000000	000001001000000000	00000000000000000100	00000000	0000000000000000000	0000000000
000000000000	000000000000000000	00100000100000000000	00000000	0000000000000000000	0010000000
000000000000	000000010000010000	00010000000000000000	00000000	0000000010000000000	0000000000
000000000000	000000000000000000	00000000000000000000	00000001	0000000000000000000	0000000000
000000000000	000001000000100000	00000000000000000000	00000000	0000000000000000000	0000000000
000001000000	010000000000000000	00000000000000000000	10000000	0000000000000001000	0000000000
000000000000	100000000000000100	00000000000000000000	00000100	0001000000000000000	0000000000
000010000000	000000000000000000	00100000100010000000	00000000	0000001000000000000	0010000000
000000000000	000000000000000000	00100000100000000000	00000000	0000001001000000000	0010000000
000000000000	000000000000000000	00100000100000000000	00000000	0000001000000000000	0010000000
000000000000	000001000001000000	00000000000000000001	00000000	0000000000000000000	0000000000
000000000000	000000000000000000	00001000000001000000	00000010	0100000000011000000	0000000000
000000000100	000000000000000000	00000000000000000000	10000000	0000000000000001000	0000000000
000000000000	000000000100010000	00000000000000000000	00000000	0000000010000010000	0000000010
000000000000	000000000000000000	10000000000000000000	00000000	0000000000000000000	0000000000
001000000000	000000000000000000	00100000100000000000	00000000	0000001000000000000	0010000000
000000000000	000000000000000000	00000000000000000000	00000000	0000000100000000000	0000000000
000000000000	000000000000010000	00000000000000010000	00000000	0000000010000000000	0000000000
000001000000	000000000000000000	00000000000000000000	10000000	0000000000000001000	0000000000
000000000000	000000000000000000	00001001000001000000	00010000	0000000000001000000	0000001000
000000000000	000000000000010000	00000000000100000000	00000000	0000000010000000001	0000000000
000000000000	000000000000000000	00100000100000000000	00000000	0000000000000000000	0010000000
000000000000	000000000000000000	00000000000000000000	00000000	0000000100000000000	0000000000
000000000000	000000000100010000	00000000000000000000	01000000	0000000010000010000	0000000110
000000000000	000000000100010000	00000000000000000000	00000000	0000000010000010000	0000000010
000000000000	000001001000000000	00000000000000000100	00000000	0000000000000000000	0000000000
100000000000	001000000000001010	00000000000000000000	00000000	0010000000000000000	0000000000
000000000000	000000000000000000	00000000000000000000	10000000	0000000000000001000	0000000000
000000000000	000001000000000000	00000000000000000000	00000000	0000000000000000000	0100000000
000000000000	000000000000000000	00100000100000000000	00000000	0000000000000000000	0010000000
000001000000	000000000000000000	00000000000000000000	10000000	0000000000000001000	0000000000
000000000010	000000000000000000	00000000000000000000	10000000	0000000000000001000	0001000000
000000000000	000000000000000000	10000000000000000000	00000000	0000000000000000000	0000000000
000000010000	000000000000010000	00010000000000000000	00000000	0000100010000000000	0000000000
000000000000	000000000000000000	00100000100000000000	00000000	0000001000000000000	0010000000
000001000000	000000000000000000	00000000000000000000	10000000	0000000000000001000	0000000000
000000000000	000000000000000000	00100000100000000000	00000000	0000000000000000000	0010000000
000001000000	000000000000000000	01000000000000001000	10000000	0000000000000001000	0000000000
000000000000	000000000000000000	00001000000001000000	00000010	0100000000011000000	0000000000
000000000000	000000000000000000	00000000000000000000	10000000	0000000000000001000	0000000000
000001000000	000000000000000000	01000000000000001000	10000000	0000000000000001000	0000000000
000000000000	000000000000000000	00001000000001000000	00000010	0100000000011000000	0000000000
000000000000	000010000000000000	00001000000001000000	00000000	0000000000000000000	0000100000
000000000000	000001000000000000	00000000000000000000	00000000	0000000000000000000	0000000000
000000000000	000000000000000000	00100100100000000000	00000000	0000000000000000000	0010010000
000000000000	000000000000010000	00000000000000010000	00000000	0000000010000000000	0000000000
000000000000	000001000000100000	00000000000000000000	00000000	0000000000000000000	0000000000
000001000000	000000000000000000	01000000000000001000	10000000	0000000000000001000	0000000000
000000000000	000000000000000000	00100100100000000000	00000000	0000000000000000000	0010000000
000000000000	000000000010000000	00100000100000000000	00000000	0000000000000000000	0010000000
000000000000	000001001000000000	00000000000000000100	00000000	0000000000000000000	0000000000
000000000001	000000000000000000	00000000000000000000	00000000	0000000000000000000	0000000000
000000000000	000000000100010000	00000000000000000000	00000000	0000000010000010000	0000000010
000001000000	000000000000000000	01000000000000001000	10000000	0000000000000001000	0000000000
000001000000	000000000000000000	01000000000000001000	10000000	0000000000000001000	0000000000
000000000000	000000010000010000	00010000000000000000	00000000	0000000010000000000	0000000000
000001000000	000000000000000000	01000000000000001000	10000000	0000000000000001000	0000000000
000000000100	000000000000000000	00000000000000000000	10000000	0000000000000001000	0000000000
001000000000	000000000000000000	00100000100000000000	00000000	0000001000000000000	0010000000
000000000000	000000000000000000	00001000000001000000	00000010	0100000000011000000	0000000000
000000000000	000000000000000000	00001000000001000000	00000010	0100000000011000000	0000000000
000000000000	000000000000010000	00000000000000110000	00000000	0000000010000000000	0000000000
000000000100	000000000000000000	00000000000000000000	10000000	0000000000000001000	0000000000
000000000000	000000000000000000	00001000000001000010	00000010	0000000000011000000	0000000000
000000000000	000000000000000000	00100000100000000000	00000000	0000001000000000000	0010000000
000000000000	000000000100010000	00000000000000000000	00000000	0000000010000010000	0000000010
000000000000	100000000000000100	00000000000000000000	00000000	0001000000000000000	0000000000
000000000000	000000000000010000	00000000000000010000	00000000	0000010010000000000	0000000000
000000000000	000000000000000000	00000000000000000000	00000001	0000000000000000000	0000000000
100000000000	001000000000001010	00000000000000000000	00000000	0010000000000000000	0000000000
000000000000	000000000000010000	00000000010000010000	00000000	0000000010000000000	1000000000
000000000000	000000000000000000	00001000000001000000	00000010	0100000000011000000	0000000000
000000000000	000000000000000000	00001000000001000000	00000000	0000000000000000000	0000100000
000000000000	000000000000000000	00000000000000000000	00000001	0000000000000000000	0000000000
000000000000	000000000000000000	00000000000000000000	00000000	0000000100000000000	0000000000
000000000000	000000000000000000	00001000000001000000	00000010	0000000000011000000	0000000000
000000000000	000000000000000000	10000000000000000000	00000000	0000000000000000000	0000000000
000000000000	000000000000000000	00100000101000000000	00000000	0000000000000000000	0010000000
