0000000000001	000000000000	1000000000000	00000000000000000000	00000000	0000000000
0000000000000	000000000000	0000000000000	00001000101000000000	00000001	0000000000
0000000000000	100000000000	0000000100000	00000000000000000000	00000000	0011000000
0000000000000	000000000000	0000000000001	00000000000000000101	00110000	0000000000
0000000000000	000000000000	0000000000000	00010000000000000000	00000000	0000000000
0000000000000	000000000000	0000000000000	00000000000000000001	00000100	0000000000
0000000000000	000000000000	0000000000000	00001000001000000000	00000000	0000000000
0000000000001	000000000000	1000000000000	00000000000000000000	00000000	0000000000
0000000001000	000000001000	0000010000000	00000000000000000000	00000000	0000100000
0000000001000	000000001000	0000010000100	00000000000000000000	00000000	0000000000
0000000000001	000000000000	1000000000000	00000000000000000000	00000000	0000000000
0000000000001	000010000000	1000000000000	00000000000000000000	00000000	0000000000
0000000000000	000000000000	0000000000000	00000000000000000000	00001000	0100000000
0000000001000	000000001000	0000010000000	00000000000010000000	00000000	0000000000
0000000000000	000000000000	0000000000000	00001000001000000000	00000000	0000000000
0000000010000	000000000000	0000000000000	00000000000000000001	00000100	0000000000
0000000001000	000000001000	0000010000100	00000000000000000000	00000000	0000000000
0000000001000	000000001010	0000010000000	00000000000000000000	00000000	0000000000
0000000000000	000000000000	0000000000000	00001000101000000000	00000001	0000000000
0000000001000	000000001000	0000010000000	00000000000010000000	00000000	0000000000
0000000001000	000000001010	0000010000000	00000000000000000000	00000000	0000000000
0000000000000	000000000000	0000000000011	00000000000000000001	00000000	0000000000
0001000000000	001000000000	0100000000000	00100001000000000000	01000010	0000000000
0000010000000	000000000100	0000000000000	00001000001000000000	00000001	0000000000
0000000000000	000000000000	0000000000000	00001000001000000000	00000000	0000000000
0001000000000	001000000000	0100100000000	00100001000000000000	01000000	0000000000
0000010000000	000000000000	0000000000000	00001000001000000000	00000001	0000000000
0000000001000	000000001000	0000010000100	00000000000000000000	00000000	0000000000
0000000000000	000000000000	0000000000001	00000000000000000001	00000000	0000010000
0000000001000	000000001000	0000010000000	00000000000000000000	00000000	0000100000
0000000000000	000000010000	0000000000001	00000000000000000001	00000000	0000000000
0000000001000	000000001000	0000010000100	00000000000000000000	00000000	0000000000
0000000000001	000000000000	1000000000000	00000000000000000000	00000000	0000000000
0001000000000	001000000000	0100000000000	10100001000000000000	01000000	0000000000
0000000000000	000000000000	0000000000000	00001000101000000000	00000001	0000000000
0000000001000	000000001000	0000010000100	00000000000000000000	00000000	0000000000
0000000000000	010000000000	0000000000000	00000000000000000001	00000100	0000000000
0000000000000	000000000000	0000000000000	00000000000000000001	00000100	0000000000
0000000000001	000000000000	1000000000000	00000000000000000000	00000000	0000000000
0001000000000	001000000000	0100000000000	00100001000000000000	01000000	0000000000
0010000000000	000000000000	0000001000000	00000100000000100000	00001000	0000000000
0000000000001	000000000000	1000000000000	00000000000000000000	00000000	0000000001
0000000000000	100000000000	0000000000000	00000000000000000000	00000000	0011000000
0000000000000	000000000000	0000000000000	00001000101000000000	00000001	0000000000
0000000000000	000000000000	0000000000001	00000000000000000001	00000000	0000000000
0000000000001	000000000000	1000000000000	00000000000000000000	00000000	0000000100
0000000000000	000000010000	0000000000001	00000000000000000001	00000000	0000000000
0000000000001	000000000000	1000000000000	00000000000000000000	00000000	0000000000
0000000000001	000000000000	1000000010000	00000000000000000000	00000000	0000000000
0000000000000	000000000000	0000000000000	00001000101000000000	00000001	0000000000
0000000000000	000000000000	0000000000001	00000000000000000001	00000000	0000010000
0000000001000	000000001000	0000010000000	00000000000000000000	00000000	0000100000
0000000010000	000000000000	0000000000000	00000000000000000001	00000100	0000000000
0000000000000	000100000000	0000000000000	00000000000000001000	00000000	1000000000
0000000000001	000000000000	1000000000000	00000000000000000000	00000000	0000000000
0000000001000	000000001010	0000010000000	00000000000000000000	00000000	0000000000
0000000000000	000000000000	0000000000001	00000000000000000001	00000000	0000000000
0000000001000	000000001010	0000010000000	00000000000000000010	00000000	0000000000
0000010000000	000000000000	0000000000000	00001000001000000000	00000001	0000000000
0000000000001	000000000000	1000000000000	00000000000000000000	00000000	0000000000
0000000000000	000000000000	0001000000000	00001000001000000000	00000000	0000000000
0000010000000	000000000000	0000000000000	00001000001000000000	00000001	0000000000
0101000000000	001000000000	0100000000000	00100001000000000000	01000000	0000000000
0000000001000	000000001000	0010010000000	00000000000000010000	00000000	0000100000
0000000000000	000000000000	0000000000001	00000000000000000001	00000000	0000000000
0000000010000	000000000000	0000000000000	00000000000000000001	00000100	0000000000
0000000001000	000000001000	0000010000100	00000000000000000000	00000000	0000000000
0000000000000	000000000000	0000000000000	00000000000001000000	00000000	1000000000
0000000001000	000000001000	0000010000000	00000000000000000000	00000000	0000000000
0000000000001	000000000000	1000000000000	00000000000000000000	00000000	0000000001
0000000000000	000000000000	0000000000000	00001000001000000000	00000000	0000000000
0000000000000	000000000000	0000000000000	00000000000001000000	00000000	1000000000
0000100000000	000000000000	0000001000000	00000100000000100000	00001000	0000000000
0000000001000	000000001000	0000010000000	00000000000000000000	00000000	0000100000
0001000000000	001000000000	0100100000000	00100001000000000000	01000000	0000000000
0000000000000	000000000000	0000000000001	00000000000000000001	00000000	0000000000
0000000000000	000000000000	0000000000000	00001000001000000000	00000000	0000000000
0000000010000	000000000000	0000000000000	00000000000000000001	00000100	0000000000
0000000001000	000000001000	0000010000100	00000000000000000000	00000000	0000000000
0000000000000	000000000000	0000000000000	00001000001000000000	00000001	0000000000
0000000000000	000000010000	0000000000001	00000000000000000001	00000000	0000000000
0001000000000	001000000000	0100000000000	00100001000000000000	01000000	0000000000
0000000000000	000000000000	0000000000000	00001000001000000000	00000000	0000000000
0000010000000	000000000000	0000000000000	00001000001000000000	00000001	0000000000
0000000001000	000000001010	0000010000000	00000010000000000010	00000000	0000000000
0000000000000	000000000000	0000000000000	00000000000000000001	00000100	0000000000
0001000000000	001000000000	0100000000000	00100001000000000000	01000000	0000000000
0000000000001	000000000000	1000000001000	00000000000000000000	00000000	0000000000
0000000001000	000000001000	0000010000000	00000000000000000000	00000000	0000100000
0001000000000	001000000000	0100000000000	10100001000000000000	01000000	0000000000
0000000010000	000000000000	0000000000000	00000000000000000001	00000100	0000000000
0000000000000	000000010000	0000000000001	00000000000000000001	00000000	0000000000
0000000000000	100000000000	0000000000000	00000000000000000000	00000000	0011000000
0000000000000	000000000000	0000000000000	00000000000000000001	00000100	0000000000
0001000000000	001000000000	0100100000000	00100001000000000000	01000000	0000000000
0000000000001	000010000000	1000000000000	00000000000000000000	00000000	0000000000
0000000000000	000000000000	0000000000000	01000000000001000000	00000000	1000000000
0001000000000	001000000000	0100000000000	00100001000000000000	01000000	0000000000
1000001000000	000001100000	0000000000000	00000000000000000000	10000000	0000001000
0000000000000	000000000000	0000000000001	00000000000000000001	00000000	0000010000
0000100000000	000000000000	0000001000000	00000100000100100000	00001000	0000000000
0000000000010	000000010000	0000000000001	00000000000000000001	00000000	0000000000
0000010000000	000000000000	0000000000000	00001000001000000000	00000001	0000000000
0000000000000	000000000000	0000000000000	00000000000000000000	00001000	0100000000
0000000001000	000000001001	0000010000000	00000000000000000000	00000000	0000100000
0000000000000	000000010000	0000000000001	00000000000000000001	00000000	0000000000
0001000000000	001000000000	0100000000000	10100001000000000000	01000000	0000000000
0000000000000	000100000000	0000000000000	00000000000000001000	00000000	1000000000
0000000000000	000000010000	0000000000001	00000000000000000001	00000000	0000000000
0000000001000	000000001010	0000010000000	00000000000000000000	00000000	0000000000
0000010000000	000000000000	0000000000000	00001000001000000000	00000001	0000000000
0000000000000	000000000000	0000000000001	00000000000000000001	00000000	0000010000
0000000000000	000000000000	0000000000001	00000000000000000001	00000000	0000000000
0000000001000	000000001000	0000010000000	00000000000000000000	00000000	0000000000
0000000001000	000000001010	0000010000000	00000000000000000000	00000000	0000000000
0000000000000	000000010000	0000000000001	00000000000000000001	00000000	0000000000
0000000000000	000000000000	0000000000000	00000000000000000000	00001000	0100000000
0000000001000	000000001000	0000010000000	00000000000000000000	00000000	0000100000
0000100000000	000000000000	0000001000000	00000100000000100000	00001000	0000000000
0001000000000	001000000000	0100000000000	10100001000000000000	01000000	0000000000
0000000000000	000000010000	0000000000001	00000000000000000001	00000000	0000000000
0000000000000	000000000000	0000000000000	00001000001000000000	00000000	0000000000
0000000000000	000000000000	0000000000001	00000000000000000001	00000000	0000000000
0000000000000	000000000000	0000000000000	00000000000000000001	00000100	0000000000
0001000000000	001000000000	0100000000000	00100001010000000000	01000000	0000000000
0000000000001	000000000000	1000000000000	00000000000000000000	00000000	0000000000
0000000000000	000000010000	0000000000001	00000000000000000001	00000000	0000000000
0000000001000	000000001000	0000010000000	00000000000000000000	00000000	0000100000
0000000000000	000000000000	0000000000000	00001000001000000000	00000000	0000000000
0000000001000	000000001010	0000010000000	00000000000000000000	00000000	0000000000
0000000000001	000010000000	1000000000000	00000000000000000000	00000000	0000000000
0000000000001	000000000000	1000000000000	00000000000000000000	00000000	0000000000
0000000000000	000000000000	0000000000000	00000000000001000000	00000000	1000000010
0000000010000	000000000000	0000000000000	00000000000000000001	00000100	0000000000
0000000000010	000000010000	0000000000001	00000000000000000001	00000000	0000000000
0000000000000	000000000000	0000000000000	00001000001000000000	00000000	0000000000
0000000000000	000000000000	0000000000000	00000000000000000000	00000000	1000000000
0000000000000	000000000000	0000000000001	00000000000000000001	00000000	0000000000
0001000000000	001000000000	0100000000000	00100001000000000000	01000000	0000000000
0000000001000	000000001000	0000010000000	00000000000000000000	00000000	0000000000
0000000000000	000000000000	0000000000001	00000000000000000001	00000000	0000000000
0000000000001	000000000000	1000000000000	00000000000000000000	00000000	0000000000
0001000000000	001000000000	0100000000000	10100001000000000000	01000000	0000000000
0000000000000	000000010000	0000000000001	00000000000000000001	00000000	0000000000
0000000000000	000000000000	0000000000000	00010000000000000000	00000000	0000000000
0000000000000	000000010000	0000000000001	00000000000000000001	00000000	0000000000
0000000100100	000000000000	0000000000001	00000000000000000001	00000000	0000000000
0000100000000	000000000000	0000001000000	00000100000000100000	00001000	0000000000
0000000000001	000000000000	1000000010000	00000000000000000000	00000000	0000000000
0000000000010	000000010000	0000000000001	00000000000000000001	00000000	0000000000
