00000000000100000	000000000	000000000000000000	000000000000001001	000000000000000000	0000000
00000000000100000	000000000	000000000000000000	000000000000000001	000000000000000000	0000000
00000011000000000	000000000	000000000000000000	000000000000000000	000000000000000000	0000010
00000000010000010	000000000	000000000000000000	001000000000000000	000000000000000000	0000000
00000000000100000	000000000	000000000000000000	000000000000000001	000000000000000000	0000000
00000000000000000	000000000	000000011000000100	000000000001000000	000000000000001000	0000000
10000000010000010	000000000	010000000000000000	000000000000000000	000000000000000000	0000000
01000000000100000	000000000	000000000000000001	000000000000000001	000010000000000000	0000000
00000000000000001	000000000	000000001000000100	000001000001000000	000000000000001000	0000000
00000000010000010	000000000	000000000010000000	000100000000000000	000000000000000000	0000000
00000100000000000	000000000	000000000001000000	000000000000000010	000000000000000000	0000000
00000000010000010	000000000	000000000000000000	001000000000000000	000000000000000000	0000000
00000000000000000	000000000	000000001000000000	000000000000000000	000000000000000000	0000000
00000000000100000	000000000	000000000000000000	000000100000000001	000000000000000000	0000000
00000000000100000	000000000	000000000000000000	000000100000000001	000000000000000000	0000000
00000000000100000	000000000	000000000000000000	000000000000000001	000000000000000000	0000000
00000000000000000	000000000	000000000000000000	000000010000100000	000000000000000000	1000000
00000000000000000	000000010	000000000000000000	100000000000000000	000000000000000100	0000000
00000000000000000	000000000	000000001000000100	000000000001000000	000000000000001000	0000000
00000000000000000	000000000	000000000000000000	000000000000000000	000000000000000000	0000000
01000000000100000	000000000	000000000000000001	000000001100000001	100000010000010000	0000000
00000000000000000	000000000	000000000001000000	000000000000000000	000000000000000000	0000000
00000000000000000	000001100	000010000000000000	000000010000100000	000000000000000000	1000000
00000000000000000	000000000	000000000001000000	000000000000000000	000000000000000001	0000000
00100000000100000	000010000	000100000000000000	000000000000000001	000000000010000000	0000000
00000010000000000	000000000	000000000000000000	010010000000000000	000000000000000000	0000010
00000000010000010	000000000	000000000000000000	000000000000000000	000000000000000000	0000000
00000000000100000	000000000	000000000000000000	000000000000000001	000000000000000000	0000000
00000000000000000	000000000	000000000000000000	000000010000100000	000000000000000000	1000000
00000000000000000	001000000	000000000001000000	000000000000000000	000000000000000000	0001000
00000100000000000	000000000	000000000001000000	000000000000000010	000000000000000000	0000000
00001000000010100	000000000	000000000000000000	000000000000000000	000000000000000000	0000100
10000000010000010	000000000	010000000000000000	000000000000000000	000000000000000000	0000000
00000011000000000	000000000	000001000000000000	000000000000000000	000000000000000000	0000010
01000000000100000	000000000	000000000000000001	000000000000000001	000000000000000000	0000000
00000000010000010	000000000	000000000000000000	001000000000000000	000000000000000000	0000000
00000000000100000	000000000	000100000000001000	000000000000000001	000000000010000000	0000000
00000000000100000	000000000	000000000000000000	000000000000000001	000000000000000000	0000000
00000000000000000	000000000	000000001000000110	000000000001000000	000000000000000000	0000000
00000000000000000	000000000	000000000000000000	000000010000110000	000100000001000000	1000000
00000000000100000	000000000	000100000000001000	000000000000000001	000000000010000000	0000000
00000000010000010	000000000	000000000000000000	000000000000000000	000000000000100000	0000000
00000000010000010	000000000	000000000010000000	000100000000000000	001000100000000000	0000000
00001000000010100	000000000	000000000000000000	000000000000000000	000000000000000000	0000100
00000000000000000	000000000	000000000001000000	000000000000000000	000000000000000000	0000000
00000000000000000	000000000	000000000001000000	000000000000000000	000000000000000000	0001000
00000000000100000	000000000	000000000000000000	000000000000000001	000000000000000000	0000000
00000000000000000	000100000	000000001000000100	000000000001000000	000000000100001010	0000000
00000000110000010	000000000	000000000000000000	000000000000000000	000000000000000000	0000000
00000000000100000	000000000	000100000000001000	000000000000000001	000000000010000000	0000001
00001000000010100	000000000	000000000000000000	000000000000000000	000000000000000000	0000100
00000000000000000	000000000	000000001000000000	000000000000000000	000000000000000000	0000000
00000000000100000	000000000	000100000000001000	000000000000000001	000000000010000000	0000001
00000000000000000	000000000	000000011000000100	000000000001000000	000000000000001000	0000000
00000000000100000	000000000	000000000000000000	000000100000000001	000000000000000000	0000000
00000000000100000	000000000	000000000000000000	000000000000000001	000000000000000000	0000000
00000000000000000	000000000	000000001000000100	000000000001000000	000000000000000000	0000000
00000000000000000	000000000	100000000000000000	000000000000000000	000000000000000000	0000000
00000010000000000	010000000	000000000000000000	000000000000000000	000000000000000000	0000010
00000000000100000	000000000	000000000000000000	000000100000000001	000000000000000000	0000000
00000000000100000	000000000	000000000000000000	000000000000000001	000001000000000000	0000000
01000000000100000	000000000	000000000000000001	000000001100000001	100000010000010000	0000000
00000000000000000	000000000	000000011000000100	000000000001000000	000000000000001000	0000000
00000000010000010	000000000	000000000010000000	000100000000000000	001000000000000000	0000000
00000000000000000	000000000	000000000000000000	000000010000100000	000100000001000000	1000000
00000000000000000	000000000	000000000000000000	000000010000100000	000100000001000000	1000000
00000000000000000	000000000	000000000001000000	000000000000000000	000000000000000000	0001000
00000000010000010	000000000	000000000010000000	000100000000000000	000000000000000000	0000000
01000000000100000	000000000	000000000000000001	000000001100000001	100000010000010000	0000000
00000000010000010	000000000	000000000000000000	000000000000000000	000000000000000000	0000000
00000000010000010	000000000	000000000000000000	000000000000000000	000000000000000000	0000000
00000000010000010	000000000	000000000000000000	000000000000000000	000000000000000000	0000000
00000000000000000	000000000	000000000000000000	000000000000000000	000000000000000000	0000000
00000000000000000	000000000	000000000101000000	000000000000000000	000000000000000000	0001000
00000000000000000	000000000	000000011000000100	000000000001000000	000000000000001000	0000000
00000000000000000	000000000	000000000000000000	000000010000100000	000000000000000000	1000000
00000000000100000	000000000	000000000000000000	000000000000000001	000000000000000000	0000000
00000011000000000	000000000	000000000000000000	000000000000000000	000000000000000000	0000010
00000000010000010	000000000	000000000000000000	000000000000000000	000000000000000000	0000000
00000000010000010	000000000	000000000000000000	000000000000000000	000000000000000000	0000000
00000100000000000	000000000	000000000001000000	000000000000000010	000000000000000000	0000000
00000000000000000	000000010	000000000000000000	100000000000000000	000000000000000100	0000000
00000000000000000	000000000	000000000000000000	000000000000000000	000000000000000000	0000000
00000000000000000	000000000	000000001000000110	000000000001000000	000000000000000000	0000000
00000000000000000	000000000	100000000000000000	000000000000000000	000000000000000000	0000000
00000000000100000	000000000	000100000000001000	000000000000000001	000000000010000000	0000000
00000000010000010	000000000	000000000000000000	000000000000000000	000000000000000000	0000000
00000000000000000	000000000	000000001000000000	000000000000000000	000000000000000000	0000000
00000000010000010	000000000	000000000000000000	000000000000000000	000000000000000000	0000000
00000000000000000	000000000	000000000000000000	000000010000100000	000100000001000000	1000000
00000000000000000	000000000	000000000000000000	000000010000100000	000100000001000000	1000000
00000000000100000	000000000	000000000000000000	000000000000000001	000001000000000000	0000000
00000000000000000	000000000	000000000000000000	000000010000100000	000000000001000000	1000000
00000000000000000	000000000	000000000000000000	000000010000100000	000000000000000000	1000000
00000000010000010	000000000	000000000000000000	000000000000000000	000000000000000000	0000000
00000000010000010	000000000	000000000000000000	001000000000000100	000000000000000000	0000000
00000011000000000	000000000	000000000000000000	000000000000000000	000000000000000000	0000010
00000000010000010	000000000	000000000000000000	000000000000000000	000000000000000000	0000000
01000000000100000	000000000	000000000000000001	000000000000000001	000000000000000000	0000000
00000000000000000	000000000	000000000000000000	000000000000000000	000000000000000000	0000000
00000000000000000	000000000	000000000000000000	000000000000000000	000000000000000000	0000000
00000000000100000	000000000	000100000000001000	000000000000000001	000000000010000000	0000000
01000000000100000	000000000	000000000000000001	000000000000000001	000000000000000000	0000000
00000000010000010	000000000	000000000000000000	000000000000000000	000000000000000000	0000000
00000000000000000	000000000	000000000000000000	000000000000000000	000000000000000000	0000000
00000000000100000	000000000	000100000000001000	000000000000000001	000000000010000000	0000000
00000010000000000	010000000	000000000000000000	000000000000000000	000000000000000000	0000010
00010000000101000	000000000	001000000000000000	000000000000000001	000000000000000000	0010000
00000000000000000	000000000	000000000000000000	000000010000100000	000100000001000000	1000000
00000000010000010	000000000	000000000010000000	000100000000000000	001000000000000000	0000000
00000000000000000	000001100	000000000000000000	000000010000100000	000000000000000000	1100000
00000000000000000	000000000	000000000000000000	000000010000100000	000000000000000000	1000000
00000000000000000	000000000	000000000000000000	000000000000000000	000000000000000000	0000000
00000000000000000	000000000	000000001000000100	000000000001000000	000000000000000000	0000000
00000000000100000	000000000	000100000000001000	000000000000000001	000000000010000000	0000000
00000000000000000	000000000	000000001000000000	000000000000000000	000000000000000000	0000000
00000000000000000	000000000	100000000000000000	000000000000000000	000000000000000000	0000000
00000000000000000	000000000	000000000000000000	000000010000100000	000000000001000000	1000000
00001000000010100	100000000	000000000000000000	000000000000000000	000000000000000000	0000100
00000000010000010	000000000	000000000000000000	000000000000000000	000000000000000000	0000000
00001000000010100	000000000	000000000000000000	000000000000000000	000000000000000000	0000100
00000000010000010	000000000	000000000000000000	000000000000000000	000000000000000000	0000000
00000000000000000	000000000	000000000001000000	000000000000000000	000000000000000000	0000000
00000000000000000	000000000	000000000000000000	000000000000000000	010000000000000000	0000000
00000000000000000	000000000	000000000000010000	100000000010000000	000000000000000000	0000000
00000000010000010	000000000	000000000000000000	000000000000000000	000000000000000000	0000000
00000000000000000	000100000	000000001000000100	000000000001000000	000000000000001010	0000000
00000000000000000	001000000	000000000001000000	000000000000000000	000000000000000000	0001000
00000000000000001	000000000	000000001000000100	000000000001000000	000000000000001000	0000000
00000000000100000	000000000	000100000000001000	000000000000000001	000000000010000000	0000000
00000000010000010	000000001	000000000000000000	001000000000000000	000000000000000000	0000000
01000000000100000	000000000	000000000000000001	000000000000000001	000000000000000000	0000000
00000000000000000	000000000	000000000000010000	100000000010000000	000000000000000000	0000000
00000000000000000	000000000	000000000000000000	000000010000100000	000000000001000000	1000000
00000000000000000	000000000	000000000000000000	000000000000000000	000000000000000000	0000000
01000000000100000	000000000	000000000000000001	000000001100000001	100000010000010000	0000000
00000000000100000	000000000	000000000000000000	000000000000000001	000001000000000000	0000000
00000000000000000	000000000	000000000000000000	000000010000100000	000100000001000000	1000000
10000000010000010	000000000	010000100000000000	000000000000000000	000000000000000000	0000000
00000000000100000	000000000	000100000000001000	000000000000000001	000000000010000000	0000000
00000000000000000	000000000	000000000000100000	000000010000100000	000000000000000000	1000000
00000000000000000	000000000	000000000001000000	000000000000000000	000000000000000000	0000000
00000000000000000	000000000	000000000000000000	000000000000000000	000000000000000000	0000000
00001000000010100	000000000	000000000000000000	000000000000000000	000000000000000000	0000100
00000000000000000	000000000	000000000000000000	000000010000100000	000100000001000000	1000000
00000000000000000	000000000	000000001000000100	000000000001000000	000000000000001000	0000000
00000000000000000	000000000	000000000000000000	000000010000100000	000000000000000000	1000000
00000000001000000	000000000	000000000000000000	000000000000000000	000000000000000000	0000000
00000000000000000	000000000	000000000001000000	000000000000000000	000000001000000001	0000000
00000000000100000	000000000	000000000000000000	000000000000000001	000000000000000000	0000000
