0000110000000	000000000	000000000000000000	01010000000001	000000000000	100100000100000
0000000000000	100000000	000000000000000000	00000000000000	000000000000	000000000000000
0000000000000	000000000	000010000000000000	00000000000000	000000100000	000000000000000
0000000000000	000000000	000000000000000010	00000000000000	000000000000	010000000000000
1000000000100	000000010	100000000000000000	00000000000000	000000000000	000000000000000
0000001000000	000000000	000000000000000010	00000000000000	000000000000	000000001000000
1000000000000	000000010	100000000000000000	00000000000000	000000000000	000000000000000
0010000000000	000000000	000000000000000100	00000000000000	000000000000	000000000000000
0000000000000	000100000	000000000010000000	00000000000000	000000000000	000000000000010
0000000010000	000000100	000000010000010000	00000000000000	000000000000	000000000000000
1000000000000	000000010	100000000000000000	00000000000000	000000000000	000000000000000
1000000000000	000000010	100000000000000000	00001000000000	000000000000	000000000000000
0000000000000	000000000	000000000000000000	00000000000000	100000000000	000000000000000
0100000000000	100000000	000000000000000000	00000000000000	000100000000	000000000000000
0010000000000	000000000	000000000000000100	00000000000000	000000000000	000000000000000
0000110000000	000000000	000000000000000000	01010000000001	000000000000	100100000100000
0000000000000	000000000	000000000000000100	00000000000000	000000000000	000000000000000
0010000000000	000000000	000000000000000100	00000000000000	000000000000	000000000000000
0000000000010	100001000	000000000000000000	00000000000000	000000000000	000000000000000
0000000000000	001000000	000000000000000000	00000000000000	000000000000	000000000000000
0000000000000	000000000	000000000000000100	00000000000000	000000000000	000000000000000
1000000000000	000000010	100000000000000000	00000000000000	000000000000	000000000000000
0000000010000	000000100	000000000000010000	00000000000000	000000000000	000000000000000
0000000000000	000000000	000000000000000000	01000010000000	000000000000	000100000000000
0000000000000	000000000	000000000000000000	01000010000000	000000000000	000100000000000
0010000000000	000000000	000000000000000100	00000000000000	000000000000	000000000000000
0010000000000	000000000	000000000000000100	00000000000000	000000000000	000000000000000
0000000000000	000000000	000000000000000000	01000010100000	000000000000	000100000000000
0000000000000	100000000	000000000000000000	00000000000000	000000000000	000000000000000
1000000000000	000000010	100000000000000000	00000000000000	000000000000	000000000000000
0000000000000	100000000	000000000000000000	00000000000000	000000000000	000000000000000
0000000000000	000000000	000000000000000000	01000010000000	000001000000	000100000000000
0010000000000	000000000	000000000000000100	00000000000000	000000000000	000010000000000
0000000000000	000000000	000010000000000000	00000000000000	000000100000	000000000000000
0000000000000	000000000	000011000000000000	00000000000000	000000100000	000000000000000
0000000000000	000000000	000000000000000100	00000000000000	000000000000	000000000010000
0000000000000	000000000	000010000000000000	00000000000000	000000100000	000000000000000
0000000000000	000000000	000000000000000010	00000000000000	000000000000	000000000000000
0000000000000	100000000	000000000000000000	00000000000000	000000000000	000000100000000
0010000000000	000000000	000000000000000100	00000000000000	000000000000	000000000000000
0000000000000	000000000	000000000000000100	00000000000000	000000000000	000000000000000
0000000000000	000000000	000000000000000000	00000000000000	000000000000	000000000000010
0010000000000	000000000	000000000000000100	00000000000000	000000000000	000010000000000
1000000000000	000000010	100000000000000000	00000000000000	000000000000	000000000000000
1000000000000	000000010	100000000000000000	00000000000010	000000000000	000000000000000
0000000000000	000000000	000000000000000100	00000000000000	000000000000	000000000000000
0000000000000	000000000	000010100000000000	00000000000000	000000100000	000000000000000
0000000010000	000000100	001000000000010000	00000000000000	000000000000	000000000000000
1000000000000	000000010	100000000000000000	00000000000000	000000001000	000000000000000
0000000000000	100000000	000000000000000000	00000000000000	000000000000	000000000000000
0000000000000	000000000	000000000000000000	01000010000000	000000000000	000100000000000
1000000000000	000000010	100000000000000000	00000000000000	000000000000	000000000000000
0000000000000	001000000	000000000000000000	00000000000000	000000000000	000000000000000
1000000000000	000000010	100000000000000000	00000000000000	000000000000	000000000000000
0000000000000	000000000	000000000000000000	00000000000000	100000000000	000000000000000
1000000000000	000000010	100000000000000000	00000000000000	000000000000	000000000000000
0000000000000	000000000	000000000000000100	00000000000000	000000000000	000000000000000
1000000000000	000000010	100000000000000000	00000000000000	000000000000	000000000000000
0000000000000	000000000	000000000000000010	00000000000000	000000000000	000000000000000
1000000000001	000000010	100000000000000000	00000000000000	000000000000	000000000000000
0010000000000	000000000	000000000000000100	00000000000000	000000000000	000000000000000
0000000000000	000000000	000000000000000100	00000000000000	001000000000	000000000000000
0000000010000	000000100	000000000000000000	00000000000000	000000000000	000000000000000
0000000100000	010000000	000000000100000000	11100010011000	000000000000	000100000000000
0010000000000	000000000	000000000000000100	00000000000000	000000000000	000000000000000
0000000000000	000000000	000000000000000100	00000000000000	000000000000	000000000000000
0000000000000	000000011	000000000000100000	00000000000000	000000000000	000000000000100
0100000000000	100000000	000000000000000000	00000000000000	000100000000	000000000000000
1000000000001	000000010	100000000000000000	00000000000000	000000000000	000000000000000
0010000000000	000000000	000000000000000100	00000000000000	010010000000	000000000000000
0000000010000	000000100	000000000000010000	00000000000000	000000000000	000000000000000
1000000000100	000000010	100000000000000000	00000000000000	000000000000	000000000000000
0000000010000	000000100	000000000000000000	00000000000000	000000000000	000000000000000
1000000000000	000000010	100000000000000000	00000000000000	000000001000	000000000000000
0000000000000	100000000	000000000000000000	00000000000000	000000000000	000000000000000
0000000000010	100001000	000000000000000000	00000000000000	000000000000	000000000000000
0000000000000	000000000	000000000000000100	00000000000000	000000000000	000000000000000
0000000000000	100000000	000000000000000000	00000000000000	000000000000	000000100000000
0000000000000	100000000	000000000000000000	00000000000000	000000000000	000000000000000
0000000000000	000000000	000000000001000010	00000001000000	000000000010	000000000000000
0000000000000	000000000	000000000000000100	00000000000000	000000000000	000000000000000
0000000000000	000000000	000000000000000000	01000010100000	000000000000	000100000000000
1000000000000	000000010	100000000000000000	00000000000000	000000000000	000000000000000
0000000000000	000000000	000000000000000000	00000000000000	000000000000	000000000000010
0000000000000	000000000	000010000000000000	00000000000000	000000100000	000000000000000
0000100000000	000010000	000000000000000000	01010000000001	000000000000	100100000100000
0000000000000	000000000	000000000000000100	00000000000000	000000000000	000000000000000
0000000000000	000000000	000000000000000100	00000000000000	000000000000	000000000000000
1000000000000	000000010	100000000000000000	00000000000000	000000000000	000000000000000
0000000010000	000000100	000000010000010000	00000000000000	000000000000	000000000000000
0010000000000	000000000	000000000000000100	00000000000000	000000000000	000000000000000
0000000000000	000000000	000010000000000000	00000000000000	000000100000	000000000000000
1000000000100	000000010	100000000000000000	00000000000000	000000000000	000000000000000
0000000000000	000000000	000000000000000010	00000000000000	000000000000	000000000000000
1000000000000	000000010	100000000000000000	00000000000000	000000000000	000000000000000
1000000000000	000000010	100000000000000000	00000000000000	000000000000	000000000000000
0000000000000	000000000	000010100000000000	00000000000000	000000100000	000000000000000
1000000000000	000000010	100000000000000000	00001000000000	000000000000	000000000000000
0000000000000	000000000	000010000000000000	00000000000000	000000100000	000000000000000
0000000010000	000000100	010000000000010000	00000000000000	000000000000	000000000000000
0000000010000	000000100	000000010000010000	00000000000000	000000000000	000000000000000
1000000000100	000000010	100000000000000000	00000000000000	000000000000	000000000000000
0000100000000	000000000	000000000000000000	01000000000001	000000010000	000101000000000
0000000000000	000000000	000000000000000000	00000000000000	000000000000	000000000000000
0000000000000	000000000	000010000000000000	00000000000000	000000100000	000000000000000
1000000000000	000000010	100000000000000000	00000000000000	000000000000	000000000000000
0000000000000	000000000	000000000000000100	00000000000000	000000000000	000000000000000
0010000000000	000000000	000000000000000100	00000000000000	000000000000	000000000000000
1000000000000	000000010	100000000000000000	00000000000000	000000000000	001000000000000
0000000010000	000000100	000000000000000000	00000000000000	000000000000	000000000000000
0000001000000	000000000	000000000000000010	00000000000000	000000000000	000000001000000
0001000010000	000000100	000000000000000001	00000000000000	000000000101	000000000000001
0000110000000	000000000	000000000000000000	01010000000001	000000000000	100100000100000
0000000000000	000000000	000000000000000100	00000000000000	000000000000	000000000000000
0000000000000	000100000	000000000000000000	00000000000000	000000000000	000000000000010
1000000000000	000000010	100000000000000000	00000000000000	000000000000	000000000000000
0000000000000	100000000	000000000000000000	00000000000000	000000000000	000000000000000
0010000000000	000000000	000000000000000100	00000000000000	010010000000	000000000000000
0000000000000	000000000	000000000000000000	01000010000000	000000000000	000100000000000
0000000000000	000000000	000010000000000000	00000000000000	000000100000	000000000000000
0010000000000	000000000	000000000000000100	00000000000000	000000000000	000000000000000
1000000000000	000000010	100000000000000000	00000000000000	000000000000	000000000000000
0000000000000	000000000	000000000000000000	01000010000000	000000000000	000100000000000
0100000000000	100000000	000000001000000000	00000000000000	000100000000	000000000000000
0000000010000	000000100	000000000000000000	00000000000000	000000000000	000000000000000
0010000000000	000000000	000000000000000100	00000000000000	000000000000	000000000000000
1000000000000	000000010	100000000000000000	00000000000000	000000000000	000000010000000
0000000000000	000000000	000000000000000000	00000000000000	000000000000	000000000000010
1000000001000	000000010	100000000000000000	00000100000100	000000000000	000000000000000
0000000000000	000000000	000000000000000000	01000010000000	000000000000	000100000000000
0000000000000	000000000	000000000000000000	01000010000000	000000000000	000100000000000
0000000000000	000000000	000000000000000100	00000000000000	000000000000	000000000000000
0000000000000	000000000	000010000000000000	00000000000000	000000100000	000000000000000
0010000000000	000000000	000000000000000100	00000000000000	000000000000	000000000000000
0000000000000	000000000	000000000000000000	00000000000000	100000000000	000000000000000
0000000000000	000000000	000000000000000100	00000000000000	000000000000	000000000000000
0000000000000	100000000	000000000000000000	00000000000000	000000000000	000000000000000
0000000000000	000000000	000010000000000000	00000000000000	000000100000	000000000000000
1000000000000	000000010	100000000000000000	00000000000000	000000000000	000000000000000
0010000000000	000000000	000000000000000100	00000000000000	000000000000	000000000000000
1000000000000	000000010	100000000000000000	00000000000100	000000000000	000000000000000
1000000000000	000000010	100000000000000000	00000000000000	000000001000	000000000000000
0000000010000	000000100	000000000000000000	00000000000000	000000000000	000000000000000
1000000000000	000000010	100000000000000000	00000000000000	000000000000	000000000000000
0000000000000	000000000	000100000000001000	00000000000000	000000000000	000000000001000
1000000000000	000000010	100000000000000000	00000000000100	000000000000	000000000000000
0000000010000	000000100	000000000000000000	00000000000000	000000000000	000000000000000
0000000000000	000000000	000000000000000000	01000010000000	000000000000	000100000000000
1000000000000	000000010	100000000000000000	00000000000000	000000000000	000000000000000
0000000000000	100000000	000000000000000000	00000000000000	000000000000	000000100000000
