0000000000000000	0000000000000	000000000100	0000000000000	0000000	0000000000000100000
0100001000000000	0000000000000	100000001000	0001000000000	0000000	0000000000100000000
0000100000000001	0000000001000	000000000001	0000000010000	0000000	0000101000000000000
0010000000000000	0000000000000	000000000000	0000000000000	0000000	0000000000000000000
0100001000000000	0000000000000	000000000000	0001000000000	0000000	0000000000100000000
0000000000000000	0000000000000	000000000000	0000000010000	0000000	0000101000000000000
0000000000000000	0000000000000	000000000000	0000000000001	0100000	0000000000000000100
0000000001000000	0100000000001	000000000000	0000000000010	0000000	0000000000000000000
0000000000000000	0000000000000	000000000000	0000000010000	0000000	0000101000000000000
0000100000000001	0000000001000	000000000001	0000000010000	0000000	0000101000000000000
0010000000000000	0000000000000	000000000000	0000000000000	0000000	0000000000000000000
0010000000000000	0000000000000	000000000000	0000000100000	0000000	0000000000000000010
0001010000000000	0001000000000	001000000000	0100000010000	0000010	0000101000000000000
0000000000000000	0000001000000	000000000000	0000000000000	0001100	0000000000000000000
0001000000000000	0000000010000	000000000000	0000000010000	0000010	0000101000000000000
0000000010000000	0000000000000	000000000100	0010000000000	1000000	0000000000000000000
0000000000000010	0000000000000	000000000000	1000000011000	0000000	0000000000000000000
0000000000000000	0000000001000	000000000001	0000000010000	0000000	0000101000000000000
0000000000000000	0000000000000	000000000000	0000000000000	0100000	0000000000000000000
0000000000000000	0000000000000	000000000000	0000000000001	0100000	0000000000000000000
0001000000000000	0010000000000	010000000000	0000000010000	0000010	0000101000000000000
0000000000000000	0000001000000	000000000000	0000000000000	0001100	0000000000000000000
0000000000000000	0000000000000	000000000100	0000000000000	0000000	0000000000000000000
0000000000000000	0000001000000	000000000000	0000000000000	0001100	0000000000000000000
0000000001000000	0100000000001	000000000000	0000000000010	0000000	0000000000000000000
0000000000000000	0000000000000	000000000100	0010000000000	1000000	0000000000000000000
0100001000000000	0000000000000	000000000000	0001000000000	0010000	0000000000100000000
0100001000000000	0000000000000	000000000000	0001000000000	0000000	0000000000100000000
0100001000000000	0000000000000	100000000000	0001000000000	0000000	0000000000100000000
0000000000001000	0000100000010	000000000000	0000000000000	0000000	0000000000000000000
0000000000000000	0000000001000	000000000001	0000000010000	0000000	0000101000000000000
0000000000000000	0000000000000	000000000100	0010000000000	1000000	0000000000000000000
1100001100000000	0000000000000	000000100000	0001000000000	0000000	0000000000100000000
0000000000000000	0000000000000	000000000100	0010000000000	1000000	0000000000000010000
0000000001000000	0100000000001	000000000000	0000000000010	0000000	0000000000000000000
0001000000000000	0000000100000	000100000000	0000000010000	0000010	0000101000000000000
0000000000000000	0000001000000	000000000010	0000000000000	0001100	0000000100000000000
0000000000000000	0000000000000	000000010000	0000000000000	0100000	0000000000000000000
0000000000000000	0000000000000	000000000000	0000000010000	0000000	0000101000000000000
0010000000000000	0000000000000	000000000000	0000000000000	0000000	0000000000000000000
0000000000000010	0000000000000	000000000000	1000000011000	0000000	0000000000000000000
0100001000000000	0000000000000	000000000000	0001000000000	0000000	0000000000100000000
0010000000000000	0000000000000	000000000000	0000000000000	0000000	0000000000000000000
0000000000000000	0000000000000	000000000000	0000000010000	0000000	0000101000000000000
0100001100000000	0000000000000	000000000000	0001000000000	0000000	0000000000100000000
0001010000000000	0001000000000	001000000000	0000000010000	0000010	0010101000000000000
0000000000000000	0000001000000	000000000000	0000000000000	0001100	0000000000000000000
0000000000000000	0000000000000	000000000100	0000000000000	0000000	0000000000000100000
0010000000000000	0000000000000	000000000000	0000000000000	0000000	0000000000000001000
0001000000000000	0000000000000	000000000000	0000000010000	0000010	0000101000000000000
0000000000000000	0000000000000	000000000000	0000000010000	0000000	0000101000000000000
0000000001100000	0100000000000	000010000000	0000000000010	0000000	0000000000010000000
0000000001000000	0100000000001	000000000000	0000000000010	0000000	0000000000000000000
0001000000000000	0000000100000	000100000000	0000000010000	0000010	0000101000000000000
0010000000000000	0000000000000	000000000000	0000000000000	0000000	0000000000000000000
0000000000000000	0000000000000	000000000100	0000000000000	0000000	0000000000000000000
0000100000000001	0000000001000	000000000001	0000000010000	0000000	0000111000000000000
0010000000000000	0000000000000	000000000000	0000000000000	0000000	0000000000000001000
0000000000000000	0000000000000	000000000000	0000000000000	0100000	0000000000000000000
0010000000000000	0000000000000	000000000000	0000000100000	0000000	0000000000000000010
0100001100000000	0000000000000	000000000000	0001000000000	0000000	0000000000100000000
0000000000000000	0000000000000	000000000000	0000000010000	0000000	0000101000000000000
0000000000000000	0000000000000	000000000000	0000000000000	0100000	0000000000000000000
0100001000000000	0000000000000	000000000000	0001000000000	0000000	0000000000100000000
0001000000000000	0000000000000	000000000000	0000000010000	0000010	0000101000000000000
0000000000000000	0000001000000	000000000000	0000000000000	0001100	0000000000000000000
0000000001000000	0100000000001	000000000000	0000000000010	0000000	0000000000000000000
0010000000000000	0000000000000	000000000000	0000000100000	0000000	0000000000000000010
0100001000000000	0000000000000	000000000000	0001000000000	0000000	0000000001100000000
0010000000000000	0000000000000	000000000000	0000000000000	0000000	0000000000000000000
0000000000000000	0000000000000	000000000000	0000000000000	0100000	0000000000000000000
0100001100000000	0000000000000	000000000000	0001000000000	0000000	0000000000100000000
0000000000000000	0000000000000	000000000000	0000000000000	0000000	0000000000000000001
0000000000000000	0000000000000	000000000100	0000000000000	0000000	0000000000000100000
0000000001100000	0100000000000	000000000000	0000000000010	0000001	0000000000000000000
0000000000000000	0000000001000	000000000001	0000000010000	0000000	0000101000000000000
0010000000000000	0000000000100	000000000000	0000000100000	0000000	0000000000000000010
0000000000010000	0000000000000	000000000000	0000000010000	0000000	0000101010000000000
0100001100000000	0000000000000	000000000000	0001000000000	0000000	0001000000100000000
0000000000000000	0000001000000	000000000000	0000000000000	0001100	0000000000000000000
0000000000000000	0000000000000	000000000000	0000000000000	0100000	0000000000000000000
0100001000000000	0000000000000	000000000000	0001000000000	0000000	0000000000100000000
0000000000000000	0000000000000	000000000100	0000000000000	0000000	0000000000000000000
0100001100000000	0000000000000	000000000000	0001000000000	0000000	0000000000100000000
0000000000000000	0000000000000	000000000100	0000000000000	0000000	1000000000000000000
0100001000000000	0000000000000	000000000000	0001000000000	0000000	0000000000100000000
0000000000000000	0000000000000	000000000000	0000000010000	0000000	0000101000000000000
0000000000000000	0000000000000	000000000100	0010000000000	1000000	0000000000000000000
0000000000000000	0000000000000	000000000000	0000000010000	0000000	0000101000000000000
0000000001000000	0100000000001	000000000000	0000000000010	0000000	0000000000000000000
0000100000000001	0000000001000	000000000001	0000010010000	0000000	0000101000000000000
0000000000000000	0000000001000	000000000001	0000000010000	0000000	0000101000000000000
0000000001000000	0100000000001	000000000000	0000000000010	0000000	0000000000000000000
0000000000000000	0000000000000	000000000100	0000000000000	0000000	0000000000000000000
0001010000000000	0001000000000	001000000000	0000000010000	0000010	0010101000000000000
0000000000010000	0000000000000	000000000000	0000000010000	0000000	0000101010000000000
0000000000000100	0000000000000	000000000000	0000100010000	0000000	0100101000000000000
0000100000000001	0000000001000	000000000001	0000000010000	0000000	0000101000000000000
0100001000000000	0000000000000	000000000000	0001000000000	0000000	0000000000100000000
0001000000000000	0000000000000	000000000000	0000000010000	0000010	0000101000000000000
0100001100000000	0000000000000	000000000000	0001000000000	0000000	0000000000100000000
0000000001000000	0100000000001	000000000000	0000000000010	0000000	0000000000000000000
0000000000000000	0000000000000	000000000000	0000000010000	0000000	0000101000000000000
0000000000000000	0000000000000	000000000100	0010000000000	1000000	0000000000000010000
0001000000000000	0000000000000	000000000000	0000000010000	0000010	0000101000000000000
0000000000000000	1000000000000	000000000100	0000000000000	0000000	0000000000000000000
0000000001100000	0100000000000	000000000000	0000000000010	0000000	0000000000010000000
0000000000000000	0000000000000	000000000000	0000000010000	0000000	0000101000000000000
0000000000000000	0000000000000	000000000100	0010000000000	1000000	0000000000000000000
0000100000000001	0000010001000	000000000001	0000000010000	0000000	0000101000000000000
0100001000000000	0000000000000	000000000000	0001000000000	0000000	0000000001100000000
0010000000000000	0000000000000	000000000000	0000000000000	0000000	0000000000000001000
0000000000000000	0000001000000	000000000000	0000000000000	0001100	0000000000000000000
0001000000000000	0010000000000	010000000000	0000000010000	0000010	0000101000000000000
0000100000000001	0000000001000	000000000001	0000000010000	0000000	0000101000000000000
0100001000000000	0000000000000	000000000000	0001000000000	0000000	0000000000100000000
0000000000000000	0000000000000	000000000000	0000000010000	0000000	0000101000000000000
0000000000000000	0000000000000	000000000100	0010000000000	1000000	0000000000000000000
0000000000000000	0000000000000	000000000000	0000000000000	0100000	0000000000000000000
0000000000000000	0000000000000	000000000100	0000000000000	0000000	0000000000000100000
0000000000000000	0000000000000	000000000000	0000000010000	0000000	0000101000000000000
0000000000000000	0000000000000	000000000000	0000000000001	0100000	0000000000000000000
0100001100000000	0000000000000	000000000000	0001000000000	0000000	0000000000100000000
0000000000000000	0000000000000	000000000000	0000000000001	0100000	0000000000000000000
0000000001000000	0100000000001	000000000000	0000000000010	0000000	0000000000000000000
0100001000000000	0000000000000	000000000000	0001000000000	0000000	0000000000100000000
0001000000000000	0000000000000	000000000000	0000001010000	0000010	0000101000000000000
0000100000000001	0000000001000	000000000001	0000000010000	0000000	0000101000000000000
0000000000000000	0000000000000	000000000100	0000000000000	0000000	0000000000000000000
0010000000000000	0000000000000	000000000000	0000000000100	0000000	0000000000000000000
0000000000000000	0000000000000	000000000100	0000000000000	0000000	0000000000000100000
0000000000000000	0000000000000	000000000000	0000000010000	0000000	0000101000000000000
0000100000000001	0000000001000	000000000001	0000000010000	0000000	0000101000000000000
0010000000000000	0000000000000	000000000000	0000000000000	0000000	0000000000000000000
0000000000000000	0000000000000	000000000100	0000000000000	0000000	1000000000000000000
0000000000000000	0000000000000	000001000000	0000000000000	0100000	0000000000000000000
0000000001000000	0100000000001	000000000000	0000000000010	0000000	0000000000000000000
0100001000000000	0000000000000	000000000000	0001000000000	0000000	0000000000100000000
0001010000000000	0001000000000	001000000000	0100000010000	0000010	0000101000000000000
0000100000000001	0000000001000	000000000001	0000000010000	0000000	0000101000000000000
0000000000000000	0000000000000	000000000100	0000000000000	0000000	0000000000001000000
0000000000000000	0000000001000	000000000001	0000000010000	0000000	0000101000000000000
0000000001000000	0100000000001	000000000000	0000000000010	0000000	0000000000000000000
1100001100000000	0000000000000	000000100000	0001000000000	0000000	0000000000100000000
0100001000000000	0000000000000	000000000000	0001000000000	0000000	0000000000100000000
0010000000000000	0000000000000	000000000000	0000000000000	0000000	0000000000000001000
0000000000000000	0000000000000	000000000000	0000000000000	0100000	0000000000000000000
0000000000000000	0000000000000	000000000000	0000000010000	0000000	0000101000000000000
0001000000000000	0010000000000	010000000000	0000000010000	0000010	0000101000000000000
0000000000000000	0000000000000	000000000000	0000000010000	0000000	0000101000000000000
