0000000001000	0000000101000	000000000	0000100000000000	0000000000000000	00000000000000000
0000000000000	0000000000100	000100000	0000000000000001	0000000100001000	00001000000100000
0000000000000	0000000000000	000000001	0000000000000000	0000000000000000	01010000000000000
0000000000000	0000000000001	000000000	0000000000000000	0000000000000000	00000000011000000
0000000000000	0000000101000	000000000	0000100000000000	0000000000000000	00000000000000000
0000000000000	0000000000000	000000000	0000000000010000	1000010000000000	10000000000001000
0000000000000	0000000000000	010000000	0000000100000000	0000000000000000	00000000000000000
0000000000000	1000100000000	000000000	0000000100000000	0000000000000000	00000001000000000
1000010000000	0000001000000	000000000	0000000010000000	0000000000000010	00000000001000000
0000000000000	0000000000000	000000000	0000000000000000	0000000000000000	00000000000000001
1000010000000	0000001000000	000000000	0000000000000000	0000000000000010	00100000001000000
0000000000000	0000000000000	000000000	0000000000000000	0000000000000000	00000000011000000
0000000000000	0000000000000	000000000	0000000000000000	0000000000000000	00000000000000001
1000010000000	0000001000000	000000000	0000000000000000	0000000000000010	00000000001000000
0000000000000	1000000000000	000000000	0000000100000000	0000000000000001	00000001000000000
1000010000000	0000001000000	000000000	0000000000000000	0000000000000010	00000000001000000
1000010000000	0000001000000	000000000	0000000000000000	0000000000000010	00000110001000000
0000000000000	1000100000000	000000000	0000000100000000	0000000000000000	00000001000000000
1000010000000	0000001000000	000000000	0000000000000000	0000000000000010	00000000001000000
0000000000000	0000000000000	000000000	0000000000000100	1000000000000000	10000000000000000
0000000000000	0000000000000	000000000	0000000000000000	0000100010000000	00000000000000000
0000000000000	0010000000000	000000000	0000000000000000	0000000000000000	00000000011000000
0000000000000	0000000000000	000000000	1010000000000000	0010000000000000	00000000100000000
0000000000000	0000000000000	000000000	0000010000000010	0000000000000000	00000000100000000
0000000000000	1000000000000	000000000	0000000100000000	0000000000000001	00000001000000000
0000000000000	0000000000000	000000001	0000000000000000	0000000000000000	01010000000000000
1000010000000	0000001000000	000000000	0000000010000000	0000000000100010	00000000001000000
0000000000000	0000000000000	000000000	0000000000000000	1000000000000000	10000000000000000
0000000000000	0000000000000	000000000	0001001000001000	0000000000000000	00000000000000000
0000000000000	0000000000000	010000000	0000000100000000	0000000000000000	00000000000000000
0010000010001	0000000000000	000000000	0000000000000000	0000000000000000	00000000000000000
0000000000000	0000000000000	000000000	0000000000000000	0000000000000000	00000000000000000
0010000010000	0000000000000	000000000	0000000000000000	0000000000000100	00000000000000000
0000000000000	0000000000000	000000000	0000000000000000	0000000000000000	00000000000000001
1000010000000	0000001000000	000000000	0100000010000000	0000000000000010	00000000001000000
1000010000000	0000001000000	000000000	0000000000000000	0000000000000010	00000000001000000
1000010000000	0000001000000	000010000	0000000010100000	0000000000000010	00000000001000000
0000000000000	0000000000000	000000000	0000010000000010	0000000000000000	00000000100000000
0000000000000	0000000000000	000000000	0010000000000000	0010000000000000	00000000100000000
1000010000000	0000001000000	000000000	0000000000000000	0000000000000010	00000000001000000
0000001000000	0000000010000	000000000	0000000000000000	0010000000000000	00000000100000000
0000001000000	0000000000000	000001000	0000000000000000	0010000000000000	00000000100000000
0000000000000	0000000000100	000100000	0000000000000001	0000000000001000	00001000000100000
0000000000000	0000000000000	000000000	0000000000000000	0000000001000000	00000000000000000
0000000000000	0000000000100	000100000	0000000000000000	0100000000001000	00000000000010000
0000000000000	0000000000000	000000000	0000000000000000	0000000000000000	01000000000000000
0000000000000	0000000000000	000000000	0010000000000000	0010000000000000	00000000100000000
0000100000000	0000000000110	000100000	0000000000000001	0000000000001000	00001000000100000
1000010000000	0000001000000	000000000	0000000000000000	0000000000000010	00000000001000000
0000000000000	0000000000000	000000000	0010000000000000	0010000000000000	00000000100000000
0000001000000	0000000000000	000000000	0000000000000000	0010000000000000	00000000100000000
0000000000000	0000000000000	000000000	0000000000000000	1000000000000000	10000000000000000
1000010000000	0000001000000	000000000	0000000000000000	0000000000000010	00000000001000000
0000000000000	0000000000000	010000000	0000000100000000	0000000000000000	00000000000000000
1000010100000	0000001000000	000000000	0000000000000000	0000000000000010	00000000001000000
0000000000000	0000000000100	000100000	0000000000000001	0000000000001000	00001000000100000
0001000000000	0000000000000	000000000	0000000000010000	1000000000000000	10000000000000000
0000000000000	0000000000000	010000000	0000000100000000	0000000000000000	00000000000000000
0000001000000	0000000000000	000000000	0000000000000000	0010000000000000	00000000100000000
0000000010000	0000000000000	000000000	0000000000000000	0000000000000000	00000000000000000
1000010000100	0000001000000	000000000	0000000000000000	0000000000000010	00000000001000000
1000010000000	0000001000000	000000000	0000000000000000	0000000000000010	00000000001000000
0000000000000	0000000000100	000100000	0000000000000001	0000000000001000	00001000000100000
1000010000000	0000001000000	000000000	0000000000000000	0000000000000010	00000000001000000
0000000000000	0000000000000	000000000	0000000000000000	1000000000000000	10000000000000000
0000000000000	0000000000000	000000000	0010000000000000	0010000000000000	00000000100000000
0010000010001	0000000000000	000000000	0000000000000000	0000000000000000	00000000000000000
0000000000000	0000000000000	000000000	0000000000000000	1000000000000000	10000000000000000
0000000000000	1000100000000	000000000	0000000100000000	0000000000000000	00000001000000000
0000000000000	0000000000000	000000000	0000000000000000	1000000000000000	10000000000000000
0000000000000	0000000000001	000000000	0000000000000000	0000000000000000	00000000011000000
0000000000000	0000000000000	000000000	0000000000000000	0000000000000000	00000000000000000
0000000000000	0000000000000	000000000	0000000000000000	0000000000000000	00000000000000000
0000000000000	0000000000000	000000000	0000000000000000	1000000000000000	10000000000000000
0000000000000	0000000000000	000000000	0000010000000010	0000000000000000	00000000100000000
0000000000000	0000000000000	010000000	0000000100000000	0000000000000000	00000000000000000
1000010000000	0000001000000	000000000	0100000010000000	0000000000000010	00000000001000000
0000000000000	0000000000000	000000000	0000000000000000	1001000000000000	10000000000000000
0000000000000	1000000000000	000000000	0000000100000000	0000000000000001	00000001000000000
0000000000000	0000000000000	000000000	0000000001000000	0000000000000000	00000000001000000
0000000000000	0000000000100	000100000	0000000000000000	0100000000001000	00000000000000000
0000000000000	0000000000000	000000000	0000000001000000	0000000000000000	00000000001000000
1000010000000	0000001000000	000000000	0000000000000000	0000000000000010	00000110001000000
0000000000000	0000000000100	000100000	0000000000000000	0100000000001000	00000000000010000
1000010000000	0000001000000	000000000	0000000000000000	0000000000000010	00000000001000000
0000000000000	0000000000000	000000000	0000000000000000	1000000000000000	10000000000000000
0000000000000	0000000000001	000000000	0000000000000000	0000000000000000	00000000011000000
1000010000010	0000001000000	000000000	0000000000000000	0000000000000010	00000000001000000
0000000000000	0000000000000	000000000	0000000000000000	0000000000000000	00000000000000010
0000000000000	0000000000100	000100000	0000000000000000	0100000000001000	00000000000000000
0000000000000	0000000000100	000100000	0000000000000001	0000000000001000	00001000000100000
0000000000000	1000000000000	000000000	0000000100000000	0000000000000001	00000001000000000
1000010000000	0000001000000	000000000	0000000000000000	0000000000000010	00000100001000000
0100000000000	0001000001000	000000000	0000100000000000	0000000000000000	00000000000000000
0000001000000	0000000000000	000000000	0000000000000000	0010000000000000	00000000100000000
0000000000000	0000000000000	000000000	0000000000000000	0000000000000000	00000000000000001
0000000000000	0000000000000	010000000	0000000100000000	0000000000000000	00000000000000000
0010000010000	0000000000000	000000000	0000000000000000	0000000000000100	00000000000000000
0000000010000	0000000000000	000000000	0000000000000000	0000000000000000	00000000000000000
1000010000000	0000001000000	000000000	0000000000000000	0000000000000010	00000000001000000
0000000000000	0000000000000	000000000	0010000000000000	0010000000000000	00000000100000000
0000000000000	0000000000000	000000000	0000000000000000	0000000000000000	00000000000000101
1000010000000	0000001000000	000000000	0000000000000000	0000000000000010	00100000001000000
0000000000000	0000000000000	001000000	0000000000000000	0000000000000000	00000000000000000
0000000000000	0000000000000	000000000	0000000000000000	0000100010000000	00000000000000000
0000000000000	0000000000000	000000000	0000000000000000	1000000000000000	10000000000000000
0000001000000	0000000000000	000000000	0000000000000000	0010000000000000	00000000100000000
0100000000000	0001000001000	000000000	0000100000000000	0000000000000000	00000000000000000
0000000010000	0000000000000	000000000	0000000000000000	0000000000000000	00000000000000000
0000000000000	0000000000000	000000001	0000000000000000	0000000000000000	01010000000000000
0000000000000	1000000000000	000000000	0000000100000000	0000000000000001	00000001000000000
0000000000000	0000000101000	000000000	0000100000000000	0000000000000000	00000000000000000
0000000000000	0000000000000	000000000	0000000000000000	1000000000000000	10000000000000000
0000000000000	0000000000000	010000000	0000000100000000	0000000000000000	00000000000000000
1000010000000	0000001000000	000000000	0000000000000000	0000000000000010	00000000001000000
0000000000000	0000000000000	000000010	0000000000000000	0000000000000000	00000000000000000
0000000000000	0001000001000	000000000	0000100000000000	0000000000000000	00000000000000000
1000010000000	0000001000000	000000000	0000000000000000	0000000000000010	00000000001000000
0000000000000	0000010000100	000100000	0000000000000000	0100000000001000	00000000000000000
0000000000000	0000000000000	000000000	0000000000000000	0000000000000000	01000000000000000
0000000000000	1000000000000	000000000	0000000100000000	0000000000000001	00000001000000000
1000010000000	0000001000000	000000000	0000000000000000	0000001000000010	00000000001000000
1000010000000	0000001000000	000000000	0100000010000000	0000000000000010	00000000001000000
0000000000000	0000000000000	010000000	0000000100000000	0000000000000000	00000000000000000
0000000000000	0000000000000	000000000	0000000000000000	0000000000000000	00000000100000000
0000000000000	0000000000100	100100000	0000000000000000	0000000000001000	00000000000000000
0000000000000	0000000000000	000000001	0000000000000000	0000000000000000	01010000000000000
1000010000000	0000001000000	000000000	0000000000000000	0000000000000010	00000000001000000
0000000000000	1000100000000	000000000	0000000100000000	0000000000000000	00000001000000000
0000000000000	0000000000100	000100000	0000000000000001	0000000000001000	00001000000100000
0000000000000	0000000000000	000000100	0000000000000000	0000100000000000	00000000000000000
0000000000000	0000000000000	010000000	0000000100000000	0000000000000000	00000000000000000
0000000000000	0100000000100	000100000	0000000000000001	0000000000001000	00001000000100000
1000010000000	0000001000000	000000000	0000000000000000	0000000000000010	00000100001000000
0000000000000	0000000000000	000000000	0010000000000000	0010000000000000	00000000100000000
0000000000000	0000000000000	000000000	0000000000000000	1000000000000000	10000000000000000
1000010000000	0000001000000	000000000	0000000000000000	0000000000000010	00000000001000000
0000000000000	0000000000000	000000000	0000000000000000	0000000000000000	00000000000000001
0000000000000	0000000000000	000000000	0000000000000000	1000000000000000	10000000000000000
0000000000000	0000000101000	000000000	0000100000000000	0000000000000000	00000000000000000
1000010000000	0000001000000	000000000	0100000010000000	0000000000010010	00000000001000000
0000000000000	1000000000000	000000000	0000000100000000	0000000000000001	00000001000000000
0000000000000	0000000000000	000000000	0000010000000010	0000000000000000	00000000100000000
0000000000000	0000000000000	000000001	0000000000000000	0000000000000000	01010000000000000
0000000000000	0000000101000	000000000	0000100000000000	0000000000000000	00000000000000000
0000000000000	1000100000000	000000000	0000000100000000	0000000000000000	00000001000000000
1000010000000	0000001000000	000000000	0000000000000000	0000000000000010	00000000001000000
0000000000000	0000000101000	000000000	0000100000000000	0000000000000000	00000000000000000
0000000000000	0000000000100	000100000	0000000000000000	0100000000001000	00000000000010000
1000010000000	0000001000000	000000000	0000000010000000	0000000000100010	00000000001000000
