000100000000	000000000000	0000000000000	000100000000000	000000000	000000010000000
000000000000	001000000000	0010000000000	000000000000000	000000000	000000000000000
000010000000	000000000000	0000000000010	000000000000001	000001000	000000000000010
000000000000	000000000000	0000000000000	010000000000000	000000000	000000000010000
000000000000	000000000000	0000000000000	000000000000000	000000000	000000000000000
000100000000	000000000000	0000000000000	000000000000000	000000000	000000010000000
100000000000	000100000000	0000000000000	000000000000000	001000000	000000000000000
000000000000	000000000000	0000000000000	000000000000000	000000000	000000000000000
100000000000	000100000000	0000000000000	000000000000000	001000000	000000000000000
000000000000	000000000000	0000000000000	010000000000000	000000000	000000000010000
000000000000	000000000000	0000000000000	000000000000011	010000100	000000000000000
000000000000	000000000000	0000000000000	000000000000000	000000000	000000000000000
000000000100	000000100000	0000000000000	000000000000000	000000000	000000000000000
000100000000	000000000000	0000000000000	000000000000000	000000000	010000010000000
000000000000	000000000000	0000000000000	010000000000000	000000000	000000000010000
000000000000	000000000000	0000000000100	000000000000000	000000000	000000000000000
000010000000	000000000000	0000000000010	000000000000001	000001000	000000000000010
000000000010	000000000000	0000010000000	100000000000000	000000000	000100000000100
000000000000	000000000000	0000000000000	000000000000011	010000100	000000000000000
000000000000	000000100000	0000000001000	000000000000000	000000000	000000000000000
000000000001	000000000000	0000000000000	000010000000000	000000000	000000000100000
000001000000	000000100000	0000000000000	000000000000000	000000000	000000000000000
000100000000	000000000000	0000000000000	000000000000000	000000000	000000010000000
100000000000	000100000000	0000100000000	000000000000000	001000000	000000000001001
000000000000	000000000000	0000000100000	010000000000000	000000000	000000000010000
000100000000	000000000000	0000000000000	000000000000000	000000000	010000010000000
000000000000	000000000000	0000000000000	010000000000000	000000000	000000000010000
000000000000	000000000000	0000000000000	000000000000000	000000000	000000000000000
000000000000	000000100000	0000000000000	000000000000000	000000000	000000000000000
000000000001	000000000000	0000000000000	000010000000000	000000000	000000000100000
000000000000	000000100000	0000000001000	000000000000000	000000000	000000000000000
000000000000	010000000000	0000000000010	000000000000001	000000000	000000000000000
000000000000	000000000000	0000000000000	010000000000000	000000000	000000000010000
000000000000	000000000000	0000000000000	010000000000000	000000000	000000000010000
000000100000	000000010101	0000000000000	000000000000000	000100000	000000000000000
000000000000	000000100000	0001000000000	000000000000000	000000000	000000000000000
100000000000	000100000000	0000000000000	000000010000000	001000000	001000000001000
000000000000	010000000000	0000000000010	000000000000001	000000000	000000000000000
000000000000	000000100000	0000000000000	000000000000000	000000000	000000000000000
000000000000	000000000000	0000000000000	000000000000011	010010100	000000000000000
000000000000	010000000000	0000000000010	000000000000001	000000000	000000000000000
000000000000	001010000000	0010000000000	000000000000000	000000000	000000000000000
000000000000	000000100000	0000000000000	000000000000000	000000000	000000000000000
000000000000	000000000000	0000000000000	010000000000000	000000000	000000000010000
100000000000	000100000000	0000000000000	000000000000000	001000000	000000000000000
000100000000	000000000000	0000000000001	000000000000000	000000000	000000010000000
000000000000	000000000000	0000000000000	010000000000000	000000000	000000000010000
000000000000	000000000000	0000000000000	000010000001000	000000000	000000000000000
000000000000	000000000000	0000000000000	000000100000000	000000000	000000010000000
000000000010	000000000000	0000010000000	100000000000000	000000000	000100000000100
100000000000	000100000000	0000000000000	000000010000000	001000000	001000000001000
100000000000	000100000000	0000000000000	000000010000000	001000000	001000000001000
000000000000	000000000000	0000000000000	010000000000000	000000000	000000000010000
000000100000	000000000101	0000000000000	000000000000000	000000000	000000100000000
000000000000	000000000000	0000000000000	000000000000011	010000100	000000000000000
100000000000	000100000000	0000000010000	000000000000000	001000000	000000000000000
100000000000	000100000000	0000000000000	000000000000000	001000000	000000000000000
000010000000	000000000000	0000000000010	000000000000001	000001000	000000000000010
100000000000	000100000000	0000000000000	000000000000000	001000000	000000000000000
000000000000	000000100000	0000000000000	000000000000000	000000000	000000000000000
000000000000	000000100000	0000000000000	000000000000000	000000000	000000000000000
000000000000	001000000000	0010000000000	000000000000000	000000000	000000000000000
000000000000	000000000000	0000000000000	000000000000011	010000100	000000000000000
000000000000	000000000000	0000000000000	000000000000011	010000100	000010000000000
000000000000	000000000000	0000000000000	010000000000000	000000000	000000000010000
000000000010	000000000000	0000010000000	100000000000000	000000000	000100000000100
000000000000	000000000000	0000000000000	010000000000000	000000000	000000000010000
000000000000	000000000000	0000000000000	000000000000000	000000010	000000000000000
000000000000	000000100000	0000000001000	000000000000000	000000000	000000000000000
000100000000	000000000000	0000000000000	000000000000000	000000000	010000010000000
000000000000	000000000000	0000000000000	000000000000000	000000000	000000000000000
100000000000	000100000000	0000000000000	000000000000000	001000000	000000000000000
000000000000	000000100000	0000000000000	000000000000000	000000000	000000000000000
000000000000	000000100000	0000000000000	000000000000000	000000001	000000000000000
000000000000	000000000000	0000000000000	000000000000000	000000000	000000000000000
000000000000	000000000000	0000000000000	000000000000011	010000100	000000000000000
100000000000	000100000000	0000000000000	000000000000000	001000000	000000000000000
000000000000	000000100000	0000000001000	000000000000000	000000000	000000000000000
000000000000	000000000000	0000000000000	010000000000000	000000000	000000000010000
000000000000	000000000000	0000000000000	000000100000000	000000000	000000010000000
000000000000	000001000010	0000000000000	001000000000000	000000000	000000000010000
000000000000	000000000000	0100000000000	000000000000000	000000000	100000000000000
100000000000	000100000000	0000000000000	000000000000000	001000000	000000000000000
000000000000	000000100000	0000000000000	000000000000000	000000000	000000000000000
000100000000	000000000000	0000000000000	000000000000000	000000000	010000010000000
000000000100	000000100000	0000000000000	000000000000000	000000000	000000000000000
000000000000	000000000000	0000000000000	010000000000000	000000000	000000000010000
000000000000	000000000000	0000000000000	000010000000000	000000000	000000000000000
000000000000	100000100000	0000000000000	000000000010000	000000001	000000000000000
000000000010	000000000000	0000010000000	100000000000000	000000000	000100000000100
100000000000	000100000000	0000000000000	000000010000000	001000000	001000000001000
000000000000	000000000000	0000000000000	000000000000011	010000100	000000000000000
000000000010	000000000000	0000010000000	100000000000000	000000000	000100000000100
100000000000	000100000000	0000000000000	000000010000000	001000000	001000000001000
000000011000	000000000000	0000000000000	000000000000000	000000000	000001000000000
100000000000	000100000000	0000000000000	000000000000000	001000000	000000000000000
010000000000	000000000000	0000000000000	000001000000100	000000000	000000000000000
000000000000	000000000000	0000000000000	010000000000000	000000000	000000000010000
000000000000	000000000000	0000000000000	000000000000000	000000000	000000000000000
000000000000	000001000010	0000000000000	001000000000000	000000000	000000000010000
000000000000	000000100000	0000000000000	000000000000000	000000001	000000000000000
000000000000	000001000010	0000000000000	001000000000000	000000000	000000000010000
100000000000	000100000000	0000000000000	000000000000000	001000000	000000000000000
000000000000	001000000000	0010000000000	000000000000000	000000000	000000000000000
100000000000	000100000000	0000000000000	000000000000000	001000000	000000000000000
100000000000	000100000000	0000000000000	000000000000000	001000000	000000000000000
010000000000	000000000000	0000000000000	000001000000100	000000000	000000000000000
000000000000	000000000000	0000000000000	000000000000000	000000000	000000000000000
000000000000	000000000000	0000000000000	010000000000000	000000000	000000000010000
000000000001	000000000000	0000000000000	000010000000000	000000000	000000000100000
000100000000	000000000000	0000000000000	000000000000000	000000000	000000010000000
000000000000	000000000000	0000001000000	000000000000000	100000000	000000000000000
000000000000	000000100000	0000000000000	000000000000000	000000000	000000000000000
000000000000	000000000000	0000000000000	000000000000000	000000000	000000000000000
000000000000	000000000000	0000000000000	000000000000000	000000000	000000000000000
100000000000	000100000000	0000000000000	000000000000000	001000000	000000000000000
000000000000	000000100000	0000000000000	000000001000000	000000000	000000000000000
100000000000	000100000000	0000000000000	000000000000000	001000000	000000000000000
000000000000	000000000000	0000000000000	010000000000000	000000000	000000000010000
000000000000	000000000010	0000000000000	001000000000000	000000000	000000001010000
100000000000	000100000000	0000100000000	000000000000000	001000000	000000000001001
000010000000	000000000000	0000000000010	000000000000001	000001000	000000000000010
000000000000	001000000000	0010000000000	000000000000000	000000000	000000000000000
001000000000	000000000000	0100000000000	000000000000000	000000000	000000000000000
000000000000	000000100000	0000000001000	000000000000000	000000000	000000000000000
000000000000	000000000000	0000000000000	000000000000000	000000000	000000000000000
000000000000	000000000000	0000000000000	010000000000000	000000000	000000000010000
000000000000	000000000000	0000000000000	000000000100000	000000000	000000000000000
000010000000	000000000000	0000000000010	000000000000001	000001000	000000000000010
000000000000	000000000000	0000000000000	010000000000000	000000000	000000000010000
000100000000	000000000000	0000000000000	000000000000000	000000000	000000010000000
100000000000	000100000000	0000000000000	000000000000000	001000000	000000000001000
000100000000	000000000000	0000000000000	000000000000000	000000000	000000010000000
000000000000	000000000000	0000000000000	000000000000011	010000100	000000000000000
000000000000	000000100000	1000000000000	000000000000000	000000000	000000000000000
000000100000	000000000101	0000000000000	000000000000000	000000000	000000000000000
000000000000	000000000000	0000000000000	000000000000000	000000000	000000000000000
000100000000	000000000000	0000000000000	000000000000000	000000000	000000010000000
000000000000	000000100000	0000000000000	000000000000000	000000000	000000000000000
000000000000	000000000000	0000000000000	000000000000000	000000000	000000000000000
000000000000	001000000000	0010000000000	000000000000000	000000000	000000000000000
000000000000	000000100000	0000000000000	000000001000000	000000000	000000000000000
000100000000	000000001000	0000000000000	000000000000000	000000000	000000010000000
000000000000	000000000000	0000000000000	000010000000000	000000000	000000000000000
010000000000	000000000000	0000000000000	000001000000100	000000000	000000000000000
000000100000	000000000101	0000000000000	000000000000000	000000000	000000000000000
000000000000	000000000000	0000000000000	000000000000000	000000000	000000000000000
100000000000	000100000000	0000000000000	000000000000000	001000000	000000000000000
000000000010	000000000000	0000010000000	100000000000000	000000000	000100000000100
000000000000	000000100000	0000000000000	000000000000000	000000000	000000000000000
