0000000000000000000	000000000000000000000	0000000000000000	000000000000000000	0000000000000000	00000000000000000000000
0000000000000001000	000000000000000000000	0000000000000000	000000000000000000	0000000000000000	10000000000000000000000
0000000110000000001	000000000000000000000	0000000000000000	000000100000000000	0000000000000000	00000000000000100000000
0000000000000000000	000000000000000000010	0000000000000001	000000000000000000	0001000000000000	00000000000100000000000
0000000000000000000	000000000000000010000	0000000000000000	000000001000000000	0010001000000000	01100100000000000000000
0000000000000000000	000000000000000000010	0000000000000000	000000000000000000	0001000000000000	00000000000100000000000
0000100000000000000	000000000000000010000	0000000000000000	000000001000000000	0010001001000000	00000000000000000000000
0000000000000000000	000000000100000000000	0000000000000000	000000000000000000	1000000000000000	00000010001000000000000
0000000000000000000	000000000000100000000	1000010000000000	000000000000000000	0000000000000000	00000000000000000000000
0000000000000000000	000000000000000000000	0000000000000000	000000000001000000	0000000000000000	00000000000000001000000
1000000000000000000	000000000000000000000	0100000000000000	000000000010000010	0000000000000000	00001000000000000000000
0000000000000000000	000000000000000010000	0000000000000000	000000001000000000	0010001000000000	00000000000000000000000
0000000000000000000	000010000001010000010	0000000000100000	000000000000000000	0000000000000000	00000000000100000000000
1000000000000000000	000000000000000000000	0100000000000000	000000000010000010	0000000000000000	00001000000000000000000
0000100000000000000	000000000000000010000	0000000000000000	000000001000000000	0010001001000000	00000000000000000000000
0000000000010000000	000000000000000000010	0000000000000000	000000000000000000	0001000000000000	00000000000100000000000
0000000000000001000	000000000000000000000	0000000000000000	000000000000000000	0000000000000000	10000000000000000000000
0000000110000000001	100000000000000000000	0000000100000000	000000100000000000	0000000000000000	00000000000000100010000
1000000000000000000	000000000000000000000	0100000000000000	000000000010000010	0000000000000000	00001000000000000000000
0000000110000000001	100000000000000000000	0000000000000000	000000100000000000	0000000000000000	00000000000000100000000
0000000000000000000	000000000000000000000	0000000000000000	000010000000000000	0000000000000100	00000000000000000000000
0000000110000000001	000000000000000000000	0000000000000000	000000100000000000	0000100000000000	00000000000000100000000
0000000000000000000	000000000000000000000	0000000000000000	010000000000000000	0000000000000000	00000000000000000101000
0100000000000000000	000000000000000000000	0000000000000000	000000000000000000	0000000000000000	00000000000000000000000
0000000000000000000	000000000000000010000	0000000000000000	000000001000000000	0010001000000000	00000000000000000000000
1000000000000000000	000000000000000000000	0100000000000000	000100000010000000	0000000000000000	00001000000000000000000
0000010000000000000	000000000000000000000	0000000000000000	000000000000010000	0000000000000000	00000000000000000000010
0000000000000001000	000000000000000000000	0000000000000000	000000000000000000	0000000000000000	10000000000000000000000
0000000000000000000	000000000000000000000	0000000000000000	000000000000000000	0000000000000000	00000000000000001000000
0000000110000000001	100000000000000000000	0000000000000000	000000100000000000	0000000000000000	00000000000000100000000
0000000000000001000	000000000000000000000	0000000000000000	000000000000000000	0000000000000000	10000000000000000000000
0000000000000000000	000000000000000010000	0000000000000000	000000001000000000	0010001000000000	00000000000000000000000
0000000000000000000	000000000000000000010	0000000000100000	000000000000000000	0000000000000000	00000000000100000000000
0000001000000100100	010000000000000100000	0000000000000000	001000000000000000	0000000000000000	00000000010010000000000
0000000000000001000	000000000000000000000	0000000000000000	000000000000000000	0000000000000000	10000000000000000000000
0000000000000000000	000000000000000000010	0000000000000000	000000000000000000	0001000000000000	00000000000100000000000
0000000000000001000	000000000000000000000	0000000000000000	000000010000000000	0000000000000000	00000001000000000000000
0000000110000000001	000000000000000000000	0000000000000000	000000100000000000	0000000000000000	00000000000000100000000
0000000110000000001	000000000000000000000	0000000000000000	000000100000000000	0000000000000000	00000000000000100000000
1000000000000000000	000000000000000000000	0100000000000000	000000000010000010	0000000000000000	00001000000000000000000
0000000000000000000	000000000000000000000	0000000000000000	000000000000000000	0100000000000000	00000000000000000000000
0000000000000000000	000001000000000010000	0000000000000000	000000001000000000	0010001000000000	00000000000000000000000
0000000000001000000	000000000000000000000	0001000000000100	000000000000100101	0000000000110001	00000000000000000000000
1000000000100000000	000000000000000000000	0100000000000000	000000000010000010	0000010000000000	00001000000000000000000
0000000000000000000	000000000000000010000	0000000000000000	000000001000000000	0010001000000000	00000100000000000000000
0000000000000000000	000000000000000000010	0000000000000000	000000000000000000	0001000000000000	00000000000100000000000
0000000000000000000	000000000000000000000	0000000000000000	000000000000000000	0000000000000000	00000000000000000000000
0000000000000000000	000000000000000000000	0000000000000000	000000000000000000	0000000000000010	00000000000000000000000
1000000000100000000	000000000000000000000	0100000000000000	000000000010000010	0000000000000000	00001000000000000000000
0000000000000000000	000000000000000000000	0000000000000000	000000000000000000	0000000000000000	00000000000001000000000
0000000000001000000	000000000000000000000	0001000000000100	000000000000100101	0000000000110001	00000000000000000000000
0000000000000001000	000000000000000000000	0000000000000000	000000000000000000	0000000000000000	00000001000000000000000
1000000000000000000	000000000000000000000	0100000000000000	000000000010001010	0000000000000000	00001000000000000000000
0100000000000000000	000000000000000000000	0000000000000000	000000000000000000	0000000000000000	00000000000000000000000
0100000000000000000	000000000000000000000	0000000000000000	000000000000000000	0000000000000000	00000000000000000000000
0000000000000000011	000000000000000000000	0000000010000000	000000100000000000	0000000000000000	00010000100000100000001
0000000110000000001	000000000000000000000	0000000000000000	000000100000000000	0000000000000000	00000000000000100000000
0000000000000000000	000000000000000000010	0000000000000000	000001000000000000	0000000000000000	00000000000100000000000
0000100000000000000	000000000000000010000	0000000000000000	000000001000000000	0010001101000000	00000000000000000000000
0000000000000000000	000000000000000010000	0000000000000000	000000001000000000	0010001000000000	00000100000000000000000
0000000000000000000	000000000000000000000	0000000000000000	000000000000000000	0100000000000000	00000000000000000000000
0000000000001000000	000000000000000000000	0001000000000110	000000000000100101	0000000000110001	00000000000000000000000
0000000000000001000	001000011000000000000	0000000000000000	000000000000000000	0000000000000000	00000000000000000000000
1000000000000000000	000000000000000000000	0100000000000000	100000000010000010	0000000000000000	00001000000000000000000
0001000000000001000	000000000000000000000	0010000000000000	000000000000000000	0000000000000000	00000001000000000000000
0000000000000001000	000000000000000000000	0000000000000000	000000000000000000	0000000000000000	00000001000000000000000
0000000110000000001	000000000000000000000	0000000000000000	000000100000000000	0000100000000000	00000000000000100000000
0001000000000001000	000000000000000000000	0010000000000000	000000000000000000	0000000000000000	00000001000000000000000
0000000000000000000	000000000100000000000	0000000000000000	000000000000000000	1000000000000000	00000010001000000000000
0000000110000000001	100000000000000000000	0000100100000000	000000100000000000	0000000000000000	00000000000000100010000
0000000000000000000	000000000000100000000	1000010000000000	000000000000000000	0000000000000000	00000000000000000000000
0000000000000001000	000000000000000000000	0000000000000000	000000000000000000	0000000000000000	10000000000000000000000
0000000000000001000	000000011000000000000	0000000000000000	000000000000000000	0000000000000000	00000000000000000000000
0000000000000000000	000000000000000010000	0000000000000000	000000001000000000	0010001000000000	00100100000000000000000
0000000000000000000	000000000000000000000	0000000000000000	000000000000000000	0000000000000000	00000000000000001000000
1000000000000000000	000000000000000000000	0100000000000000	000000000010000010	0000000000000000	00001000000000000000000
0000000000000000000	000000000000000010000	0000000000000000	000000001000000000	0010001000000000	00100100000000000000000
0000100000000000000	000000000000000010000	0000000000000000	000000001000000000	0010001001000000	00000000000000000000000
0000000110000000001	000000000000000000000	0000000000010000	000000100000000000	0000000000000000	00000000000000100000000
0000000110000000001	100000000000000000000	0000000000000000	000000100000000000	0000000000000000	00000000000000100000000
0000000000000000000	000000000010000010000	0000000000000000	000000001000000000	0010001000000000	00000000000000010000100
0000000000000000000	000000000000000010000	0000000000000000	000000001000000000	0010001000001000	00000000000000000000000
0000000000000000000	000000000000000010000	0000000000000000	000000001000000000	0010001000000000	00000100000000000000000
1000000000100000000	000000000000000000000	0100000000000000	000000000010000010	0000000000000000	00001000000000000000000
0000000000000001000	000000000000000000000	0000000000000000	000000000000000000	0000000000000000	00000001000000000000000
0000000000000001000	000000000000000000000	0000000000000000	000000000000000000	0000000000000000	10000000000000000000000
0000000000000000000	000000000000000000000	0000000000000000	000000000001000000	0000000000000000	00000000000000001000000
0000100000000000000	000000000000000010000	0000000000000000	000000001000000000	0010001011000000	00000000000000000000000
0000000000000000000	000000000010000010000	0000000000000000	000000001000000000	0010001000000000	00000000000000000000100
0000000110000000001	000000000000000000000	0000000000000000	000000100000000000	0000000000000000	00000000000000100000000
0000000000000000000	000000000000000000000	0000000000000000	000000000000000000	0000000000000000	00000000000000000000000
0000000000000000000	000000000000000000010	0000000000000001	000000000000000000	0001000000000000	00000000000100000000000
0000100000000000000	000000000000000010000	0000000000000000	000000001000000000	0010001011000000	00000000000000000000000
0000000110000000001	000000000000000000000	0000000000000000	000000100000000000	0000000000000000	00000000000000100000000
0000000000000001000	000000000000000000000	0000000000000000	000000000000000000	0000000000000000	00000001000000000000000
0000000000000000000	000000000100001000001	0000000000000000	000000000000000000	1000000000000000	00000010001000000000000
0000000000000001000	000000011000000000000	0000000000000000	000000000000000000	0000000000000000	00000000000000000000000
0000000110000000001	000000000000000000000	0000000000000000	000000100000000000	0000000000000000	00000000000000100000000
1000000000000000000	000000000000000000000	0100000000000000	000000000010000010	0000000000000000	00001000000000000000000
0000001000000100100	010000000000000100000	0000000000000000	001000000000000000	0000000000000000	00000000010010000000000
0000000110000000001	100000000000000000000	0000000000000000	000000100000000000	0000000000000000	00000000000000100000000
0000000000000001000	001000011000000000000	0000000000000000	000000000000000000	0000000000000000	00000000000000000000000
0000000000000000000	000000000000000000010	0000000000100000	000000000000000000	0000000000000000	00000000000100000000000
1000000000000000000	000000000000000000000	0100000000000000	000000000010000010	0000000000000000	00001000000000000000000
0000000000000000000	000000000000000000000	0000000000000000	000000000000000000	0000000000000000	00000000000000001000000
0000000110000000001	100000000000000000000	0000000000000000	000000100000000000	0000000000000000	00000000000000100000000
0000000000000000000	000000000000000000000	0000000000000000	000000000000000000	0000000000000000	00000000000000000000000
0000000000000000000	000000000000000000010	0000000000100000	000000000000000000	0000000000000000	00000000000100000000000
1000000000000000000	000000000000000000000	0100000001000000	100000000010000010	0000000000000000	00001000000000000000000
0000000000000000000	000000000000000010000	0000000000000000	000000001000000000	0010001000000000	00000100000000000000000
0000000000000000000	000000000010000010000	0000000000000000	000000001000000000	0010001000000000	00000000000000010000100
0000000000000001000	000000011000000000000	0000000000000000	000000000000000000	0000000000000000	00000000000000000000000
0000000110000000001	000000000000000000000	0000000000000000	000000100000000000	0000000000000000	00000000000000100000000
0100000000000000000	000000000000000000000	0000000000000000	000000000000000000	0000000000000000	00000000000000000000000
0000000000000000000	000000000100001000001	0000000000000000	000000000000000000	1000000000000000	00000010001000000000000
0000000000000000000	000000000000000000010	0000000000000000	000001000000000000	0000000000000000	00000000000100000000000
1010000000000000000	000000000000000000000	0100000000000000	000000000010000010	0000000000000000	00001000000000000000000
0100000000000000000	000000000000000000000	0000000000000000	000000000000000000	0000000000000000	00000000000000000000000
0000000000000000000	000010000001010000010	0000000000100000	000000000000000000	0000000000000000	00000000000100000000000
0100000000000000000	000000000000000000000	0000000000000000	000000000000000000	0000000000000000	00000000000000000000000
0000000000000010000	000000000000000000010	0000001000101000	000000000000000000	0000000000000000	00000000000100000000000
0000000000000000000	000000000000000011000	0000000000000000	000000001000000000	0010001000000000	00000000000000000000000
0000000000000000000	000000000000000000000	0000000000000000	010000000000000000	0000000000000000	00000000000000000101000
0000000000000000000	000000000000000000010	0000000000100000	000000000000000000	0000000000000000	00000000000100000000000
0000000110000000001	000000000000000000000	0000000000000000	000000100000000000	0000000000000000	00000000000000100000000
0000000110000000001	000000000000000000000	0000000000000000	000000100000000000	0000000000000000	00000000000000100000000
0000000000000000000	000000000000000010000	0000000000000000	000000001000000000	0010001000000000	00000000000000000000000
0000100000000000000	000000000000000010000	0000000000000000	000000001000000000	0010001011000000	00000000000000000000000
0000000000000000000	000000000000000000000	0000000000000000	010000000000000000	0000000000000000	00000000000000000101000
0000000000001000000	000000000000000000000	0001000000000100	000000000000100101	0000000000110001	00000000000000000000000
0000000000000000000	000010000001010000010	0000000000100000	000000000000000000	0000000000000000	00000000000100000000000
0000000000000000000	000000000000000000000	0000000000000000	000000000001000000	0000000000000000	00000000000000001000000
0000000110000000001	000000000000000000000	0000000000000000	000000100000000000	0000000000000000	00000000000000100000000
0100000000000000000	000000000000000000000	0000000000000000	000000000000000000	0000000000000000	00000000000000000000000
1000000000000000000	000100000000000000000	0100000000000000	000000000010000010	0000000000000000	00001000000000000000000
0000010000000000000	000000000000000000000	0000000000000000	000000000100010000	0000000000000000	00000000000000000000000
0000000000000000000	000000000000000000000	0000000000000000	000000000000000000	0000000000000000	00000000000000001000000
1000000000000000000	000000000000000000100	0100000000000000	100000000010000010	0000000000000000	00001000000000000000000
0000000000000000000	000000000000000000010	0000000000000000	000000000000000000	0001000000000000	00000000000100000000000
0000000000000000000	000000000000000010000	0000000000000000	000000001000000000	0010001000000000	00000000000000000000000
0000000001000000000	000000000000000000010	0000000000101000	000000000000000000	0000000000000000	00000000000100000000000
0100000000000000000	000000000000000000000	0000000000000000	000000000000000000	0000000000000000	00000000000000000000000
0000000000000000000	000000000000000010000	0000000000000000	000000001000000000	0010001000000000	00100100000000000000000
0000000000000000000	000000000000000000000	0000000000000000	000010000000000000	0000000000000100	00000000000000000000000
0000000000000001000	000000000000000000000	0000000000000000	000000000000000000	0000000000000000	10000000000000000000000
1000000000000000000	000000000000000000000	0100000000000000	000000000010000010	0000000000000000	00001000000000000000000
1000000000100000000	000000000000000000000	0100000000000000	000000000010000010	0000010000000000	00001000000000000000000
0000000110000000001	000000000000000000000	0000000000000000	000000100000000000	0000000000000000	00000000000000100000000
1000000000100000000	000000100000000000000	0100000000000000	000000000010000010	0000000000000000	00001000000000000000000
0000000000000001000	000000000000000000000	0000000000000000	000000000000000000	0000000000000000	00000001000000000000000
