000000000	000000000000000	000000000	000000100000	0000000000000	00000000000
000000000	000000000010000	000000000	000000000000	0000000010000	00000000000
000000000	000000000000000	000000000	000000000000	0001000000000	00000000000
000000000	000000000000000	000000000	000000001100	0010000000000	00000000000
000000000	000000000000000	000010000	000000000000	0000000000000	00000000000
000000000	000100001000000	000000000	000000000000	0000000000000	00000000000
010010000	000000000000000	000000000	000000000000	0000000000000	00000000000
010010000	000000000000000	000000000	000000000000	0000000000000	00000000000
000000000	000000000000000	000010000	000000000000	0000000000000	00100000000
000000000	000100001000000	000000000	000000000000	0000000000000	00000000000
000000000	000000000000000	000000000	000000000000	0000000000000	00001000000
000000000	000001000000000	000000100	000000000000	0000000000000	00000000000
000010000	000000000000000	000000000	000000000000	0000000000000	00000000000
000000000	000000000000000	000000000	000000100000	0000000000000	10000000000
000000000	000000000000000	000000000	000000001100	0010000000000	00000000000
000010000	001000000000000	000000000	000000000000	0000000001000	00000000000
000000000	000000000000000	000000000	000000100000	1000000000001	00000000000
000000000	000100001000000	000000000	000000000000	0000000000000	00000000000
000000000	000001000000000	000000001	011000000000	0000000000000	00000000000
000000000	000100001000000	000000000	000000000000	0000000000000	00000000000
000000000	000000000000000	000100000	000000000000	0000000000000	00000000000
000000000	000000000000000	000010000	000000000000	0000000000000	00000000000
000000000	000000000000000	000000000	000000000000	0000000000000	00001000000
000000000	000001000000000	000000100	000000000000	0000000000000	00000000000
000010000	000000000000000	000000000	000000000000	0000000000000	00000000000
000010000	000000000000000	000000000	000000000000	0000000000000	00000000000
000000000	000100001000000	000000000	000000000000	0000000000000	00000000000
000000000	000001010000000	000000100	000000000000	0000000000000	00000000000
000000000	000000000000000	000000000	000000100000	0000000000000	00000000000
000010000	001000000000000	000000000	000000000000	0000000001000	00000000000
000000000	000001000000000	000000001	011000000000	0000000000000	00000000000
000000000	000000000000000	000000000	000000000000	0000000000000	00001000000
000000000	000001000000000	000000100	000000000000	0000000000000	00000000000
000000000	000000000000000	000010000	000000000000	0000000000000	00000000000
000000000	000100001000000	000000000	000000000000	0000000000000	00000000000
000000000	000000000000000	000010000	000000000000	0000000000000	00100000000
000010010	000000000000000	000000000	000000010000	0000000000000	00000000000
000000100	000000000000000	100000000	000000000000	0000000000000	00000000000
000000000	000000000000000	000000000	000000100000	0000000000000	10000000000
000000000	000100001000000	000000000	000000000000	0000000000000	00000000000
000010000	000000000000000	000000000	000000000000	0000000000000	00000000000
000000000	000000000000000	000010000	000000000000	0000000000000	00000000000
000000000	000000000010000	000000000	000000000000	0000000010000	00000000000
000000100	000000000000000	100000000	000000000000	0000000000000	00000000000
000001000	000000000000000	000000000	000000000000	0000000000000	00000000001
000000000	000000000000000	000000000	000000000000	0001000000000	00000000000
000000000	000000000000000	000000000	000000100000	0000000000000	10000000000
000000000	000000000000000	000000000	000000000000	0000000000000	00001000000
010010000	000000000000000	000000000	000000000000	0000000000000	00000000000
010010000	000000000000000	000000000	000000000000	0000000000000	00000000000
000000000	000000000000000	000010000	000000000000	0000000000000	00000000000
000010010	000000000000000	000000000	000000010000	0000000000000	00000000000
000000000	000000000000000	000000000	100000001100	0010000000000	00000000000
000000000	000000000000000	000000000	000000100000	0000000000010	10000000000
000000000	000000000000000	000000000	000000000000	0000000000000	00001000000
000000000	000000000000000	000010000	000000000000	0000000000000	00100000000
000000000	000000000000000	000010000	000000000000	0000000100000	00000000000
000000000	000001000000000	000000100	000000000000	0000000000100	00000000000
000010000	000000000000000	000000000	000000000000	0000000000000	00000000000
000000000	010100001000000	000000000	000000000000	0000000000000	00000000000
000000000	000000000000000	000000000	000000000000	0000000000000	00000000000
000001000	000000000000000	000000000	000000000000	0000000000000	00000000001
000000000	000000000000000	000000000	000000100001	0000000000000	00000000000
000001000	000000000000000	000000000	000000000000	0000000000000	00000000001
010010000	000000000000000	000000000	000000000000	0000000000000	00000000000
001000000	000001000000000	000000000	011000000000	0000000000000	00000000000
010010000	000000000000000	000000000	000000000000	0000000000000	00000000000
000000000	000001000000000	000000100	000000000000	0000000000000	00000000000
000000000	000000000000000	000000000	000000001100	0010000000000	00000000000
000000000	000000000000000	000000000	000000001100	0010000000000	00000000000
000000000	000000000000000	000000000	000000001100	0010000000000	00000000000
000000000	000100001000000	000000000	000000000000	0000000000000	00000000000
000000000	000001000000000	000000100	000000000000	0000000000000	00000000000
000000000	000000000000000	000000000	000000100000	0000000000000	00000001010
000000100	000000000000000	100000000	000000000000	0000000000000	00000000000
000010000	000000000000000	000000000	000000000000	0000000000000	00000000000
000010000	001000000000000	000000000	000000000000	0000000001000	00000000000
000000100	000000100001000	100000000	000000000000	0000000000000	00000000000
000000000	000000000000000	000000000	000000100000	0000000000000	00000010000
000010000	001000000000000	000000000	000000000000	0000000001000	00000000000
000001001	000000000000000	000000000	000000000000	0000000000000	00000000001
000010000	000000000000000	000000000	000000000000	0000000000000	00000000000
000000000	000000000000000	000010000	000000000000	0000000000000	00000000000
000010000	000000000000000	000000000	000000000000	0000000000000	00000000000
000000000	000100001000000	000000000	000000000000	0000000000000	00000000000
000000000	000000000000000	000000000	000000100000	0000000000000	00000000000
000000000	000000000000000	000000000	000000100000	0000000000000	10000000000
000000000	000000000100000	001000000	000000000000	0000001000000	00000000000
000000000	000000000000000	000000000	000000000000	0000000000000	00000000000
000000000	000100001000000	000000000	000000000000	0000000000000	00000000000
000010010	000000000000000	000000000	000000010000	0000000000000	00000000000
000000000	000100001000000	000000000	000000000000	0000000000000	00000000000
000010000	000000000000000	000000000	000010000000	0000000000000	00000000000
000000000	100000000000100	000000000	000000100000	0000000000000	00000000000
001000000	000001000000000	010000000	011000000000	0000000000000	00000000000
000001000	000000000000000	000000000	000000000000	0000000000000	00000000001
000000000	000000000000000	000000000	000000000000	0000000000000	00001000000
000000000	000000000000000	000000000	000000100000	0000000000000	00000000000
001000000	000001000000000	000000000	011000000000	0000000000000	00000000000
000000000	000001000000000	000000100	000000000000	0000000000000	00000000000
000010000	001000000000000	000000000	000000000000	0000000001000	00000000000
000000000	000100001000000	000000000	000000000000	0000000000000	00000000000
000000000	000000000000000	000000000	000100100000	0000000000000	00000000000
000000000	000000000000000	000000000	000000000000	0000000000000	00000000000
000000000	000001000000000	000000100	000000000000	0000000000000	00000000000
000000000	000100001000000	000000000	000000000000	0000000000000	00000000000
000000000	000100001000000	000000000	000000000000	0000000000000	00000000000
000010000	000000000000000	000000000	000000000000	0000000000000	00000000000
000000000	000000000000000	000010000	000000000000	0000000000000	00000000000
000000100	000000000000000	100000000	000000000000	0000000000000	00000000000
000000000	000000000000000	000000000	000000100000	0000000000000	00000000000
000000000	000100001000000	000000000	000000000000	0000000000000	00000000000
000000000	000000000000000	000000000	000000100000	0000000000000	00000000000
000000000	000000000000000	000010000	000000000000	0000000000000	00100000000
000000000	000000000000000	000000000	000000000000	0000000000000	00001000000
000000000	000100001000000	000000000	000000000000	0000000000000	00000000000
000000100	000000000000000	100000000	000000000000	0000000000000	00000000000
000000000	000001010000000	000000100	000000000000	0000000000000	00000000000
000000000	000000000000000	000000000	000000000000	0000000000000	00001000000
000000000	000100001000000	000000000	000000000000	0000000000000	00000000000
001000000	000001000000000	000000000	011000000000	0000000000000	00000000000
000000000	000100001000000	000000000	000000000000	0000000000000	00000000000
000000000	000000000000010	000000000	000000000000	0000110000000	00010000000
000000000	000000000000000	000000000	000000000000	0000000000000	00001000000
000000000	000100001000000	000000000	000000000000	0000000000000	00000000000
000000000	000000000000000	000000000	000000000000	0001000000000	00000000000
000000000	000001000000000	000000110	000000000000	0000000000000	00000000000
000000000	000000000000000	000000000	000000100000	0100000000000	00000000000
000000000	000100001000000	000000000	000000000000	0000000000000	00000000000
000000000	000000000000000	000000000	000000001100	0010000000000	00000000000
000000000	000001000000000	000000001	011000000000	0000000000000	00000000000
000000000	000000000000001	000000000	000000000000	0000000000000	01000000000
010010000	000000000000000	000000000	000000000000	0000000000000	00000000000
000000000	000000000000000	000000000	000000100000	0000000000000	00000001010
000000000	000000000000000	000000000	000000100000	0000000000000	00000000000
000001000	000000000000000	000000000	000000000000	0000000000000	00000000001
000000100	000000000000000	100000000	000000000000	0000000000000	00000000000
000000000	000001000000000	000000100	000000000000	0000000000100	00000000000
000000000	000100001000000	000000000	000000000000	0000000000000	00000000000
000001001	000000000000000	000000000	000000000000	0000000000000	00000000001
000001000	000000000000000	000000000	000000000000	0000000000000	00000000001
000010000	000000000000000	000000000	000000000000	0000000000000	00000000000
000100000	000000000100000	000000000	000000000010	0000000000000	00000100000
000000100	000000000000000	100000000	000000000000	0000000000000	00000000000
000000000	000000000000000	000010000	000000000000	0000000000000	00100000000
000000000	000000000100000	000000000	000000000010	0000000000000	00000100100
000000000	000001000000000	000000001	011000000000	0000000000000	00000000000
000000100	000010000000000	100000000	000000000000	0000000000000	00000000000
000000000	000000000000000	000010000	000000000000	0000000000000	00000000000
100000000	000000000000000	000001000	000001000000	0000000000000	00000000000
