00000000000000000000	01000000000000000000000000000000000000000	00000000000000000010000000000	000000000001000000000000	0000000000000000000100000000000000	00000000000000000000000000000
00000000000000000000	00000000100000000000000000010000001000000	00000000000000000000000000000	000000000000000000000000	0000000000000000000000000000000001	00000000000000000000000000000
00000000000000000000	00000000000000000000000000000000000000000	00000000000000000010000000000	000000000001000000000000	0000010000000000000100000000000000	00000000000000000000000000000
00000000000000000000	00000000000000000000000000000000000000000	00000000000000000010000000000	000000000001000000000000	0001000000000000000100000000000000	00000000000000000000000000000
00000000000000000000	00000000000000000000000000000000000000010	00000000010000000000001000010	000000000000000000000000	0000000000100000000000000000000000	00000000000000000000000000000
00000010000000000000	00000000000000000000000000000000000000000	00000000000000000000010000000	000000000000000000000010	0000000000001000000000000000000000	00000000000000000000010000000
00000000010010000000	00000000000000000000000000000000000000000	00000000000000000000000000000	000001000000000000000000	0000000000000000000000000000000000	01000100000000000000000000100
00000000000000000000	00000000000000000000000000000000000000000	00000000000000000010000000000	000000000001000000000000	0001000000000000000100000000000000	00000000000000000000000000000
00000000000000000000	00000000000000000100000000000000000000000	00000000000000000000000000000	000000000000000000000000	0000000000000000000100000000000000	00001000000000000000000000000
00000000000000000000	00000000000000000000000100000001000000000	00000000000000000000000000000	000000000000000000000000	1000000000000000000100000000000000	00000000000000000000000000000
00000000000000000000	00000000100000000000000000010000001000000	00000000000000000000000000000	000000000000000000000000	0000000000000000000000000000000001	00000000000000000000000000000
00000000000000000000	00000000000000000000000000000000000000000	00000000000000000010000000000	000000000001000000000000	0000010000000000000100100000000000	00000000000000000000000000000
00000000000000000000	00000000000000000100000000000000000000000	00000000000000000000000000000	000000000000000000000000	0000000000000000000100000000000000	00001000000000000000000000000
00000000000000000000	00000000000000000000000000000000000000000	00000000000000000010000000000	000000000001000000000000	0000010000000000000100000000000000	00000000000000000000000000000
00000000000000000000	00000000000000000000000000000000000000000	00000000010000000000001100010	000000000000000000000000	0000000000000000000000000000000000	00010000100000000001000000000
00000000000000000000	00000010001000000000000000000000100000000	00010000000000000000000000000	000000001000000000000000	0000000000000000010000000000000000	00000000000000000000000010000
00000000000000000000	00000000000000000000000000000000000000000	00000000000000000000000000000	100000000000000000000000	0000100000000000000100000000000000	00000000000000000000000000000
00000000010000000000	00000000000000000000000000000000000001000	00000000000000000000000000000	000000000000000000000000	0000000010000000000000000000000010	00000000000000000000000000000
00000000000000100000	00000000000000000000000000000000000000001	00000000000000000100000000000	000000000000000000000000	0000000000010000001000000000010000	00000000000010001000100000000
00000000000000000000	00000000100000000000000000010000001000000	00000000000000000000000000000	000000000000000000000000	0000000000000000000000000000000001	00000000000000000000000000000
00000000000000000000	00000000000000000000000100000001000000000	00000000000000000000000000000	000000000000000000000000	1000000000000000000100000000000000	00000000000000000000000000000
00000000000000000000	00000000000000000000000000100000000000000	00000000000000000000000000000	000000100000000000000000	0000000000000000000000000000000000	10000000000000000000000000000
00000000000000000000	00000000000000000000000000100000000000000	00000000000000000000000000000	000000100000000000001000	0000000000000000000000000000000000	10000000000000000000000000000
00000100000000000000	00100000000000000000000010000000000000000	00000000000000000000000000000	000000000100000000000000	0000000000000000000010000100000000	00000000000000000000000000000
10000000000100010000	00000000000000000000000000000000000000000	10000000000000000000000000000	000000000000000000000100	0000000100000100000000000000000000	00000000000000000000000000000
00000000000000000000	00000000000000000000000000000000000000010	00000000010000000000001000010	000000000000000000000000	0000000000100000000000000000000000	00000000000000000000000000000
00000000000000000000	00000000000000000010000000000000000000000	00000000000000100000000000000	000000000000000000000000	0000000001000010000000000000000000	00000000000000000000000000000
00000000000000000000	00000000000000000000000000000000000000000	00000000000000010010000000000	000000000001000000000000	0000000000000000000100000000000000	00000000000000000000000000000
00000000000000000000	00000000000000000000000000000000000000000	00000000010000000000001100010	000000000000000000000000	0000000000000000000000000000000000	00010000100000000001000000000
00000000000000000000	00000010001000000000000000000000100000000	00010000000000000000000000000	000000001000000000000000	0000000000000000010000000000000000	00000000000000000000000010000
00000000000000000000	00000000000000000100000000000000000000000	00000000000000000000000000000	000000000000000000000000	0000000000000000000100000000000000	00000000000000000000000000000
00000000000000000000	00000000000000000000000000100000000000000	00000000000000000000000000001	000000100000000000001000	0000000000000000000000000000000000	10000000000000000000000000000
00000000000000000000	00000000000000000000001000000000000000000	00000000010000000000001000010	000000000000000000000000	0010000000000000000000000000000000	00000000000000000100000000000
00000000000000100000	00000000000000000000000000000000000000001	00000000000000000000000000000	000000000000000000000000	0000000000010000001000000000010000	00000000000000001000100000000
10000000000100010000	00000000000000000000000000000000000000000	10000010000000000000000001000	000000000000000000000100	0000000100000100000000000000000000	00000000000000000000000000000
01000000000000100001	00000000000000000000000000000000000000001	00000001000000000000000010000	000000000000000000000000	0000000000010000000000000001010000	00000000000000001000100000000
00000001000000001000	00000000000000000000000000100000000000000	00000000000000000000000000000	000000100000000000000000	0000000000000000000000000000000000	00000000000000000000000000000
00000000000000000000	00000000000000000100000000000000000000000	00000000000000000000000000000	000000000000000000000000	0000000000000000000100000000000000	00000000000000000000000000000
00000000010000000000	00000000000000000000000000000000000001000	00000000000000000000000000000	000000000000000000000000	0000000010000000000000000000000010	00000000000000000000000000000
00000010000000000000	00000000000000000000000000000000000000000	00000000000000000000010000000	000000000000000000000010	0000000000001000000000000000000000	00000000000000000000010000000
00000000000001000000	00000000000000000000000000000000000000000	00000000000000100000000000000	000000000000000000000000	0000000001000010000000000000000000	00000000000000000000000100000
00000000000000000000	00000000000000000000000100000001000000000	00100000000000000000000000000	000000000000010000000000	1000000000000000000100000000000000	00000000000000000000000000000
00000001000000000000	00000000000000000000000000100000000000000	00000000000000000000000000000	000000100000000000000000	0000000000000000000000000000000000	00000000000000000000000000000
00000000000000100001	00000000000000000000000000000000000000001	00000001000000000000000010000	000000000000000000000000	0000000000010000000000000001010000	00000000000000001000100000000
00000000000000000000	00000000000000000000000000000000000000000	00000000000000000000000000000	000000000010000011000000	0000000000000000000000000000000000	00000000001000000000000000000
00000000000000100000	00000000000000000000000000000000000000001	00000000000000000000000000000	000000000000000000000000	0000000000010000001000000000010000	00000000000000001000100000000
00000000000000000000	00000000000000000000000000000000000000000	00000000000000000010000000000	000000000001000000000000	0000000000000000000100000000000000	00000000000000000000000000000
00000000000000000000	00000000100000000000000000010000001000000	00000000000000000000000000000	000000000000000100000000	0000000000000000000001000000000001	00000000000000000000000000000
00000000000000000000	00000001000000000000000000001000000000000	00001000000000000000110000000	000100000000001000000000	0000000000000000000000000010000000	00000000000000000000010001000
00000000000000000000	00000000000000000100000000000000000000000	00000000000000000000000000000	000000000000000000000000	0000000000000000000100000000000000	00000000000000000000000000000
10000000000100010000	00000000000000000000000000000000000000000	10000000000000000000000000000	000000000000000000000100	0000000100000100000000000000000000	00000000000000000000000000000
00000000010000000000	00000000000000010000000000000000000001000	00000000000000000000000000000	000000000000000000000000	0000000010000000000000000000000010	00000000000000000000000000000
00000000000000000000	00000010001000000000000000000000100000000	00010000000000000000000000000	000000001000000000000000	0000000000000000010000000000000000	00000000000000000000000010000
00000000000000000000	00000000000000000000001000000000000000000	00000000010000000000001000010	000000000000000000000000	0110000000000000000000000000000000	00000000000000000100000000000
00000000000000000000	00000000100000000000000000010000001000000	00000000000000000000000000000	000000000000000100000000	0000000000000000000001000000000001	00000000000000000000000000000
00000001000000000000	00000000000000000000000000100000000000000	00000000000000000000000000000	000000100000000000000000	0000000000000000000000000000000000	00000000000000000000000000000
00001000000000000000	00000010001010000000000000000000100000000	00000000000000000000000000000	000000001000000000000000	0000000000000000000000000000000000	00000000000000000000000000000
00000000000000000000	00000000000000000000010000100000000000000	00000000000100000000000000000	000000100000000000000001	0000000000000000000000000000100000	00000000000000000000000000000
00000000000000000000	00000000100000000000000000010000001000000	00000000001000000000000000100	000000000000000000000000	0000000000000000000000000000000001	00000000000000000000000000000
00000000010010000000	00000000000000000000000000000000000000000	00000000000000000000000000000	000001000000000000000000	0000000000000000000000000000000000	01000100000000000000000000100
00000000000000000000	00000000000000000000000000000000000000000	00000000000000000010000000000	000010000001000000000000	0000000000000000000100000000000000	00000000000000000000000000000
00000000000000000000	00000000000000000100000000000000000000000	00000000000000000000000000000	000000000000000000000000	0000000000000000000100000000000000	00001000000000000000000000000
00000000000000000000	00010000000100000000000000000000000000000	00000000100000000000000000000	000000000000000001000000	0000000000000000100000000000000000	00000010000100010000000000000
00000000000000000000	00000001000000000000000000001000000000000	00001000000000000000110000000	000100000000001000000000	0000000000000000000000000010000000	00000000000000000000010001000
00000000000000000000	00000000000000000100000000000000000000000	00000000000000000000000000000	000000000000000000000000	0000000000000000000100000000000000	00000000000000000000000000000
00000000000001000010	00000000000000000000000000000000000000000	00000000000000100000000000000	000000000000000000000000	0000000001000010000000000000000000	00000000000000000000000000000
00000000010000000000	00000000000000000000000000000000000000000	00000000000000000000000000000	000001000000000000000000	0000000000000000000000000000000000	01000000000000000000000000000
00000000000000000000	00000000100000000000000000010000001000000	00000000000000000000000000000	000000000000000000000000	0000000000000000000000000000000001	00000000000000000000000000000
00000000010000000000	00000000000000010000000000000000000001000	00000000000000000000000000000	000000000000000000000000	0000000010000000000000000000000010	00000000000000000000000000000
00000010000000000000	00000000000000000000000000000000000000000	00000000000000000000010000000	000000000000000000000010	0000000000001000000000000000000000	00000000000000000000010000000
00000000000001000010	00000000000000000000000000000000000000000	00000000000000100000000000000	000000000000000000000000	0000000001000010000000000000000000	00000000000000000000000000000
00000000000000000000	00000000000000000000000000100000000000000	00000000000000000000000000000	000000100000000000000000	0000000000000000000000000000000000	00000000000000000000000000000
00000000000000000000	00000000010000000000000000000000000000000	00000000000000000000000000000	000000000010000001010000	0000000000000000000000000000000000	00000000001000000000000000000
00000000000000000000	00000000000000001000000000100000000000000	00000000000000000000000000000	000000100000000000000000	0000000000000000000000000000000000	00000000000000000000000000000
00000000000000000000	00000000000000000001000000100000000000000	00000000000000000000000000000	000000100000000000000000	0000000000000000000000000000000000	00000000000000000000000000010
00000000000000000000	00001000000000000000000000100000000000000	00000000000000000000000000000	001000100000000000000000	0000000000000000000000000000000000	00000000000000000000000000000
00000000000001000000	00000000000000000000000000000000000000000	00000000000000100000000000000	000000000000000000000000	0000000001000010000000000000000000	00000000000000000000000000000
00000000000000100001	00000000000000000000000000000000000000001	00000001000000000000000010000	000000000000000000000000	0000000000010000000000000001010000	00000000000000001000100000000
10000000000100010000	00000000000000000000000000000000000000000	10000000000000000000000000000	000000000000000000000100	0000000100000100000000000000000000	00000000000000000000000000000
00000000000000100000	00000000000000000000000000000000000000001	00000000000000000000000000000	000000000000000000000000	0000000000010000001000000000010000	00000000000000001000100000000
00000000000000000000	00000000000000000000000000000000000000000	00000000010001000000001000010	000000000000000000100000	0000000000000001000000001000000000	00000000000000000000000000000
00000000000000000000	00000000000000000000100000000110000010000	00000000000010000000000000000	010000000000000000000000	0000000000000000000000010000000000	00000000010000000000000000000
00000000000000000000	00000000000000000000000000000000000000000	00000000010000000000001100010	000000000000000000000000	0000000000000000000000000000000000	00010000100000000001001000000
00000000000000000000	00000000000000000000001000000000000100000	00000000010000000001001000010	000000000000000000000000	0010000000000000000000000000000000	00000001000000000100000000000
00000000000000000000	00000000000000000000000001000000000000000	00000000000000000000001000010	000000010000100000000000	0000000000000000000000000000000000	00000000000000000000000000000
00000000000000000000	00000000000000000000000000000000000000000	00000000000000000010000000000	000000000001000000000000	0000000000000000000100000000000000	00000000000000000000000000000
00000001000000000000	00000000000000000000000000100000000000000	00000000000000000000000000000	000000100000000000000000	0000000000000000000000000000000000	00000000000000000000000000000
00000000000000000000	00000000100000000000000000010000001000000	00000000000000000000000000000	000000000000000000000000	0000000000000000000000000000000001	00000000000000000000000000001
00000000000000000000	00000000100000000000000000010000001000000	00000000000000000000000000000	000000000000000100000000	0000000000000000000000000000000001	00000000000000000000000000000
00000100000000000000	00100000000000000000000010000000000000000	00000000000000000000000000000	000000000100000000000000	0000000000000000000010000100000100	00000000000000000000000000000
00000000010010000000	00000000000000000000000000000000000000000	00000000000000000000000000000	000001000000000000000000	0000000000000000000000000000000000	01000100000000000000000000100
00000000000000000000	00000000000000000000001000000000000100000	00000000010000000001001000010	000000000000000000000000	0010000000000000000000000000000000	00000001000000000100000000000
00000000000000000000	00000000000000100000000000000000000000000	00000000000000000000000000000	000000000000000000000000	0000000000000000000100000000000000	00000000000000000000000000000
00000000000000000000	00000000100000000000000000010000001000000	00000000000000000000000000000	000000000000000000000000	0000000000000000000000000000000001	00000000000000000000000000001
00000000000000000000	00000000000000000010000000000000000000000	00000000000000100000000000000	000000000000000000000000	0000000001000010000000000000000000	00000000000000000000000000000
00000000000000000000	00000000000000000000010000100000000000000	00000000000100000000000000000	000000100000000000000001	0000000000000000000000000000100000	00000000000000000000000000000
00000000000000100000	00000000000000000000000000000000000000001	00000000000000000100000000000	000000000000000000000000	0000000000010000001000000000010000	00000000000010001000100000000
00000000000001000000	00000000000000000000000000000000000000000	00000000000000100000000000000	000000000000000000000000	0000000001000010000000000000000000	00000000000000000000000000000
00000000000000000000	00000000000000000000010000100000000000000	00000000000100000000000000000	000000100000000000000001	0000000000000000000000000000100000	00000000000000000000000000000
00000000000000000000	00000000000000000000000000000000000000000	00000000000000000010000000000	000000000001000000000000	0000000000000000000100000000000000	00000000000000000000000000000
00000100000000000000	00100000000000000000000010000000000000000	00000000000000000000000000000	000000000100000000000000	0000000000000000000010000100000000	00000000000000000000000000000
00000000000000000000	00000000000000000000000000100000000000000	00000000000000000000000000000	000000100000000000000000	0000000000000000000000000000000000	00000000000000000000000000000
00000000000000100000	00000000000000000000000000000000000000001	00000000000000000100000000000	000000000000000000000000	0000001000010000001000000000010000	00000000000010001000100000000
00000000000000000000	00000000000000000000000000000000010000000	00000000000000000000000000000	100000000000000000000000	0000100000000000000100000000000000	00000000000000000000000000000
00000000000000000000	00000000100000000000000000010000001000000	00000000000000000000000000000	000000000000000000000000	0000000000000000000000000000000001	00000000000000000000000000001
00000000000001000000	00000000000000000000000000000000000000000	00000000000000100000000000000	000000000000000000000000	0000000001000010000000000000000000	00000000000000000000000000000
00000001000000000000	00000000000000000000000000100000000000000	00000000000000000000000000000	000000100000000000000000	0000000000000000000000000000000000	00000000000000000000000000000
10000000000100010000	00000000000000000000000000000000000000000	10000000000000000000000000000	000000000000000000000100	0000000100000100000000000000000000	00000000000000000000000000000
00001000000000000000	00000010001010000000000000000000100000000	00000000000000000000000000000	000000001000000000000000	0000000000000000000000000000000000	00000000000000000000000000000
00100000000000000000	10000100000001000000000000000000000000000	00000000000000000000000000000	000000000000000000000000	0000000000000000000000000000000000	00000000000000000000000000000
00000000000000000000	00000000000000000100000000000000000000000	00000000000000000000000000000	000000000000000000000000	0000000000000000000100000000000000	00001000000000000000000000000
00010000001000000000	00000001000000000000000000000000000000000	00000000000000000000110000000	000000000000001000000000	0000000000000000000000000010001000	00000000000000000010010001000
00000000000000000000	00000001000000000000000000000000000000000	00001000000000000000110000000	000100000000001000000000	0000000000000000000000000010000000	00000000000000000000010001000
00000000010000000000	00000000000000000000000000000000000000000	00000000000000000000000000000	000001000000000000000000	0000000000000000000000000000000000	01000000000000000000000000000
00000000000000100000	00000000000000000000000000000000000000001	00000000000000000000000000000	000000000000000000000000	0000000000010000001000000000010000	00000000000000001000100000000
00000000000000000000	00000000000000000000000000000000000000000	00000000010000000000001100010	000000000000000000000000	0000000000000000000000000000000000	00010000100000000001000000000
00000000000000000000	00000000100000000000000000010000001000000	00000000000000000000000000000	000000000000000100000000	0000000000000000000000000000000001	00000000000000000000000000000
00000000000000000000	00000000010000000000000000000000000000000	00000000000000000000000000000	000000000010000001010000	0000000000000000000000000000000000	00000000001000000000000000000
00000000010010000000	00000000000000000000000000000000000000000	00000000000000000000000000000	000001000000000000000000	0000000000000000000000000000000000	01000100000000000000000000100
00000001000000000000	00000000000000000000000000100000000000000	00000000000000000000000000000	000000100000000000000000	0000000000000000000000000000000000	00000000000000000000000000000
00000000000000000000	00000010001000000000000000000000100000000	00010000000000000000000000000	000000001000000000000000	0000000000000000010000000000000000	00000000000000000000000010000
10000000000100010000	00000000000000000000000000000000000000000	10000000000000000000000000000	000000000000000000000100	0000000100000100000000000000000000	00100000000000000000000000000
00000000000000000000	00000000100000000000000000010000001000000	00000000000000000000000000000	000000000000000100000000	0000000000000000000000000000000001	00000000000000000000000000000
00000000000000000000	00000010001000000000000000000000100000000	00010000000000000000000000000	000000001000000000000000	0000000000000000010000000000000000	00000000000000000000000010000
00000000000001000010	00000000000000000000000000000000000000000	00000000000000100000000000000	000000000000000000000000	0000000001000010000000000000000000	00000000000000000000000000000
00000000000000000000	00000000000000000000000000100000000000000	00000000000000000000000000000	000000100000000000000000	0000000000000000000000000000000000	00000000000000000000000000000
00000000000000100001	00000000000000000000000000000000000000001	00000001000000000000000010000	000000000000000000000000	0000000000010000000000000001010000	00000000000000001000100000000
00000000000000000000	00000000000000000000000000000000000000000	00000000000000010010000000000	000000000001000000000000	0000000000000000000100000000000000	00000000000000000000000000000
00000000000000000100	00000000000000000000000000000000000000100	00000000000000000000000000000	000000000000000001000000	0000000000000000000000000000000000	00000000001000000000000000000
00000000000000000000	00000000000000000000001000000000000000000	00000000010000001000001000010	000000000000000000000000	0010000000000000000000000000000000	00000000000000000100000000000
00000000010010000000	00000000000000000000000000000000000000000	00000000000000000000000000000	000001000000000000000000	0000000000000000000000000000000000	01000100000000000000000000100
00000000000000000000	00000000000000000000000000100000000000000	00000000000000000000000000000	000000100000000000000000	0000000000000000000000000000000000	00000000000000000000000000000
00000000000000000000	00000000000000000100000000000000000000000	00000000000000000000000000000	000000000000000000000000	0000000000000000000100000000000000	00000000000000000000000000000
00000000000000000000	00000000000000000000000000000000000000000	00000000000000000000000000000	100000000000000000000000	0000100000000000000100000000000000	00000000000000000000000000000
00000000000000000000	00000000000000000000000000100000000000000	00000000000000000000000000000	000000100000000000000000	0000000000000000000000000000000000	00000000000000000000000000000
00000000000000000000	00000000000000000000000000000000000000000	00000000000000000010000000000	000000000001000000000000	0000000000000000000100000000000000	00000000000000000000000000000
00000100000000000000	00100000000000000000000010000000000000000	00000000000000000000000000000	000000000100000000000000	0000000000000000000010000100000100	00000000000000000000000000000
00000000000000100000	00000000000000000000000000000000000000001	00000000000000000100000000000	000000000000000000000000	0000000000010000001000000000010000	00000000000010001000100000000
00000000000000000000	00000000100000000000000000010000001000000	00000000000000000000000000000	000000000000000000000000	0000000000000000000000000000000001	00000000000000000000000000001
00000000000000000000	00000000000000000000000000000000000000000	01000000000000100000000000000	000000000000000000000000	0000000001000010000000000000000000	00000000000000100000000000000
00000000000000000000	00000000000000000000000100000001000000000	00000000000000000000000000000	000000000000000000000000	1000000000000000000100000000000000	00000000000000000000000000000
00000000000000000000	00000000100000000000000000010000001000000	00000000000000000000000000000	000000000000000100000000	0000000000000000000001000000000001	00000000000000000000000000000
00000000100000000000	00000000000000000000000000100000000000000	00000000000000000000000000000	000000100000000000000000	0000000000000000000000000000000000	00000000000001000000000000000
00000000000000000000	00000000000000000000000000000000000000000	00000100000000000000000000000	000000000000000000000000	0000000000000000000100000000000000	00000000000000000000000000000
00000000000000000000	00000000100000000000000000010000001000000	00000000000000000000000000000	000000000000000100000000	0000000000000000000000000000000001	00000000000000000000000000000
00000000000000000000	00000000000000000100000000000000000000000	00000000000000000000000000000	000000000000000000000000	0000000000000000000100000000000000	00001000000000000000000000000
00000000000000000000	00000000100000000000000000010000001000000	00000000000000000000000000100	000000000000000000000000	0000000000000000000000000000000001	00000000000000000000000000000
00000000010010000000	00000000000000000000000000000000000000000	00000000000000000000000000000	000001000000000000000000	0000000000000000000000000000000000	01000100000000000000000000100
00000000000000000000	00000000100000000000000000010000001000000	00000000000000000000000000000	000000000000000000000000	0000000000000000000000000000000001	00000000000000000000000000000
00000000000000000000	00000000000000000000001000000000000000000	00000000010000000000001000010	000000000000000000000000	0110000000000000000000000000000000	00000000000000000100000000000
