0000000000000000000000000	00000000000001000000000000	000000000000100010	000000000000000000000	00100000010000000000000000	0000000000000000000000
0000000000000000000001000	00000000000000000000000000	000000000000000000	000000000000000000000	00000000000000000000000000	0000000000000000000000
0000000000000100000000000	00000000000000000000000010	001000000000100000	000000000000000000000	00000000001000000000000000	0000000000000000000000
0000100000000000000000000	00000000000010001001000001	000000000000000100	000000000000010000000	10000000000010000000000000	0000000000000000000000
0000000000000000000000000	00000000000000000000000000	000100000000000001	000000000000000000000	00000000000000000000000000	0010000000000000000000
0000000000001000001000000	00000000100000010000000000	000000000000000100	000000000000000000000	00000000100000000000100000	0000000000000000000000
0000000000000000000000000	00000000000101000000000000	000000000000100010	000000000000100000000	00000000000000000000000000	0000000000000000000000
0000000000000000000000000	00000000000000000000000000	000000000000000100	000000000000000100000	00000000100000000000000000	0000000000000000000000
0000000000000000000001000	00000000000000000000000000	000000000100000000	000000000000000000000	00000000000000000000000000	0000000100000010000000
0000000000001000001000000	00000000100000010000000000	000000000000000100	000000000000000000000	00000000100000000000000010	0000000000000000000000
0000000000001000001000000	00000000100000010000000000	000000000000000100	000000000000000000000	00000000100000000000100000	0000000000000000000000
0000000000000000000000000	00000000100000000000000000	000000000000000100	000000000000000000001	00000000100000000000000000	0000000000000000000000
0000000000000000000000000	00000000000000000000000000	110001000000000000	000000000000000000000	00000000000000000000000000	0000000000000000000000
0000000000000000000000000	00100000000000000000000000	000000000000000000	000000001000001000000	00000000000000000000000000	0000100000000000000000
0101000000000001000000000	00000000000000000000000000	000000000000000000	000100000000000000000	00000000000000000000000000	0001000000000000010000
0000000000000000000000000	00000000000000000000000000	000100000000000001	000000000000000000000	00000000000000000000000000	0010000000000000000000
0000000000000000000000000	00100000000000000000000000	000000000000000000	000000000000001000000	00000000000000000000000000	0000100000000000000000
0000100000000000000000000	00000000000010001001000001	000000000000000100	000000000000010000000	10000000000010000000000000	0000000000000000000000
0000000000000000100010000	00000000000000000000000000	000000000000001000	000000000000000000000	00000000000000000010001000	0000000000000000001000
0000000000000000000000000	00000000000000000000000000	000100000000000001	000000000000000000000	00000000000000000000000000	0010000000000000000000
0000000000000000000000000	00000000100000000000000000	000000001000000100	000000000000000000000	00000000100000000000000000	0000000000000000000000
0000000001000000000000000	00000000000000000000000000	000000000000000000	000000000000000000000	00000000000000000000000000	0000000000000100000000
0000000000000000000100000	00000000000101000000000000	000000000000100010	000000000000000001000	00000000000000000000000000	0000000000000000000000
0000000000000000000000000	00000000000000000000000000	000100000000000001	000000000000000000000	00000000000000000000000000	0010000000010000000000
0000000000010000000000000	00000000000000000000000000	001000000000100000	000000000000000000000	00000000000000000000000000	0000000000000000000000
0000000000000000000000000	00100000000000000000000000	000000000000000000	000000000000001000000	00000000000000000000000000	0000100000000000000000
0000000000100000000000000	01000000000000000000000000	000000000000100000	000000000000000000000	00000000000000000000000000	0000010000000000100000
0000000000000000000000000	00000000100000000000000000	000000000000000100	000000010000000000000	00000000100000000000000000	0000000000000000000100
0000000000100000000000000	00000000000000000000000000	000000000000100000	000000000100000000000	00000000000000000000000000	0000010000001000000000
0000000000000000000000000	00000010000000000000000000	000000000000000100	000000000000000000000	00000000100000000000000000	0000000000000000000000
0000000000000000000000000	00000000100000000000000000	000000000000000100	000000000000000000000	00000000100000000000000000	0000000000000000000000
0000000000000000000000000	00000000100000000000000000	000000000000000100	000000000000000000001	00000000100000000000000000	0000000000000000000000
0000000000000000000000000	00000000100000000000000000	000000000000000100	000000010000000000000	00000000100000000000000000	0000000000000000000100
0000000000001000001000000	00000000100000010000000000	000000000000000100	000000000000000000000	00000000100000000000100000	0000000000000000000000
0000000000000000000000000	00000000000000000000001000	000000000000000000	000000000000000000000	00000100000000100000000000	0000000000000000000001
0000000000000000000000000	00000000100000000000000000	000000000000000100	000000000000000000001	00000000100000000000000000	0000000000000000000000
0000000001000000000000000	00000100000000000000000000	000000000010000000	000000000000000000000	00000000000000000000010000	0000000000000100000000
0000000000010000000000000	00000000000000000000000000	001000000000100000	000000000000000000000	00000000000000000000000000	0000000000000000000000
0000000000100000000000000	00000000000000000000000000	000000000000100000	000000000100000000000	00000000000000000000000000	0000010000001000000000
0000000000000000000000000	00000000000000000000000000	000100000000010001	000000000000000000000	00000000000000000000000000	0010000000000000000000
0000000000000000000000000	00000000001000000000000010	001010000000100000	001000000000000000000	00000000000000000000000000	0000000000000000000000
0000000000000000000000000	00100000000000000000000000	000000000000000000	000000000000001000000	00000000000000000000000000	0000100000000000000000
0000000000000000000000000	00000000000000000000000000	000100000000000001	000000000000000000000	00000000000000000000000000	0010000000010000000000
0000000000000000000000000	00000000000000000000000000	000000000000000100	000000000000000000000	00000000100000000000000000	0000000000000000000000
0000000100000000000000000	00000000000000000000000000	000000000000000100	000000000000000000000	00000000100000000000000000	0000000000000000000000
0000100000000000000000000	00000000000010001001000001	000000000000000100	000000000000010000000	10001000000010000000000000	0000000000000000000000
0101000000000001000000000	00000000000000000000000000	000000000000000000	100100000000000000000	00000000000000000000000000	0001000000000000000000
0000000000000000000001000	00000000000000000000000000	000000000000000000	000000000000000000000	00000000000000000000000000	0000000000000000000000
0000000000000000000000000	00000000000000000000000000	000100000000000001	000000000000000000000	00000000000000000000000000	0010000000010000000000
0000000000000000000000000	00000000000101000000000000	000000000000100010	000000000000000000000	01000000000000000000000000	0000000000000000000000
0000001000000000000000010	00000000000000000000000000	000000010000000000	000000000000000000000	00000000000000010000000000	0000000000000101000000
0000000000000000000000000	00000000000101000000000000	000000000000100010	000000000000000000000	01000000000000000000000000	0000000000000000000000
0000000000100000000000000	00000000000000000000000000	000000000000100000	000000000000000000000	00010000000000000000000000	0000010000000000000000
0000000000001000001000000	00000000100000010000100000	000000000000000100	000000000000000000000	00000000100000000000100100	0000000000000000000000
0000000001000000000000000	00000000000000000000000000	000000000000000000	000000000000000000000	00000000000000000000000000	0000000000000100000000
0000001000000000000000010	00000000000000000000000000	000000000000000000	000000000000000000000	00000000000000010000000000	0000000000000101000000
0101000000000001000000000	00000000000000000000000000	000000000000000000	000100100000000010000	00000000000000000000000000	0000000000000000000000
0001000000000010000000000	00000000000000000000000000	000000000000000000	000100000000000000000	00000000000000000000000000	0000000000000000000000
0000000000000000000000000	00010000000000000000000000	000100000000000001	000000000000000000000	00000000000000000000000000	0010000000000000000000
0000000000000000000001000	00000000000000000000000000	000000000000000000	000000000000000000000	00000000000000000000000000	0000000000000000000000
0001000000000000000000000	00000000000000000000000000	000000000000000000	000100000000000000000	00000000000000000000000000	0000000000000000000000
0000001000000000000000010	00000000000000000000000000	000000010000000000	000000000000000000000	00000000000000010000000000	0000000000000101000000
0000000000000000000000000	00000000100000000000000000	000000000000000100	000000000000000000000	00000000100000000000000000	0000000000000000000000
0000000000000000000000000	00000000000101000000000000	000000000000100010	000000000000000000000	00000000000000000000000000	0000000000000000000000
0000000000000100000000000	00000000000000000000000010	001000000000100000	000000000000000000000	00000000001000000000000000	0000000000000000000000
0000000000000000000000000	00000000000000000000000000	000100000000000001	000000000000000000000	00000000000000000000000000	0010000000010000000000
0000000000001000001000000	00000000100000010000000000	000000000000000100	000000000000000000000	00000000100000000000100000	0000000000000000000000
0000000000000000000000000	00000000000000000000000000	000100000000000001	000000000000000000000	00000000000000000000000000	0010000000000000000000
0000000000000000000000000	00000000100000000000000000	000000000000000100	000000000000000000001	00000000100000000001000000	0000000000000000000000
0000000000000000100010000	00000000000000000000000000	000000000000000000	000000000000000000000	00000000000000000010001000	0000000010000000000000
0000000000001000001000000	00000000100000010000000000	000000000000000100	000000000000000000000	00000000100000000000000000	0000000000000000000000
0000000000000000000000000	00000000000000000100000000	000000000001000000	000000000000000000000	00000000000000000000000001	0000001000000000000000
0000000000000000000000000	00000000000000000000000000	000000000000000100	000000000000000100000	00000000100000000000000000	0000000000000000000000
0000000000100000000000000	00000000000000000000000000	000000000000100000	000000000000000000000	00010000000000000000000000	0000010000000000000000
0000000000000000000000000	00000000100000000000000000	000000000000000100	000000000000000000001	00000000100000000000000000	0000000000000000000000
0000100000000000000000000	00000000000010001001000001	000000000000000100	000000000000010000000	10000000000010000000000000	0000000000000000000000
0000000000000000000001000	00000000000000000000000000	000000000000000000	000000000000000000000	00000000000000000000000000	0000000100000010000000
0000000000000000000000000	00000000000000000000000000	000000000000000100	010000000000000100000	00000000100000000000000000	0000000000000000000000
0000100000000000000000000	00000000000010001011000001	000000000000000100	000000000000010000000	10000000000010000000000000	0000000000000000000000
0000000000000000000000000	00000000000000000000000000	000100000000000001	000000000000000000000	00000000000100000000000000	0010000000010000000000
0000000000100000000000000	00000000000000000000000000	000000000000100000	000000000000000000000	00000000000000000000000000	0000010000000000100000
0000000000000000000000000	10000000000000000000000000	000100100000000001	000000000000000000000	00000000000000000000000000	0010000000000000000000
0000000001000000000000000	00000000000000000000000000	000000000000000000	000000000000000000000	00000000000000000000000000	0000000000000100000000
0000000000000000000000000	00000000000000000000000000	000100000000000001	000000000000000000100	00000000000000000100000000	0010000000000000000000
0000000000000000000000000	00010000000000000000000000	000100000000000001	000000000000000000000	00000000000000000000000000	0010000000000000000000
0000000000000000000000000	00000000000000000000000000	000000000000000100	010000000000000100000	00000000100000000000000000	0000000000000000000000
0000000000000000000000000	00000000000000000000000000	000000000000000100	000000000000000000000	00000000100000000000000000	0000000000000000000000
0000100000000000000000000	00000000000010001001000001	000000000000000100	000000000000010000000	10000000000010000000000000	0000000000000000000000
0101000000000001000000000	00000000000000000000000000	000000000000000000	000100000000000000000	00000000000000000000000000	0000000000100000000000
0001000000000000000000000	00000000000000000000000000	000000000000000000	000100000000000000000	00000000000000000000000000	0000000000000000000000
0000000000000000000000000	00000000000000000000000000	000000000000000100	000000000000000000000	00000000100000000000000000	0000000000000000000000
0000000010000000000000000	00100001000000000000010000	000000000000000000	000001000000001000000	00000000000000000000000000	0000100000000000000000
0001000000000000000000000	00000000000000000000000100	000000000000000000	000100000000000000000	00000000000000000000000000	0000000000000000000000
0000000000000000000000000	00000000000101000000000000	000000000000100010	000000000000000000000	00000000000000000000000000	0000000000000000000000
0000000000000000000000001	00000000000000000000000000	000000000000000000	000000000000001000000	00000000000000000000000000	0100100000000000000000
0000000000000000000000000	00000000100000000000000000	000000000000000100	000000000000000000001	00000000100000000000000000	0000000000000000000000
0001000000000000000000000	00000000000000000000000000	000000000000000000	000100000001000000000	00000000000000000000000000	0000000000000000000000
0000000001000000000000000	00000000000000000000000000	000000000000000000	000000000000000000000	00000000000000000000000000	1000000000000100000000
0000100000000000000000000	00000000000010001011000001	000000000000000100	000000000000010000000	10000000000010000000000000	0000000000000000000000
0000000000000000000000000	00000000000101000000000000	000000000000100010	000000000000000000000	01000000000000000000000000	0000000000000000000000
0000000000000000000000000	00000000000000000000000000	000100000000000001	000000000000000000100	00000000000000000000000000	0010000000000000000010
0000010000000000000000000	00000000000000000000000000	000000000000000000	000000000000000000000	00000011000000000000000000	0000000000000000000000
0000000000000000000000000	00100001000000000000000000	000000000000000000	000010000000001000000	00000000000000000000000000	0000100000000000000000
0000000000000000000001000	00000000000000000000000000	000000000100000000	000000000000000000000	00000000000000000000000000	0000000100000010000000
0000000000000100000000000	00000000000000000000000010	001000000000100000	000000000000000000000	00000000001000000000000000	0000000000000000000000
1000000000000000000000000	00000000000000000100000000	000000000000000000	000000000000000000000	00000000000000000000000000	0000000000000000000000
0000000000000000010000000	00000000000000000000000000	000100000000000001	000000000000000000000	00000000000000000000000000	0010000000000000000000
0000000000000000000000000	00100000000000000000000000	000000000000000000	000000000000001000000	00000000000000000000000000	0000100000000000000000
0101000000000001000000000	00000000000000000000000000	000000000000000000	000100100010000010000	00000000000000000000000000	0000000000000000000000
0000000000000000000000000	00000000000000000000000000	001000000000100000	000000000000000000000	00000000000001000000000000	0000000000000000000000
0000000000000000000000000	00000000000000000000000000	000100000000010001	000000000000000000000	00000000000000000000000000	0010000000000000000000
0000000000000000000000000	00000000000000000100000000	000000000001000000	000000000000000000000	00000000000000000000000001	0000001000000000000000
0000000000000000000000000	00000000000000000000000000	000100000000000001	000000000000000000000	00000000000000000000000000	0010000000000000000000
0000000000001000001000000	00000000100000010000000000	000000000000000100	000000000000000000000	00000000100000000000000000	0000000000000000000000
0001000000000000000000000	00000000000000000000000000	000000000000000000	000100000000000000000	00000000000000001000000000	0000000000000000000000
0000000000000000000001000	00000000000000000000000000	000000000000000000	000000000000000000000	00000000000000000000000000	0000000100000010000000
0000000001000000000000100	00000000000000000000000000	000000000000000000	000000000000000000000	00000000000000000000000000	0000000000000100000000
0000000000000000000001000	00000000000000000000000000	000000000000000000	000000000000000000000	00000000000000000000000000	0000000100000010000000
0001000000000000000000000	00000000000000000000000100	000000000000000000	000100000000000000000	00000000000000000000000000	0000000000000000000000
0000000000000000000000000	00000000110000000000000000	000000000000000100	000000000000000000001	00000000100000000000000000	0000000000000000000000
0000000001000000000000000	00000000000000000000000000	000000000000000000	000000000000000000000	00000000000000000000000000	0000000000000100000000
0000000001000000000000000	00000100000000000000000000	000000000010000000	000000000000000000000	00000000000000000000010000	0000000000000100000000
0101000000000001000000000	00000000000000000000000000	000000000000000000	000100000000000000000	00000000000000000000000000	0000000000100000000000
0000000000000000000000000	00000000100000100000000000	000000000000000100	000000000000000000000	00000000100000000000000000	0000000000000000000000
0000100000000000000000000	00000000000010001011000001	000000000000000100	000000000000010000000	10000000000010000000000000	0000000000000000000000
0000000000000000000000000	00000000000000000000000000	000100000000000001	000000000000000000000	00000000000000000000000000	0010000000000000000000
0000000000000000000000000	00000000000000000000001000	000000000000000000	000000000000000000000	00000100000000100000000000	0000000000000000000001
0000000000000000000000000	00000000000000000000000000	000100000000000001	000000000000000000100	00000000000000000000000000	0010000000000000000010
0000000000000000000000000	00000000000000000000000000	000000000000000000	000000000000000000000	00000000000000010000000000	0000000000000100000000
0000000000000000000000000	00000000000000000000000000	000000000000000100	010000000000000100000	00000000100000000000000000	0000000000000000000000
0000000000000000000000000	00000000000000000000000000	110001000000000000	000000000000000000010	00000000000000000000000000	0000000000000000000000
0000000000001000001000000	00000000100000010000000000	000000000000000100	000000000000000000000	00000000100000000000100100	0000000000000000000000
0000000000000000000000000	00000000000000000000000000	000000000000000100	010000000000000100000	00000000100000000000000000	0000000001000000000000
0000000000000000000000000	00000000000101000000000000	000000000000100010	000000000000000000000	01000000000000000000000000	0000000000000000000000
0000000000000000000000000	00000000100000000000000000	000000000000000100	000000000000000000001	00000000100000000000000000	0000000000000000000000
0000000000001000001000000	00000000100000010000000000	000000000000000100	000000000000000000000	00000000100000000000000010	0000000000000000000000
0000000000001000001000000	00000000100000010000100000	000000000000000100	000000000000000000000	00000000100000000000100100	0000000000000000000000
0000000000000000000000000	00000000100000100000000000	000000000000000100	000000000000000000000	00000000100000000000000000	0000000000000000000000
0000000001000000000000000	00001000000000000000000000	000000000000000000	000000000000000000000	00000000000000000000000000	0000000000000100000000
0101000000000001000000000	00000000000000000000000000	000000000000000000	000100000000000000000	00000000000000000000000000	0001000000000000000000
0000000000000000000000000	00000000000000000000001000	000000000000000000	000000000000000000000	00000000000000000000000000	0000000000000000000001
0001000000000000000000000	00000000000000000000000000	000000000000000000	000100000000000000000	00000000000000000000000000	0000000000000000000000
0000000000000000000001000	00000000000000000000000000	000000000000000000	000000000000000000000	00000000000000000000000000	0000000100000010000000
0000000000000000000000000	00000000000000000000000000	000100000000000001	000000000000000000100	00000000000000000000000000	0010000000000000000000
0000000000100000000000000	00000000000000000000000000	000000000000100000	000000000100000000000	00000000000000000000000000	0000010000001000000000
0000001000000000000000010	00000000000000000000000000	000000000000000000	000000000000000000000	00000000000000010000000000	0000000000000101000000
0001000000000000000000000	00000000000000000000000000	000000000000000000	000100000000000000000	00000000000000000000000000	0000000000000000000000
0000000001000000000000000	00000000000000000000000000	000000000000000000	000000000000000000000	00000000000000000000000000	0000000000000100000000
0000000000000000000000000	00100001000000000000000000	000000000000000000	000010000000001000000	00000000000000000000000000	0000100000000000000000
0011000000000000000000000	00000000000000000000000000	000000000000000000	000100000000000000000	00000000000000001000000000	0000000000000000000000
