00000	000000	0000000000	0000000	00000	00000000
00000	001000	0000000000	0000000	00000	00000000
00000	100000	0000000000	0000000	00000	00000000
00000	000000	0000000000	0000001	00000	00000000
00000	000000	0000000000	0000000	00000	00000000
00000	000000	0000000000	0000000	00000	00000000
00000	000000	0000000000	0000000	10000	00000100
00000	000000	0000000010	0000000	00000	00000000
00000	000000	0000000000	0000000	00000	00000000
00000	000000	0000000000	0010000	00000	00000000
00000	001000	0000000000	0000000	00000	00000000
00000	000000	0000000000	1000000	00000	00000000
00000	000000	0000000000	0000000	00000	00000000
00000	000000	0000000000	0000000	00000	00000000
00100	000000	0000000000	0000100	00000	00000000
00000	000000	0000000000	0000000	00000	00000000
00000	000000	0000000010	0000000	00000	00000000
00000	000000	0000000000	0000000	01000	01000000
00000	000000	0000000000	0000000	00000	00000000
00000	000000	0000000000	0000000	00000	00000010
00000	000000	0000000000	0000000	00000	00000000
00000	000000	0000000000	0000000	00000	00000000
00000	000000	0000000000	0000000	00000	00000000
00000	000000	0000000000	0000000	00000	00000000
00000	000000	0000000000	0000000	00000	00000000
00000	000000	0000000000	0000000	00000	00000000
00000	000000	0000100000	0000000	00000	00000001
00000	000000	0000000000	0000000	00000	00000000
00000	000000	0000000000	0000000	00000	00000000
00000	000000	0000000000	0000010	00000	00000000
00000	000010	0000000000	0000000	00000	00001000
00000	000000	0000000000	0000000	00000	00000000
00000	000000	0000000000	0000000	00000	00000100
00000	000000	0000000000	0000000	00000	00000000
00000	000000	0000000000	0000000	00000	00000000
00000	000010	0000000000	0000000	00000	00000000
00000	001000	0000000000	0000000	00000	00000000
00000	000000	0010000000	0000000	00000	00010100
00000	000000	0000000000	0000000	00000	00000100
00000	000000	0000000000	0000000	00000	00000000
00000	000000	0000000000	0000000	00000	00000000
00000	000000	0000000000	0000000	00000	00000000
00000	000000	0000000000	0000000	00000	00000000
00000	000000	0000000000	0000010	00000	00000000
00000	000000	0000000000	0000000	00000	00000000
00000	001000	0000000000	0000000	00000	00000000
00000	010000	0000000000	0000000	00000	00000000
00000	000000	0000000000	0000000	00000	00000000
00000	000000	0000000000	0000000	00000	00000000
00000	000010	0000000000	0000000	00000	00001000
00000	000000	0000000000	0000000	00000	00000100
00000	000000	0000000100	0000000	00000	00000000
00000	000000	0000000000	0000000	00000	00000000
00000	000000	0000000000	0000000	00010	00000000
00000	000000	0000000000	0000000	00000	00100100
00000	000000	0000000000	0000000	00000	00000000
00000	000000	0000000000	0000000	00000	00000000
00000	000000	0000000000	0000000	00000	00000000
00000	000000	0000000001	0000000	00000	10000000
00000	000000	0000000000	0000000	00000	00000100
00000	000000	0000000000	0000000	00000	00000100
00000	000000	0000000000	0000000	00000	00000000
00000	000000	0000000000	0000000	00000	00000100
00000	000000	0010000000	0000000	00000	00010100
00000	000000	0000010000	0000000	00000	00000000
00000	000000	0000000000	0000000	00000	00000000
00000	000000	0000000000	0000000	00000	00000000
00000	000000	0000000000	0000000	00000	01000000
00000	000000	0000000000	0000000	00000	00000000
00000	000000	0100000000	0000000	00000	00000100
00000	000000	0000000000	0000000	00000	00000000
10000	000000	0000000000	0000000	00000	00000000
00000	000000	0000000000	0000010	00000	00000000
00000	001000	0000000000	0000000	00000	00000000
00000	001000	0000000000	0000000	00000	00000000
00000	000000	0000000000	0000000	00000	00000000
00000	001000	0000000000	0000000	00000	00000000
00000	000000	0000000000	0000000	00000	00000000
00000	000000	0000000010	0000000	00000	00000000
00000	000000	0000000000	0000000	00000	00000000
00000	000000	0000000000	0000000	00000	00000100
00000	000000	0000000000	0000000	00000	00000000
00000	000000	0000000000	0000000	00000	00000000
00000	000000	0000000000	0000000	00000	00000100
00000	000000	0000000000	0000000	00000	00000000
00000	000000	0000000010	0000000	00000	00000000
00000	000000	0010000000	0000000	00000	00010100
00000	001000	0000000000	0000000	00000	00000000
00000	000000	0000000000	0000000	00000	00000000
00000	000000	0000000000	0000000	00000	00000000
00000	000000	0000000000	0000000	00000	00000000
00000	000000	0001000000	0000000	00000	00000000
00000	001000	0000000000	0000000	00000	00000000
00000	000000	0000000000	0000000	00000	00000000
00000	000000	0000000000	0000000	00000	00000000
00000	000000	0000000000	0000000	00000	00000000
00000	000000	0000000000	0000000	00000	00000000
00000	000000	0000000000	0000000	00000	00000000
00000	000000	0000000000	0000000	00000	00000000
00000	000000	0000000000	0000000	00000	00000100
00000	000000	0000000000	0000000	00000	00000000
00000	000000	0000000000	0000000	00000	00000000
00000	000000	0000000000	0010000	00000	00000000
00000	000000	0000000000	0000000	00000	00000000
00000	000000	0000000000	0000000	00000	00000000
00000	000000	0000000000	0000000	00000	00000000
00000	000000	0000000000	0000000	00000	00000000
00000	000000	0000000000	0000000	00000	00000000
00000	000000	0000000000	0000000	00000	00000000
00000	000000	0000000000	0000000	00000	00000000
00000	000000	0000000000	0000000	00000	00000100
00000	000000	0000000000	0000000	00000	00000000
00000	000000	0000000000	0000000	00000	00000000
00000	000000	0000000000	0000000	00000	00000100
00000	000000	0000000000	0000000	00000	00000000
00000	000000	0000001000	0000000	00000	00000000
00000	000010	0000000000	0000000	00000	00000000
00000	000000	0000000000	0000000	00000	00000000
01000	000000	0000000000	0000000	00000	00000000
00000	000000	0000000000	0000000	00000	00000000
00000	000000	0000000000	0000000	00000	00000000
00000	000000	1000000000	0000000	00000	00000000
00000	000000	0000000000	0000000	00000	00000000
00000	000000	0000000000	0000000	00000	00000000
00000	000000	0000000000	0000000	00000	00000000
00000	000000	0000000000	0000000	00000	00000000
00010	000000	0000000000	0000000	00000	00000000
00000	000000	0000000000	0000000	00000	00000000
00000	000010	0000000000	0000000	00000	00000000
00000	000000	0000000000	0000000	00000	00000000
00000	000000	0000000000	0000000	00000	00000000
00000	000000	0000000000	0000000	00000	00000000
00000	000000	0000000000	0000000	00000	00000000
00000	000000	0000000000	0000000	00000	00000000
00000	000100	0000000000	0001000	00000	00000000
00000	000000	0000000000	0100000	00000	00000000
00000	000000	0000000010	0000000	00000	00000000
00000	000000	0000000000	0000000	00000	00000000
00000	000000	0000000000	0000000	00000	00000000
00000	000010	0000000000	0000000	00000	00001000
00000	000000	0000000000	0000000	00000	00000000
00000	000001	0000000000	0000000	00001	00000000
01000	000000	0000000000	0000000	00000	00000000
00000	000000	0000000000	0000000	00000	00000000
00000	000000	0000000000	0000000	00000	00000100
00000	000000	0000000000	0000000	00100	00000000
00000	000000	0000000000	0000000	00000	00000000
00000	000000	0000000000	0000000	00000	00000000
00000	000000	0000010000	0000000	00000	00000000
00001	000000	0000000000	0000000	00000	00000100
