000000000000000000100000001001000	0000000000000000000000000000000	000000000000000000000000000000000000	0000000010000100000000000000000000000000	00000000000000000000000000000000	000000000000000000000000
000000000000000000000000000000000	0000000000000000000000000000000	000000000000000000000000000000000000	0000000000000000000000000000000101000000	00000000000000000000000001000000	000000000000000000000000
000000000000000000000000000000000	0100000000000000000000000000000	000000000000000000000000000000000010	0000000000000000000000000000000000100000	00000000000000000000000010000000	000000000000000000000000
000000000000000000000000000000000	0000000000000000000000000000000	010000000000000000000000000000000000	0000000000000000000000000000000000000100	00000000000000000000000000000000	000000000000001000000000
000000000000000000010000000000000	0000000000000010000000001100000	000000000000000010000000000100000000	0000000000000000000000000000000000000000	00000000000000000000000000000000	000000000000000001000100
000000000000000000010000000000000	0000000000000010000000001100000	000000000000000010000000000100000000	0000000000000000000000000000000000000000	00000000000000000000000000000000	000000000000000001000100
000000010000000000000000000000100	0000000100000000000000000000000	000000000000000000000000000000000000	0000000100000000000000000000000000000000	00000000000000000000000000000000	000000000000000100000000
000000000000000000000000000000000	0000000000000000000000000000000	010000000000000000000000000000000000	0000000000000000000000000000000000000100	00000000000000000000000000000000	000000000000001000000000
000000000000000000010000000000000	0000000000000000000000000000000	000000000000100010000000000100000100	0000000000000000000000000000000000000000	00000000000000010000000000000000	000000000000000001000100
000000000000000000100000001001000	0000000000000000000000000000000	000000000000000000000000000000000000	0000000000000100000000000000000000010000	00000000000000000000000000000000	000000000000000000000000
000000000000000000000000000000000	0010000000000000000000000000000	000000000000000000000000000000000000	0000000000000000000000000000000000000000	00000000000000000101000000010000	000000000000000000000000
000000000000000000010000000000000	0000000000000000000000000000000	000000000000000010000000000100000000	0000000000000000000000000000000000000000	00000000000000000000000000000000	000000000000000001000100
000000010000000000000000000000000	0000000000000000000000100000000	000000100000000000000000000000000000	0000000000000000000000000000000000000000	00000000000000000000000000000000	000000000000000000000000
100000000000000000100000001001000	0000000000000000000000000000000	000000000000000000000000000000000001	0000000000000100000000000000000000000000	00000000000000000000000000000000	000000000000000000000000
000000000000000000000000000000000	0010000000000000000000000000000	000000000000000000000000000000000000	0000000000000000000000000000000000000000	00000000000000000100000000010000	000000000000010000000000
000000000000000000000000000000000	0001000000000000000000000000000	000010000000000000000000001000000000	0010000000000000000000000000000000000000	00000000000000000000000000000000	000000000000000000000000
000000010000001000000000000010100	0000000000010000000000000000000	000000000000000000000000010000000000	0000100100000000000000000100000000000000	00000000000000000000000000000000	000000000000000000000000
000000010000000000000000000000100	0000000000001000000100000000000	000000000000000000000000010000000000	0000100100000000000000000000000000000000	00000000000000000000000000000000	000000000000000000000000
000000000010000010000000000000000	0000000000000000000000000000000	000000001000000000001000000000000000	0000000000000000000000100000000000000000	00000000000000000000000000000000	000000000000000000000000
000000000010000010000000000000000	1000000000000000000000000000000	000000001000000000000000000000000000	0000000000000000000000100000000000000000	00000000000000000000000000000000	000000000000000000000000
000000000000000000100000001000000	0000000000000000000000000000000	000000000000000000000000000000000000	0000000000000100000000000000000000000000	00000010000100000000000000000000	000100000000000000000000
000000010000001000000000000010100	0000000000010000000000000000000	000000000000000000000000010000000000	0000100100000000000000000100000000000000	00000000000000000000000000000000	000000000000000000000000
000000000000000000010000000000000	0000000000000000000000001100000	000000000000000010000000000100100000	0000000000000000000000000000000000000000	00000000000000000000000000000000	000000000000000001000100
010100000000000000000001000000000	0000000000000001000000000000000	000000000000000000000000000000000000	0000000000000000000000000000000000000000	00000000000000000000000000000000	001000000000000000010000
000000000000000000000000000000000	0000000000000000000000000000000	010000000000000000000000000000000000	0000000000000000000000000000000000000100	00000000000000000000000000000000	000000000000001000000000
000000010000000000000000000000000	0000000000000000001000100000000	000000100000000000000000000001000000	0000001000000000000000000000000000000000	00000000000000000000000000000000	000000010000000000000000
000000000010000010000000000000000	0000000000000000000000000000000	000000001000000000000000000000000000	0000000000000000000000100000000000000000	00000000000000000000000000000000	000000000000000000000000
000010000000000000000000000000000	0000000000000000000000000000000	000000000100000000000000100000000000	0000000000000000010001000000000000000000	00000000000000000000000000000000	000000000000000000000010
000000010000001000000000000010100	0000000000010000000000000000000	000000000000000000000000010000000000	0000100100000000000000000100000000000000	00000000000000000000000000000000	000000000000000000000000
000000000010000010000000000000000	0000000000000000000000000000000	000000001001010000001000000000000000	0000000000010000000000100010000000000000	00000000000000000000000000000000	000000000000000000000000
000000010000000000000000100000000	0000000000000000000000000000000	000000000000000000000000000000010000	0000000000000000000000000000000000000000	00001000000000000000000000000000	000001000000000000000000
010000000000000000000001000000000	0000000000000001000000000000000	000000000000000000000000000000000000	0000000000000000000000000000000000000000	00000000000000000000000000000000	000000000000000000010000
000000010000000000000000000000000	0000000000000000001000100000000	000000100000000000000000000001000000	0000001000000000000000000000000000000000	00000000000000000000000000000000	000000010000000000000000
000000000000000000000000000000000	0100000000000000000000000000000	000000000000000000000001000000000010	0000000000000000000000001000000000000000	00000000000000000000000010000000	000000000000000000000000
100000000000000000100000001001000	0000000000000000000000000000000	000000000000000000000000000000000001	0000000000000100000000000000000000000000	00000000000000000000000000000000	000000000000000000000000
000000000000000000100000001001000	0000000000000000000000000000000	000000000000000000000000000010000000	0000000000000100000000000000000000000001	00000000001000000000000000000000	000000001000000000001000
000000000000000001000000000000000	0000000000000000000000000000010	000000000000000000010000000000000000	0000000000000000000000000000000000000010	00000000000000000000100000000000	010000000000000010000000
000000000000000000000000000000000	0001000000000000000000000000000	000010000000000000000000001000000000	0010000000000000000000000000000000000000	00000000000000000000000000000000	000000000000000000000000
100000001000010000100000001001000	0000000000000000000000000000000	000000000000000000000000000000000000	0000000000000100000000000000000000000000	00000000000000000000000000000000	000000000000000000000000
000000000000000000100000001001000	0000000000000000000000000000000	000000000000000000000000000010000000	0000000000000100000000000000000000000001	00000000001000000000000000000000	000000001000000000001000
000000000000000000000000000000000	0000000000000000000000000000000	000000000000001000100110000000000000	0000000000000000000000000000001000001000	10010100000000000010000000000000	000000000000000000000000
000000010000000000000000000000000	0000000000000000000000100000000	000000100000000000000000000000000000	0000000000000000000000000000000000000000	00000000000000001000000000000000	000000000000000000000000
000000000000000000100000001001000	0000000000000000000000000000000	000000000000000000000000000000000000	0000000010000100000000000000000000000000	00000000000000000000000000000000	000000000000000000000000
000001000010000010000000000000000	0000000000000000000000000000000	000000001000000000000000000000000000	0000000000000000000100100000000000000000	00000000000000000000000000000010	000000000000000000000000
000000010000000000000000000000100	0000000000000000000000000000000	000000000000000000000000000000000000	0000000100000000100000000000000000000000	00000000010000000000000000000000	000000000000000000000000
000000010000000000000000000000100	0000000000000000000000010000000	000000000000000000000000000000000000	0000000100000000000000000000000000000000	00000000000000000000000000000000	000000000000000000000000
000000000000000000000000000000000	0000000000000000000000000000000	000000000000001000100110000000000000	0000000000000000000000000000001000001000	10000100000000000010000000000000	000000000000100000000000
010100000000000000000001000000000	0000000000000001000000000000000	000000000000000000000000000000000000	0000000000000000000000000000000000000000	00000000000000000000000000000000	001000000000000000010000
000000000000000000100000001001000	0000000000000000000000000000000	000000000000000000000000000000000000	0000000000000100000000000000000000000000	00100000000000000000000000000000	000000000000000000000000
000000000000000000100010001000000	0000000000100000000000000000000	000000000000000000000000000000000000	0000000000000100000000000000000000000000	00000010000100000000000000000000	000100000000000000000000
000000100000000000000000000000000	0000000000000000000000000000000	000000000000001000000110000000000000	0000000000000000001000010000001000000000	10000100000000000010000000000000	000000000000000000000000
000000010000000000000000000000100	0000000000000000000000000000000	000000000000000000000000000000000000	0000000101000000100000000000000000000000	00000000010000000000000000000000	000000000000000000000000
000000000000000001000000000000000	0000000000000000000000000000010	000000000000000000010000000000000000	0000000000000000000000000000000000000010	00000000000000000000100000000000	010000000000000010000000
001000010000000000000000000000000	0000000000000000000000100000001	000000100000000000000000000000000000	0000000000000000000000000000000000000000	00000000000000000000000000000000	000000000000000000000000
000000000000000000100000001001000	0000000000000000000000000000000	000000000000000000000000000010000000	0000000000000100000000000000000000000001	00000000001000000000000000000000	000000001000000000001000
000000000010000010000000000000000	1000000000000000000000000000000	000000001000000000000000000000000000	0000000000000000000000100000000000000000	00000000000000000000000000000000	000000000000000000000000
000000000000000000100000001000000	0000000000000000000000000000000	000000000000000000000000000000000000	0000000000000100000000000000000000000000	00000010000100000000000000000000	000100000000000000000000
000000000000000000000000000000000	0100000000000000000000000000000	000000000000000000000000000000000010	0000000000000000000000000000000000100000	00000000000000000000000010000000	000000000000000000000000
000000010000000000000000100100001	0000000000000000000000000000000	000000000000000000000000000000010000	0000000000000000000000000000000000000000	00001000000000000000000000000000	000001000000000000000000
000000000100000000100000001000000	0000000000000000000000000000000	000000000000000000000000000000000000	0000000000000100000000000000000000000000	00000010000100000000000000000000	000100000000000000000000
000000000000000000100000001001000	0000000000000000000000000000000	000000000000000000000000000000000000	0000000000000100000000000000000000000000	00000000000000000000000000000000	000000000000000000000000
000000000000000000001000000000000	0010000000000100000000000000100	000000000000000000000000000000000000	0000000000000000000000000000000000000000	00000000000000000100000000010000	000000000000010000000000
000000010000000000000000000000100	0000000000000000000000000000000	000000000010000000000000000000000000	0000000100000000100000000000000000000000	00000000010000000000000000000000	000000000000000000000000
000000000010000010000000000000000	0000000000000000000000000000000	000000001001010000001000000000000000	0000000000010000000000100010000000000000	00000000000000000000000000000000	000000000000000000000000
000000000000000001000000000000000	0000000000000000000000000000010	000000000000000000010000000000000000	0000000000000000000000000000000000000010	00000000000000000000100000000000	010000000000000010000000
000000000000000000100000001001000	0000000000000000000000000000000	100000000000000000000000000000000000	0000000000000100000000000000000000000001	00000000000000000000000000000000	000000001000000000000000
010100000000000000000001000000000	0000000000000001000000000000000	000000000000000000000000000000000000	0000000000000000000000000000000000000000	00000000000000000000000000000001	001000000000000000010000
000000000010000010000000000000000	0000000000000000000000000000000	000000001000000000000000000000000000	0000000000000000000000100000000000000000	00000000000000000000000000000000	000000000000000000000000
000000000010000010000000000000000	0000000000000000000000000000000	000000001000000000001000000000000000	0000000000000000000000100000000000000000	00000000100000000000000000000000	000000000000000000000000
000000000010000010000000000000000	1000000000000000000000000000000	000000001000000000000000000000000000	0000000000000000000000100000000000000000	00000000000000000000000000000000	000000000000000000000000
000000010000000000000000000000100	0000000000000000000000000000000	000000000000000000000000000000000000	0000000100000000000000000000000000000000	00000001000000000000000000000000	000000000000000100000000
001000010000000000000000000000000	0000000000000000000000100000001	000000100000000100000000000000000000	0000000000000000000000000000000000000000	00000000000000000000000000000000	000000000000000000000000
000000000000000001000000000000000	0000000000000000000000000000010	000000000000000000010000000000000000	0000000000000000000000000000000000000010	00000000000000000000100000000000	010000000000000010000000
000000000000000000000000000000000	0100000000000000000000000000000	000000000000000000000000000000000010	0000000000000000000000000000000000100000	00000000000000000000000010000000	000000000000000000000000
000000000000000000100000001001000	0000000000000000000000000000000	000000000000000000000000000000000000	0000000000000100000000000000000000000000	00000000000000000000000000000000	000000000000000000000000
000000000010000010000000010000000	0000000000000000000000000000000	000000001000000000000000000000000000	0000000000000000000010100000000000000000	00000000000000000000000000000000	000000000000000000000000
000000000000000000010000000000000	0000000000000010000000001100000	000000000000000010000000000100000000	0000000000000000000000000000000000000000	00000000000001000000000000000000	000000000000000001000100
000000000010000010000000000000000	0000000000000000000000000000000	000000001001010000001000000000000000	0000000000010000000000100010000000000000	00000000000000000000000000000000	100000000000000000000000
000000000010000010000000000000000	0000000000000000000000000000000	000000001001010000001000000000000000	0000000000010001000000100010000000000000	00000000000000000000000000000000	000000000000000000000000
000000010000000000000000100000000	0000000000000000000000000000000	000000000000000000000000000000010000	0000000000000000000000000000000000000000	00001000000000000000000000000000	000000000000000000000000
000000000000000001000000000000000	0000000000000000000000000000010	000000000000000000010000000000000000	0000000000000000000000000000000000000010	00000000000000000000100000000000	010000000000000010000000
000000000000000000100000001001000	0000000000000000000000000000000	000000000000000000000000000000000000	0000000000000100000000000000000000000001	00000000000000000000000000000000	000000001000000000000000
000000010000000000000000000000100	0000000000000000000000000000000	000000000000000000000000000000000000	0000000100000000100000000000000000000000	00000000010000000000000000000000	000000000000000000000000
000000000000000000010000000000000	0000000000000000000000000000000	000000000000100010000000000100000100	0000000000000000000000000000000000000000	00000000000000010000000000000000	000000000000000001000100
000000000000000000100000001000000	0000000000000000000000000000000	000000000000000000000000000000000000	0000000000000100000000000000000000000000	00000010000100000000010000000000	000100000000000000000000
100000000000000000100000001001000	0000000000000000000000000000000	000000000000000000000000000000000001	0000000000000100000000000000000000000000	00000000000000000000000000000000	000000000000000000000000
000000010000000000000000100000000	0000000000000000000000000001000	000000000000000000000000000000010000	0000000000000000000000000000000000000000	00001000000000000000000000000000	000000000000000000000000
000000000000000000000000000000000	0000001000000000000000000000000	000000000000001000100110000000000000	0000000000000000000000000000001000001000	10000100000000000010000000000000	000000000000000000000000
000000000010000010000000000000000	0000000000000000000000000000000	000000001000000000000000000000000000	0000000000000000000000100000000000000000	00000000000000000000000000000000	000000000000000000000000
000000000000000000100000001000000	0000000000000000000000000000000	000000000000000000000000000000000000	0000000000000100000000000000000000000000	00000010000000000000000000000000	000100000000000000000000
000000000000000000010000000000000	0000000000000000000000000000000	000000000000000010000000000100000000	0000000000000000000000000000000000000000	00000000000000000000000000000000	000000000000000001000100
000000000000000000010000000000000	0000000000000010000000001100000	000000000000000010000000000100000000	0000000000000000000000000000000000000000	00000000000000000000000000100000	000000000000000001000100
000000000000000000000100000000000	0000000000000000000000000000000	000000000000000000000000000000000000	0000000000000000000000000000000101000000	00000000000000000000000001000000	000000000000000000000000
000000010000000000000000000000000	0000000000000000000000100000000	000000100000000000000000000000000000	0000000000000000000000000000000000000000	00000000000000001000000000000000	000000000000000000000000
000010000000000000000000000000000	0000000000000000000010000000000	000000000100000000000000100000001000	0000000000000000000000000000000000000000	00000000000000000000000000000000	000000000000000000000000
000000000000000100000000000000010	0000010010000000000000000000000	000000000000000000000000000000000000	0000000000000000000000000001000000000000	00000000000000000000000000000000	000000000000000001000000
000000000000000000000000000000000	0000100001000000000000000010000	000000000000000000000000000000000000	0001010000000000000000000000010000000000	00000000000000000000000000001000	000000000011000000000001
000000000000000000010000000000000	0000000000000010000000001100000	000000000000000010000000000100000000	0000000000000000000000000000000000000000	00000000000000000000000000000000	000000000000000001000100
000000000000000000100000001000000	0000000000000000000000000000000	000000000000000000000000000000000000	0000000000000100000000000000000000000000	00000010000000000000000000000000	000100000000000000000000
000000000000000000010000000000000	0000000000000000000000000000000	000000000000100010000000000100000100	0000000000000000000000000000000000000000	00000000000000010000000000000000	000000000000000001000100
100000000000000000100000001001000	0000000000000000000000000000000	000000000000000000000000000000000001	0000000000000100000000000000000000000000	00000000000000000000000000000000	000000000000000000000000
000000000000000000100000001001000	0000000000000000000000000000000	000100000000000000000000000000000000	0000000000000100000000000000000000000000	00000000000000000000000000000000	000000000000000000000000
000000000010000010000000000000000	0000000000000000000000000000000	000000001000000000000000000000000000	0000000000000000000000100000000000000000	00000000000000000000000000000000	000000000000000000000000
000000000000000000010000000000000	0000000000000000010000000000000	000000000000000011000000000100000000	0000000000000010000000000000000000000000	00000000000000100000000000000000	000000000000000001000100
000000010000000000000000000000000	0000000000000000000000100000000	000000100000000000000000000000000000	0000000000000000000000000000000000000000	00000000000000000000000000000000	000000000000000000000000
000000000000000100000000000000010	0000010010000000000000000000000	000000000000000000000000000000000000	0000000000000000000000000001000000000000	00000000000000000000000000000000	000000000000000001000000
000000000010000010000000000000000	0000000000000000000000000000000	000000001001010000001000000000000000	0000000000010000000000100010000000000000	00000000000000000000000000000000	000000000000000000000000
000000000000000000010000000000000	0000000000000000000000001100000	000000000000000010000000000100100000	0000000000000000000000000000000000000000	00000000000000000000000000000000	000000000000000001000100
000000000000000000100000001000000	0000000000000000000000000000000	000000000000000000000000000000000000	0000000000000100000000000000000000000000	00000010000000000000000000000000	000100000000000000000000
000000000010100010000000000000000	0000000000000000000000000000000	000000001000000000000000000000000000	0000000000000000000000100000000010000000	00000000000000000000000000000000	000000000000000000000000
000000010000000000000000000000100	0000000000000000000000000000000	000000000000000000000000000000000000	0000000100000000100000000000000000000000	00000000010000000000000000000000	000000000000000000000000
000000000010000010000000000000000	0000000000000000000000000000000	000000001000000000000000000000000000	0000000000000000000100100000000000000000	00000000000000000000000000000000	000000000000000000000000
100000001000010000100000001001000	0000000000000000000000000000000	000000000000000000000000000000000000	0000000000000100000000000000000000000000	00000000000000000000000000000000	000000000000000000000000
000000000000000001000000000000000	0000000000000000000000000000010	000000000000000000010000000000000000	0000000000000000000000000000000000000010	00000000000000000000100000000000	010000000000000010000000
000000000000000000000000000000000	0000000000000000000000000000000	000000000000000000000000000000000000	0000000000000000000000000000000101000000	00000000000000000000000001000000	000000000000000000000000
000000000000000000000000000000000	0100000000000000000000000000000	000000000000000000000000000000000010	1000000000000000000000000000000000000000	00000000000000000000000010000000	000000000000000000000000
000000000010000010000000000000000	0000000000000000000000000000000	000000001000000000000000000000000000	0000000000000000000000100000000000000000	00000000000000000000000000000000	000000000000000000000000
000000000010000010000000010000000	0000000000000000000000000000000	000000001000000000000000000000000000	0000000000000000000010100000000000000000	00000000000000000000000000000000	000000000000000000000000
000000000000000000000000000000000	0010000000000000000000000000000	000000010000000000000000000000000000	0000000000000000000000000000000000000000	00000000000000000101000000010000	000000000000000000000000
001000010000000000000000000000000	0000000000000000000000100000001	000000100000000000000000000000000000	0000000000000000000000000000000000000000	00000000000000000000000000000000	000000000000000000000000
000000000000000000010000000000000	0000000000000010000000001100000	000000000000000010000000000100000000	0000000000000000000000000000000000000000	01000000000000000000000000000100	000000000000000001000100
000000010000000000000000100000000	0000000000000000000000000000000	000000000000000000000000000000010000	0000000000000000000000000000000000000000	00001000000000000000000000000000	000000100000000000000000
000000000000000000100000001001000	0000000000000000000000000000000	001000000000000000000000000000000000	0000000000000100000000000000000000000000	00000000000000000000000000000000	000000000000000000000000
000000010000000000000000000000100	0000000000001000000100000000000	000000000000000000000000010000000000	0000100100000000000000000000000000000000	00000000000000000000000000000000	000000000000000000000000
000000000010000010000000000000000	0000000000000000000000000000000	000000001000000000000000000000000000	0000000000000000000100100000000000000000	00000000000000000000000000000000	000000000000000000000000
000000000000000000000000000000000	0000000000000000000000000000000	010000000000000000000000000000000000	0000000000000000000000000000000000000100	00000000000000000000000000000000	000000000000001000000000
000000010001000000000000000000100	0000000000000000000000000000000	000000000000000000000000000000000000	0000000100000000000000000000000000000000	00000000000000000000000000000000	000000000000000100000000
000000000000000000000000000000000	0010000000000000000000000000000	000000000000000000000000000000000000	0000000000000000000000000000000000000000	00000000000000000101000000010000	000000000000000000000000
000000000010000010000000000000000	0000000000000000000000000000000	000000001000000000000000000000000000	0000000000000000000100100000000000000000	00000000000000000000000000000000	000000000000000000000000
000000000000000000000000000000000	0000000000000000000000000000010	000000000000000000010000000000000000	0100000000000000000000000000000000000000	00000000000000000000100100000000	000010000100000010100000
000000000010000010000000000000000	0000000000000000000000000000000	000000001000000000000000000000000000	0000000000000000000000100000000000000000	00000000000000000000000000000000	000000000000000000000000
000000000000000000000000000000000	0100000000000000000000000000000	000000000000000000000001000000000010	0000000000000000000000001000000000000000	00000000000000000000000010000000	000000000000000000000000
000000000010000010000000000000000	0000000000000000000000000000000	000000001000000000000000000000000000	0000000000000000000000100000000000000000	00000000000000000000000000000000	000000000000000000000000
000000000000000000001000000000000	0010000000000100000000000000100	000000000000000000000000000000000000	0000000000000000000000000000000000000000	00000000000000000100000000010000	000000000000010000000000
100000000000000000100000001001000	0000000000000000000000000000000	000000000000000000000000000000000001	0000000000000100000000000000000000000000	00000000000000000000000000000000	000000000000000000000000
000000000010000010000000000000000	0000000000000000000000000000000	000000001000000000000000000000000000	0000000000000000000000100000000000000000	00000000000000000000000000000000	000000000000000000000000
000000000000000000000000000000000	0000000000000000000000000000010	000001000000000000010000000000000000	0000000000000000000000000000000000000000	00000000000000000000100100000000	000000000000000010100000
000000000000000000010000000000000	0000000000000010100000001100000	000000000000000010000000000100000000	0000000000000000000000000000000000000000	00000000000000000000000000000000	000000000000000001000100
000000000000000000000000000000000	0001000000000000000000000000000	000010000000000000000000001000000000	0010000000001000000000000000000000000000	00000000000000000000000000000000	000000000000000000000000
000000000000000001000000000000000	0000000000000000000000000000010	000000000000000000010000000000000000	0000000000000000000000000000000000000010	00000000000000000000100000000000	010000000000000010000000
000000000000000000010000000000000	0000000000000000000000001100000	000000000000000010000000000100100000	0000000000000000000000000000000000000000	00000000000000000000000000000000	000000000000000001000100
000010000000000000000000000000000	0000000000000000000000000000000	000000000100000000000000100000000000	0000000000000000010001000000000000000000	00000000000000000000000000000000	000000000000000000000010
000000010001000000000000000000100	0000000000000000000000000000000	000000000000000000000000000000000000	0000000100000000000000000000000000000000	00000000000000000000000000000000	000000000000000100000000
000000000000000000010000000000000	0000000000000010000000001100000	000000000000000010000000000100000000	0000000000000000000000000000000000000000	00000000000000000000000000000100	000000000000000001000100
000000010000000000000000000000000	0000000000000000001000100000000	000000100000000000000000000001000000	0000001000000000000000000000000000000000	00000000000000000000000000000000	000000010000000000000000
000000000000000000000000000000000	0010000000000000000001000000000	000000000000000000000000000000000000	0000000000000000000000000000000000000000	00000000000010000100000000010000	000000000000010000000000
000000000000000001000000000000000	0000000000000000000000000000010	000000000000000000010000000000000000	0000000000000000000000000000000000000010	00000000000000000000100000000000	010000000000000010000000
000000000000000000100000001001000	0000000000000000000000000000000	000000000000000000000000000000000000	0000000000100100000000000000100000000000	00000000000000000000001000000000	000000000000000000000000
000000000010000010000000000000000	0000000000000000000000000000000	000000001000000000000000000000000000	0000000000000000000000100000000000000000	00000000000000000000000000000000	000000000000000000000000
000000000000000000100000001000000	0000000000000000000000000000000	000000000000000000000000000000000000	0000000000000100000000000000000000000000	00000010000000000000000000000000	000100000000000000000000
