000000000000000000	000000000000	00000000000000	001000000010000000	011000100000001000000000	00000000000000
000000000000000000	000000000000	00000001000001	000000010000000010	000000000000000000000000	01000010000000
000000000000000000	000000000000	00000000000000	000000000000000000	011000100000000000000000	00000000000000
000000100000000000	000000000000	00001000000000	000000001000010000	000000000000000000000000	00000000000000
000000000000000000	000000000000	00000000000000	000000000010000000	011000100000011000000000	00000000000000
100000000000000000	000000000000	00000001000000	000000000000000010	000000000000000000000000	00000010000000
000000100001000000	000000000000	00001000000000	000000001000000000	000000000000000000000000	00000000000000
000000000000000000	000000000000	00000001000001	000000010000000010	000000000000000001000000	01000010000000
000000000000000000	000000000000	00000001000001	000000010000000010	000000000000000001100000	01000010000000
000000000000000000	001000000000	00000000000000	000000000000000000	000000000000000000000000	00000000100000
000000010010000000	000000000000	00000011000000	010000000000000010	000000000000000000000000	00000010000000
000000100000000000	000000000000	00001000000000	000000001000010000	000000000000000000000000	00000000000000
000100000000010000	000000000000	00000000000000	000010000000000000	000000000010000000000100	00000000000000
000000000000000000	000000000000	00000001000000	000000000000000010	000000001001000000000000	00000010000000
000000000000000000	000000000000	00000000000000	000000000000000000	011000100000000000000000	00000000000000
000000000000000000	000000000000	00000000000000	001000000010000000	011000100000001000000000	00000000000000
000000000000000000	000000000000	00000000000000	000000000010000000	011000100000011000000000	00000000000000
000000100001000000	000000000000	00001000000000	000000001000000000	000000000000000000000000	00000000000000
000000100001000000	000000000010	00001000000000	000000001000000000	000000000000000000000000	00000000000000
010000100001000000	000001000000	00001000000000	000000001000000000	000000000000000000000000	00000000000000
000000100001000000	000000000000	00001000000000	000000001000000000	000000000000000000000000	00000000000000
000100000000000000	000000000001	00000000000000	000010000000000000	000000000010000000000100	00000000000000
100000000000000000	000000000000	00000001000000	000000000000000010	000000000000000000000001	00000010000000
000000000000000000	000000000000	00000001000001	000000010000000010	000000000000000000000000	01000010000000
000000000000000000	000000000000	00000000000000	000000000000000000	011000100000000000000000	00000000000000
100000000000000000	000000000000	00000001000000	000000000000000010	000000000000000000000000	00000010000000
000100000000000000	000000000000	00000000000010	000010000000000000	000000000010000000000100	00000000000000
100000000000000000	000000000000	00000001000000	000000000000000010	000000000000000000000001	00000010000000
000000100001000000	000000000000	00001000000000	000000001000000000	000000000000000000000000	00000000000000
000000001000000000	000000000000	00000000000000	001000000010000000	011000100000001000000000	00000000000000
000000000000000000	000000000000	00000000000000	000000000000000000	011000100000000000000000	00000000000000
000000000000000000	000000000000	00000001000000	000000000000000000	000000000000000000000000	00000000000000
000100000000000000	000000000001	00000000000000	000010000000001000	000000000010000000000100	00000000000000
000000000000000000	000000000000	00000001000001	000000010000000010	000000000000000000000000	01000010000000
000000000000000000	000000000000	00000001000000	000001000000000010	000000000000000000000000	00000010000000
000000000000000000	000000000000	00000001000000	000000000000000010	000000000000000000000000	00000010000000
000000100001000100	000000000000	00001000000000	000000001000000000	000000000000000000000000	00000000000000
000000010010000000	000000000000	00000011000000	010000000000000010	000000000000000000000000	00000010000000
000000100001000100	000000000000	00001000000000	000000001000000000	000000000000000000000000	00000000000000
000000000000000000	000000000000	00000001000000	000000000000000010	000000000000000000000000	00000010000000
000000000000000000	000000000000	00000001000000	000000000000000010	000000000000000000000000	00000010000000
000000000000000000	000000000000	00000000000000	000000000010000000	011000100000001000000000	00000000000000
000000000000000000	000000000000	00000001000000	000000000000000010	000000000000000000000000	00000010000000
100000000000000000	000000000000	00000001000000	000000000000000010	000000000000000000000000	00000010000000
000000000000000000	000000000000	00000000000000	000000000010000000	011000100000001000000000	00000000000000
000000100001000000	000000000000	00001000000000	000000001000000000	000000000000000000000000	00000000000000
000000100001000000	000000000000	00001000010000	000000001000000000	000000000000000000000000	00000000000000
000000100001000000	000000000000	00001000000000	000000001000000000	000000000000000000000000	00000000000000
000000100001000000	000000000000	00001000000000	000000001000000000	000000000000000000000000	00000000000000
000000000000000000	000000000000	00000001000000	000000000000000010	000000000000000000000000	00000010000000
000000000000000000	000000000000	00000001000000	000000000000000010	000000000000000000000000	00000010000000
000000000000000000	000000000000	00000001000000	000001000000000010	000000000000000000000000	00000010000000
000001000000000000	000000000000	00000001000100	000000000000000000	000000000000000000000000	00000000000000
000000000000000000	000000000100	00000001000000	000000000000000001	000000000000000100000000	00000000000010
000000000000000000	000000000000	00000001000000	000001000000000010	000000000000000000000000	00000010000000
000000000000000000	000000000000	00000001000000	000000000000000010	000000000000000000000000	00000010001000
000000000000000000	000000000000	00000001000000	000000000000000010	000000000000000000000000	00000010000000
000100000000000000	000000000000	00000000000000	000010000000000000	100000000010000000000100	00000000000000
000000000000000000	010000000000	00000001000000	000000000000000000	000000000000000000000000	00000000000000
000000000000000000	000000000000	10000000000000	000000000000000000	011000100000000000000000	00000000000000
000000000000000000	000000000000	00000001100000	000000000000000010	000000000000000000000000	00000010000000
000000000000000000	000000000000	00000001000000	000000000000000010	000000000000000000000000	00000010001000
000100000000000000	000000000000	00000000000000	000010000000000000	000000000010000000000100	00000000000000
000000100000000000	000000000000	00001000000000	000000101000010000	000000000000000000000000	00000000000000
000000000000000000	000000000000	00000001000000	000000000000000010	000000000000000000000000	00000010000000
000000000000000000	001000000000	00000000000000	000000000000000000	000000000000000000000000	00000000100000
000000000000000000	000000000000	00000000000000	000000000010000000	011000100000011000000000	00000000000000
000000000010000000	000000000000	00000011000000	100000000000000010	000000000000000000000000	00000010000000
001000100001000000	000000000000	00001000000000	000000001000000000	000000000000000000000000	00000000000000
000000000000000000	000000000000	00000000000000	000000000010000000	011000100000011000000000	00000000000000
000000100001000000	000000000000	00001000000000	000000001000000000	000000000000000000000000	00000000000000
000000000000000000	000000000000	00000001000000	000000000000000010	000000000000000000001000	00000010000000
000010000000000000	000100000000	01000000000000	000000000000000000	000000010000000000010000	00000000000000
000000100000000000	000000000000	00001000000000	000000001000100000	000000000000000000000000	00000000000000
000000000000000000	000000000000	00000001000000	000000000000000010	000000000000000000000000	00000010000000
000000100001000000	000000000000	00001000000000	000000001000000000	000000000000000000000000	00001000000000
000000000000000000	000000000000	00000001000001	000000010000000010	000000000000000000000000	01000010000000
000000000000000000	000000000000	00100000000000	000000000000000000	000000000000000010000000	00100000000100
010000100001000000	000000000000	00001000000000	000000001000000000	000000000000000000000000	00000000000000
000100000000000000	000000000000	00000000000010	000010000000000000	000000000010000000000100	00000000000000
000000100000000000	000000000000	00001000001000	000000001000010000	000000000000000000000000	00000000000000
000000100001000000	000000000000	00011000000000	000000001000000000	000000000000000000000000	00000000000000
000000000000000000	000000000000	00000001000000	000000000000000010	000000000000000000000000	00000010000000
000000000000000000	000000000000	00000001000000	000000000000000000	000000000000000000000000	00000000000000
000000000000000000	000000001000	00000001000000	000000000000000010	000010000100000000000000	00010010000000
001000100001000000	000000000000	00001000000000	000000001000000000	000000000000000000000000	00000000000000
000000000000000000	000000000000	00000001000001	000000010000000010	000000000000000000000000	01000010000000
000000000000000000	000000000000	00000001000000	000000000000000010	000000000000000000000000	00000010000000
000000000000000000	000000000000	00000001000001	000000010000000010	000000000000000001000000	01000010000000
000000000000000000	000000000000	00000001000000	000000000000000000	000000000000000000000000	00000000000000
000000000000000000	000000000000	00000001000001	000000010000000010	000000000000000000000000	01000010000000
010000100001000000	000000000000	00001000000000	000000001000000000	000000000000000000000000	00000000000000
000000000000000000	000000000100	00000001000000	000000000000000001	000000000000000000000000	00000000000010
000000000000000000	000000000000	00000001000000	000000000000000010	000000000000000000000000	00000010000000
000000000000000000	000000010000	00000001000000	000000000100000000	000000000000000000000000	00000000000010
000000100001000000	000000000000	00001000000000	000000001000000000	000000000000000000000000	00000000000000
000000000000000000	000000000000	00000000000000	000000000000000000	010000100000000000000010	00000000000000
000000000000000000	000000000000	00000001000001	000000010000000010	000000000000000001000000	01000010000000
000000000000000000	000000000000	00000001000001	000000010000000010	000000000000000000000000	11000010000000
000100000000000000	000000000000	00000000000010	000010000000000000	000000000010000000000100	00000000000000
010000100001000000	000000000000	00001000000000	000000001000000000	000000000000000000000000	00000000010000
000001000000000000	000000000000	00000001000100	000000000000000000	000000000000000000000000	00000000000000
000000010010000000	000000000000	00000011000000	010000000000000010	000000000000000000000000	00000010000000
000000000000000000	000000000000	00000001000000	000000000000000000	000000000000000000000000	00000000000000
000000100001000000	000000000000	00001000000000	000000001000000000	000000000000000000000000	00001000000000
000000000000001000	000000000000	00000000000000	000000000010000000	011100100000001000000000	00000000000000
000000000000000000	000000000000	00000001000000	000000000000000010	000000001000000000000000	00000011000000
000000000000000000	000000000100	00000001000000	000000000000000001	000000000000000100000000	00000000000010
000000000000000000	000000000000	00000001000000	000000000001000010	000000000000000000000000	00000010000000
000000000000000000	000000000000	00000001000000	000000000000000010	000000000000000000000000	00000010001000
000000000100000011	000000100000	00000100000000	000000000000000000	000000000000000000000000	00000100000001
010000100001000000	000000000000	00001000000000	000000001000000000	000000000000000000000000	00000000000000
000000000000000000	000000000000	00000000000000	000000000000000000	010000100000000000000010	00000000000000
000000000000000000	000000000000	00000001000000	000001000000000010	000000000000000000000000	00000010000000
000000000000000000	000000000000	00000001000000	000000000000000010	000000000000000000000000	00000010000000
000100000000000000	000000000001	00000000000000	000010000000001000	000000000010100000000100	00000000000000
000000000000000000	000000000000	00000001000000	000000000000000000	000000000000000000000000	00000000000000
000000100000100000	000000000000	00001000000000	000000001000000000	000000000000000000000000	00000000000000
000000000000000000	000000000000	00000001000001	000000010000000010	000000000000000000000000	01000010000000
000001000000000000	000000000000	00000001000100	000000000000000000	000000000000000000000000	00000000000000
000000000000000000	000000000000	00000001000001	000000010000000010	000000000000000000000000	01000010000000
000000100000000000	000000000000	00001000000000	000000001000010000	000000000000000000000000	00000000000000
000100000000000000	000000000000	00000000000000	000010000000000100	000000000010000000000100	00000000000000
000000100000000000	000000000000	00001000000000	000000001000010000	000000000000000000000000	00000000000000
000000000000000000	000000000000	00000001000000	000000000000000010	000000000000000000000000	00000010000000
000000100000100000	000000000000	00001000000000	000000001000000000	000000000000000000000000	00000000000000
000000100000100000	000000000000	00001000000000	000100001000000000	000001000000000000000000	00000000000000
000100000000000000	000000000000	00000000000000	000010000000000000	000000000010000000000100	00000000000000
000000100001000000	000000000000	00001000000000	000000001000000000	000000000000000000000000	00000000000000
000000000000000000	000010001000	00000001000000	000000000000000010	000000000000000000000000	00010010000000
000000000000000000	000000000000	00000001000000	000000000000000010	000000000000000000000000	00000010000000
000000000000000000	000000000000	00000001000000	000000000000000010	000000001000000000000000	00000011000000
000000000000000000	000000000000	00000000000000	000000000000000000	011000100000000000000000	00000000000000
000100000000000000	000000000001	00000000000000	000010000000001000	000000000010000000000100	00000000000000
000000000000000000	000000010000	00000001000000	000000000100000000	000000000000000000000000	00000000000010
010000100001000000	000000000000	00001000000000	000000001000000000	000000000000000000000000	00000000000000
000100000000000000	100000000000	00000000000000	000010000000000000	000000000010000000000100	00000000000000
000100000000000000	000000000001	00000000000000	000010000000001000	000000000010000000000100	00000000000000
000000000010000000	000000000000	00000011000000	100000000000000010	000000000000000000000000	00000010000000
000000100001000000	000000000000	00001000000000	000000001000000000	000000000000000000000000	00000000000000
000000000000000000	000000000000	00000001000000	000000000000000010	000000000000000000000000	00000010000000
000001000000000000	000000000000	00000001000100	000000000000000000	000000000000000000000000	00000000000000
000000000000000000	000000000000	00000001000000	000000000000000010	000000000000000000000000	00000010000000
000000000000000000	000000000000	00000001000001	000000010000000010	000000000000000000000000	01000010000000
000000000000000000	000000000000	00000001000000	000000000000000000	000000000000000000000000	00000000000000
000000100000000000	000000000000	00001000000000	000000001000010000	000000000000000000000000	00000000000000
000000100000100000	000000000000	00001000000000	000000001000000000	000000000000000000000000	00000000000000
000000000000000000	000000000000	00000000000000	001000000010000000	011000100000001000000000	00000000000000
000000000000000000	000000001000	00000001000000	000000000000000010	000000000000000000000000	00010010000000
010000100001000000	000000000000	00001000000000	000000001000000000	000000000000000000000000	00000000010000
