000000000000	000000110000001	000000000000000100	00000000000000000	00000000001000	000100000
000000010000	000010000000000	000000001000000000	00000000010000000	00000000000000	000000000
000010000000	000000100000000	000000000100000000	00000000000000000	00000000000000	000000000
000000100000	010000000000000	000000000000000000	00000000001000100	01000000000000	000001010
100000000000	000000000000000	000000000000000000	00000000000100000	00000000100000	000000000
000010000000	000000100000000	000000000100000000	00000000000001000	00001000000000	000000000
000010000000	000000100000000	000000000100000000	00000000000000000	00000000000000	000000000
000000100000	000000000000000	000000000000000000	00000000001000000	01000000000000	000001010
000000000000	000000000000000	100000000000000000	00000000000000010	00000010000001	000010000
000000000010	000000000000000	000000000000000000	00000000000000000	00000000000000	000000000
000000010000	000010000000000	000000001000000000	00000000010000000	00000000000000	000000000
001000000000	000000000010000	100000000000000000	00000000000000001	00000000000000	000000000
000010000000	000000100000000	000000000100000000	00000000000000000	00000000000000	000000000
000000000000	000000000000000	000000100000000000	00000000100000000	00000000000000	000000000
000000000000	000000000000000	000000000000000000	00000000000010000	00000000000000	000000000
000010000000	000000100000000	000100000100000000	00000000000000000	00000000000000	000000000
000000000010	000000000000000	001000000000000000	00000000000000000	00000000000000	010000000
000000100000	010000000000000	000000000000000000	00000000001000100	01000000000000	000001010
000000010000	000010000000000	000000001000000000	00000000010000000	00000000000000	000000000
000000000000	000000000000000	100000000000000000	00000000000000010	00000010000001	000000000
000000000000	000000110000000	000000000000000000	00000000000000000	00000100000000	000000000
000000010000	000000001000000	000000001000100000	00000000010000000	00000000000000	000000000
000000000000	000000110000001	000000000000000100	00000000000000000	00000000000000	000000000
000000000000	000000000000000	000000100000000000	00000000100000000	00000000000000	000000000
000000000000	000000110000001	000001000000000100	00000000000000000	00000000001000	000100000
000000100000	000000000000000	000000000000000000	00000100001000000	01000000000000	000001010
000000010000	000010000000000	000000001000000000	00000000010000000	00000000000000	000000000
000000000000	000000110000000	000000000000000000	00000000000000000	00000000000000	000000000
000010000000	000000100000000	000000000100000000	00000000000000000	00000000000000	000000000
000000000000	000000110000001	000000000000000100	00000000000000000	00000000001000	000100000
000010000000	000000100000000	000000000100000000	00000000000001000	00001000000000	000000000
000000100000	000000000000000	000000000000000000	00000000001000000	00000000000000	000001010
000010000000	000000100000000	000000000100000000	00000000000000000	00000000000000	000000000
000000000010	000000000000000	000000000000000000	00000000000000000	00000000000000	000000000
000010000000	000000100000000	000000000100000000	00000000000000000	00000000000000	000000000
000100000000	100000110000001	000000000000000100	00000000000000000	00000000000000	000000000
000000010000	000010000000000	000000001000000000	00000000010000000	00000000000000	000000000
000010000000	000000100000000	000000000100000000	00000000000000000	00000000000000	000000000
000000000000	000000000000000	000000000000000000	00000000000000000	00000000000000	000000100
000000000000	000000110000001	000000000000000100	00000000000000000	00000000000000	000000001
000000010000	000010000000000	000000001000000000	00000000010000000	00000000000000	000000000
000000000000	000000000000000	000010000000000000	00000000000100000	00000000000000	000000000
000001000000	000000000000000	100000000000010000	01000001000000000	00000010000001	000000000
000000000000	000000110000001	000000000000000100	00000000000000000	00000000000000	000000000
000000000000	000000110000000	000000000000000000	00000000000000000	00000000000000	000000000
000010000000	000000100000000	000000000100000000	00000000000000000	00000000000000	000000000
000000000100	000000110000001	000000000000000100	00000000000000000	00000001000000	000000000
000000100000	000000000000000	000000000001000000	10000000001000000	00000000000000	100001010
000000010000	000010000000000	000000001000000000	00000000010000000	00000000000000	000000000
000010000000	000000100000000	000000000100000000	00000000000000000	00000000000000	000000000
000000000000	000000000000000	000000000000000000	00000000000000000	00000000000000	000000100
000000000000	000000000010000	100000000000000000	00000000000000001	00000000000000	000000000
000000100000	000000000000000	000000000000000000	00000000001000000	00000000000000	000001010
000000000000	000000000000000	000000000000000000	00000000000100000	00000000000000	000000000
000010000000	000000100000000	000000000100000000	00000000000000000	00000000000000	000000000
000010000000	000000100000000	000000000100000000	00000000000000000	00000000000000	000000000
000000000000	000000000000000	000000100000000000	00000000100000000	00000000000000	000000000
000000100000	010000000000000	000000000000000000	00000000001000100	01000000000000	000001010
010000000000	000000100100000	000000000000000001	00000000000000000	00000000010000	000000000
000000000000	000001000000000	000000000000000000	00000000000000000	00000000000000	000000000
000010000000	000000100000000	000000000100000000	00000000000000000	00000000000000	000000000
000000010000	000000001000000	000000001000100000	00000000010000000	00000000000000	000000000
000010000000	000000100000000	000000000100000000	00000000000000000	00000000000000	000000000
000000010000	000010000000000	000000001000000000	00000000010000000	00000000000000	000000000
000000000000	000000000000100	000010000000000000	00000000000100000	00000000000000	000000000
000000000000	000000000000000	000000100000000000	00000000100000000	00000000000000	000000000
000000000000	000000000000100	000010000000000000	00000000000100000	00000000000000	000000000
000000000000	000000110000000	000000000000000000	00000000000000000	00000000000000	000000000
000000000000	000000110000000	000000000000000000	00000000000000000	00000000000000	000000000
000000000010	000000000000000	001000000000000000	00000000000000000	00000000000000	010000000
000010000000	000000100000000	000000000100000000	00000000000000000	00000000000000	000000000
000000100000	010000000000000	000000000000000000	00000000001000100	01000000000000	000001010
000000000000	000000000000100	000010000000000000	00000000000100000	00000000000000	000000000
000010000000	000000100000000	000000000100000000	00000000000001000	00001000000000	000000000
000010000000	000000100000000	000000000100000000	00000000000001000	00001000000000	000000000
000000000000	000000110000000	000000000000000000	00000000000000000	00000000000000	000000000
000010000000	000000100000000	000000000100000000	00000000000000000	00000000000000	000000000
000000100000	000000000000000	000000000000000000	00000000001000000	00000000000000	000001010
000010000000	000000100000000	000000000100000000	00000000000000000	00000000000000	000000000
000000000000	000000000000000	000000100000000000	00000000100000000	00000000000000	000000000
000000000100	000000110000001	000000000000000100	00000000000000000	00000000000000	000000000
000000010000	000100001000000	000000001000100000	00000000010000000	00000000000000	000000000
000010000000	000000100000000	000000000100000010	00000000000000000	00000000000000	001000000
000000000000	000001000000000	000000000000000000	00000000000000000	00000000000000	000000000
000000010000	000010000000000	000000001000000000	00000000010000000	00000000000000	000000000
000000000010	000000000000000	000000000000000000	00000000000000000	00000000000000	000000000
000010000000	000000100000000	000000000100000000	00000000000000000	00000000000000	000000000
000000010000	000010000000000	010000001000000000	00000000010000000	00000000000000	000000000
000000000010	000000000000000	000000000000000000	00000000000000000	00000000000000	000000000
000000000000	000000000000000	000000100000000000	00000000100000000	00000000000000	000000000
000000000000	000000000000100	000010000000000000	00000000000100000	00000000000000	000000000
000000000000	000000000000100	000010000000000000	00000000000100000	00000000000000	000000000
000010000000	000000100000000	000000000100000000	00000000000000000	00000000000000	000000000
000000000000	000000110000000	000000000000000000	00000000000000000	00000000000000	000000000
000000000000	000001000000000	000000000000000000	00000000000000000	00000000000000	000000000
000000000000	000000110000001	000000000000000100	00000000000000000	00000000000000	000000000
000010000000	000000100000000	000000000100000000	00000000000000000	00000000000000	000000000
010000000000	000000100101000	000000000000000001	00000000000000000	00000000010000	000000000
000010000000	000000100000000	000000000100000000	00000000000000000	00000000000000	000000000
000000000000	000000000000100	000010000000000000	00000000000100000	00000000000000	000000000
000000010000	000100001000000	000000001000100000	00000000010000000	00000000000000	000000000
000000100000	000000000000000	000000000000000000	00000000001000000	11100000000000	000001010
000000010000	000000001000000	000000001000100000	00000000010000000	00000000000000	000000000
000000000000	000000000000100	000010000000000000	00000000000100000	00000000000000	000000000
000000000000	000000000000000	100000000010010000	01000011000000000	00000010000011	000000000
000000000000	001000000000000	000000000000000000	00000000000000000	00000000000000	000000000
000000000000	000000000000000	000000000000000000	00000000000100000	00000000100100	000000000
000010000000	000000100000000	000000000100000000	00000000000001000	00001000000000	000000000
000000100000	010000000000000	000000000000000000	00010000001000100	01000000000000	000001010
000000010000	000000001000000	000000001000100000	00000000010000000	00000000000000	000000000
000010000000	000000100000000	000000000100000000	00000000000000000	00000000000000	000000000
000010000000	000000100000000	000100000100000000	00000000000000000	00000000000000	000000000
000000000000	000000000000100	000010000000000000	00000000000100000	00000000000000	000000000
000000000010	000000000000000	000000000000000000	00000000000000000	00000000000000	000000000
000000000000	000000110000000	000000000000000000	00000000000000000	00000100000000	000000000
000000000000	000000000000010	100000000000010000	01000001000000000	00000010000001	000000000
000000000000	000000000000100	000010000000000000	00000000000100000	00000000000000	000000000
000010000000	000000100000000	000000000100000000	00000000000001000	00001000000000	000000000
000000100000	000000000000000	000000000001000000	10000000001000000	00000000000000	100001010
000000000000	001000000000000	000000000000000000	00000000000000000	00000000000000	000000000
000000100000	000000000000000	000000000000000000	00001000001000000	01000000000000	000001010
000000000000	000000000000000	000000000000000000	00000000000010000	00000000000000	000000000
000000000000	000000000000000	000000000000000000	00000000000100000	00000000100100	000000000
000010000000	000000100000000	000000000100000000	00000000000000000	00000000000000	000000000
000000000000	000000000000000	100000000000010000	01000001000000000	00000010000001	000000000
000000000000	000000000000000	000000000000000000	00000000000100000	00000000100100	000000000
000000100000	000000000000000	000000000000000000	00000000001000000	00000000000000	000001010
000010000000	000000100000000	000000000100000000	00000000000000000	00000000000000	000000000
000000000000	000000000000100	000010000000000000	00000000000100000	00000000000000	000000000
000000000000	000000000000100	000010000000000000	00000000000100000	00000000000000	000000000
000010000000	000000100000000	000000000100000000	00000000000000000	00001000000000	000000000
000000000000	000000000000100	000010000000000000	00000000000100000	00000000000000	000000000
000000100000	000000000000000	000000010000000000	00000000001000000	01000000000000	000001010
000000100000	010000000000000	000000000000000000	00000000001000100	01000000000000	000001010
000010000000	000000100000000	000000000100000000	00000000000001000	00001000000000	000000000
000000000011	000000000000000	000000000000000000	00000000000000000	00000000000000	000000000
000000000000	000000000000000	000000000000000000	00000000000100000	00000000100100	000000000
000010001000	000000100000000	000000000100000000	00000000000000000	00000000000000	000000000
000000000000	000000000000000	000010000000000000	00000000000100000	00000000000000	000000000
000010000000	000000100000000	000000000100000000	00000000000000000	00000000000000	000000000
000000100000	000000000000000	000000000000000000	00000000001000000	11100000000000	000001010
000000010000	000010000000000	000000001000000000	00000000010000000	00000000000000	000000000
000000000000	000000110000000	000000000000000000	00000000000000000	00000100000000	000000000
000000010000	000010000000000	000000001000000000	00000000010000000	00000000000000	000000000
010000000000	000000100000000	000000000000001001	00000000000000000	00010000010000	000000000
000010000000	000000100000000	000000000100000000	00000000000000000	00001000000000	000000000
000000000000	000000000010000	100000000000000000	00100000000000001	00000000000000	000000000
000000010000	000100001000000	000000001000100000	00000000010000000	00000000000000	000000000
000000000000	000000000000000	100000000000010000	01000001000000000	00000010000001	000000000
000010001000	000000100000000	000000000100000000	00000000000000000	00000000000000	000000000
