000000000000000	0000000000000000	000000001001000000000	0000000000000000000	0000001000000000	0000000000000000100
000001000000000	0000000000000000	000010000000010000000	0000000000000000010	0010000000000000	0000000000000000000
000001000000000	0000000000000000	000010000000010000000	0000000000000000010	0010000000000000	0000000000000000000
000000000000000	0000000000000000	000010000000010000000	0000000010000000010	0010000000000000	0000000000000000000
000000000001000	1000000000000000	100000000000000000001	0001000000001010000	0000000000000000	0000000000000000000
000000000000000	0000001000000000	000110000100110000000	0000000000000000010	0010000000000000	0000000000000000000
000000100000000	0000000000001000	000000010000000000000	0000000000000000000	0000000000000000	0000100000000000000
000000000100000	0000000000000000	000000001001000010000	0000000000000000000	0000001000000000	0000000000000000100
000000000000000	0000000000000100	000010000000010000000	0000000000000000010	0010000000000000	0000000000000000000
000000000001000	1000000000000000	100000000000000000000	0001000000001010000	0000000000000000	1010010000000000000
000000000000100	0001000000000000	000000000000000001010	0000000000000001000	0000000000000001	0000000000001000000
100000100000000	0000000000000000	000001010000000000000	0000000000000000000	0000000000000000	0000100000000000000
000000000000000	0000010010000010	000000000000000000010	0000000100000001000	0100000000000001	0000000000000000000
000000000000000	0000010010000010	000000000000000000010	0000000100000001000	0100000010000001	0000000000000000000
000000000000000	0000001000000000	000110000100110000000	0000000000000000010	0010000000000000	0000000000000000000
000000000100000	0000000000000000	000000001001000010000	0000000000000000000	0000001000000000	0000000000000000100
000000000000000	0100000000000000	000000001000000100000	0100000000000000000	0000101100000000	0000000000000000100
000000000001000	1000000000000000	100000000000000000001	0001000000001010000	0000000000000000	0000000000000000000
000000010001000	0000000000000000	100000000000000000000	0000000000000000100	0001000000100000	0000000000010000001
000000000000000	0000000000000000	000010000000010000000	0000000000000000010	0010000000000000	0000000000000000000
000000000000100	0000000000000000	000000000000000000010	0000100000000001000	0000000000000001	0000000000000000000
000000000001000	1000000000000000	100000000000000000001	0001000000001010000	0000000000000000	0000000000000000000
000000000001000	1000000000000000	100000000000000000000	0001000000001000000	0000000000000000	0000000000000000000
000000000000000	0000001000000000	000110000100110000000	0000000000000000010	0010000000000000	0000000000000000000
000000000100000	0000000000000000	000000001001000010000	0000000000000000000	0000001000000000	0000000000000000100
000000000000000	0000000000000000	000010000000010000000	0000000000000000010	0010000000000000	0000000000000000000
000000000000100	0000000000000000	000000000000000000010	0000100000000101000	0000000000000001	0001001000000000000
001000000000100	0001000000000000	000000000000000000010	0000000000000001000	0000000000000001	0000000000000000000
000000000000000	0000000000100000	000010000000010000000	0000000010000000010	0010000000000000	0000000000000000000
000000000000000	0000000000000000	000010000000011000000	0000000010000000010	0010000000000000	0000000100000000000
000000000000100	0000000000000000	000000000000000000010	0000000000000001000	0000000000001001	0000000000000000000
001000000000100	0001000000000000	000000000000000000010	0000000000000001000	0000000000000001	0000000000000000000
000000000000000	0000001000000000	000010000100110000000	0000000000000000010	0010000000000000	0000000000100000000
000000000000100	0000000000000000	000000000000000000010	0000100000000001000	0000000000000001	0000000000000000000
000000000000100	0000000000000000	000000000000000000010	0000100000000101000	0000000000000001	0001000000000000000
000000000000000	0100000000000000	000000001000000100000	0100000000000000000	0000101100000000	0000000000000000100
010000000100000	0000000000000000	000000001001000000000	0000000000000000000	0000001000000000	0000000000000000100
000000000001000	1000000000000000	100000000000000000000	0001000000001000000	0000000000000000	0000000000000000000
000000001000000	0000000000000000	000010000010010000000	0000000000000000010	0010000000010000	0000000000000000000
000000000000100	0000000000000000	000000000000000000010	0000100000000001000	0000000000000001	0000000000000000000
000000000001000	1000000000000000	100000000000000000001	0001000000001010000	0000000000000000	0000000000000000000
000000000000000	0000010010000010	000000000000000000010	0000000100000001000	0100000000000001	0000000000000000000
000000000000100	0000000000000000	000000000000000000010	0000100000000001000	0000000000000001	0000000000000000000
000000000001010	0000000000010000	100000000000000000000	0000000000000000001	0000000000000000	0000000000010000000
000000000000100	0000000000000001	000000000000000000010	0000100000000101000	0000000000000001	0001001000000000000
000000000001000	1000000000000000	100000000000000000000	0001000000001000000	0000000000000000	0000000000000000000
000000000001000	1000000000000000	100000000000000000001	0001000000001010000	0000000000000000	0000000000000000000
000000000100000	0000000000000000	000000001001000010000	0000000000000000000	0000001000000000	0000000000000000100
000000000000100	0000000000000000	000000000000000000010	0000100000000001000	0000000000000001	0000000000000000000
001000000000100	0001000000000000	000000000000000000010	0000000000000001000	0000000000000001	0000000000000000000
001000000000100	0001000000000000	000000000000000000010	0000000000000001000	0000000000000001	0000000000000000000
000000000000100	0000000000000000	000000000000000000010	0000000000000001000	0000000000001001	0000000000000000000
000000000100000	0000000000000000	000000001001000010000	0000000000000000000	0000001000000000	0000000000000000100
000000100010000	0000000000000000	000000010000000000000	0000000000100000000	0000000000000000	0000100000000000000
000000000001000	1000000000000000	110000000000000000001	0011000000001010000	0000000000000000	0000000000000000000
000000000000100	0000000000000000	000000000000000000010	0000100000000001000	0000000000000001	0000000000000000000
010000000100000	0000000000000000	000000001001000000000	0000000000000000000	0000001000000000	0000000000000100100
000000000000100	0000000000000000	000000000000000000010	0000100000000001000	0000000000000001	0000000000000000000
000000000001000	1000000000000000	100000000000000000000	0001000000001010000	0000000000000000	1010010000000000000
000000010001000	0000000000000000	100000000000000000000	0000000000000000100	0001000000100000	0000000000010000001
000000000000000	0110000000000000	000000001000000100000	0100000000000000000	0000101100000000	0000000000000000100
000000000000100	0000000000000000	000000000000000000010	0000100000000001000	0000000000000001	0000000000000000000
000000010001000	0000100000000000	100000000000000000000	0000000000000000000	0001000000100000	0000000000010000000
000000000100000	0000000000000000	000000001001000010000	0000000000000000000	0000001000000000	0000000000000000100
000000000000100	0000000000000000	000000000000000000010	0000100000000001000	0000000000000001	0000000000000000000
001000000000100	0001000000000000	000000000000000000010	0000000000000001000	0000000000000001	0000000000000000000
000000000000000	0000000000000000	000010000000010000000	0000000000000000010	0010000000000000	0000000000000000000
001000000000100	0001000000000000	000000000000000000010	0000000000000001000	0000000000000001	0000000000000000000
000000100000000	0000000000000000	000000010000000000000	0000000000000000000	0000000000000000	0000100000000000000
000000000000000	0000000000000000	000010000000010000000	0000000000000000010	0010000000000000	0000000000000000000
000000000000100	0001000000000000	000000000000000001010	0000000000000001000	0000000000000001	0000000000001000000
000000000000000	0000000000000000	000010000000010000000	0000000000000000010	0010000000000000	0000000000000000000
000000000000100	0000000000000000	000000000000000000010	0000100000000001000	0000000000000001	0000000000000000000
000000000000100	0000000000000000	000000000000000000010	0000100000000001000	0000000000000001	0000000000000000000
000000010001000	0000000000000000	100000000000000000000	0000000000000000100	0001000000100000	0000000000010000011
000000010001000	0000000000000000	100000000000000000000	0000000000000000100	0001000000100000	0000000000010000001
000000000000000	0000000000000000	000010000000010000000	0000000000000000010	0010000000000000	0000000000000000000
001000000000100	0001000000000000	000000000000000000010	1000000000000001000	0000000000000001	0000000000000000000
000000000000100	0000000000000000	000000000000000000010	0000100000000001000	0000000000000001	0000000000000000000
000010000001000	1000000000000000	100000000000000000000	0001000000001010000	0000000000000000	0000010000000000000
000000000000000	0000000000000010	000000000000000000010	0000000000000001000	0100000000000001	0000000000000000000
000000000000100	0000000000000000	000000000000000000010	0000100000000001000	0000000000000001	0000000000000000000
000000000001000	1000000000000000	100000000000000000001	0001000000001010000	0000000000000000	0000000000000000000
000000000000100	0000000000000000	000000000000000000010	0000000000000001000	0000000000001001	0000000000000000000
000000000000000	0000000000000100	000010000000010000000	0000000000000000010	0010000000000000	0000000000000000000
000000100000000	0000000000000000	000000010000000000000	0000000000000000000	0000000000000000	0000100000000000000
000000000000100	0000000000000000	000000000000000000010	0000100000000001000	0000000000000001	0000000000000000000
000000000000100	0001000000000000	000000000000000001010	0000000000000001000	0000000000000001	0000000000001000000
000000001000000	0000000000000000	000010000010010000000	0000000000000000010	0010000000010000	0000000000000000000
000000000001010	0000000000010000	100000000000000000000	0000000000000000001	0000000000000000	0000000000010000000
000000000000100	0000000000000000	000000000000000000010	0000100000000001000	0000000000000001	0000000000000000000
000000000000000	0000001000000000	000110000100110000000	0000000000000000010	0010000000000000	0000000010000000000
000000000001000	1000000000000000	100000000000000000000	0001000000001010000	0000000000000000	1000010000000000000
000000000000100	0000000100000000	000000000000000000010	0000100000000101000	0000000000000001	0001000000000000000
000000000000100	0000000000000000	000000100000000000010	0000100000000101000	0000000000000001	0001000000000000000
000000000000000	0000000000000000	000010000000010000000	0000000010000000010	0010000000000000	0000000000000001000
000000000000000	0100000000000000	000000001000000100000	0100000000000000000	0000101100000000	0000000000000000100
000000000000000	0000000000000000	000010000000010000000	0000000000000000010	0010000000000000	0000000000000000000
000000010001000	0000100000000000	100000000000000000000	0000000000000000000	0001000000100000	0000000000010000000
000000000001000	1000000000000000	100000000000000000001	0001000000001010000	0000000000000100	0000000000000000000
000000000000000	0000000000000000	000010000000010000000	0000000000000000010	0010000000000000	0000000000000000000
000000000000000	0100000000000000	000000001000000100000	0100000000000000000	0000101100000000	0000000000000000100
000000000000101	0000000000000000	000000000000000000010	0000100000000001000	0000000000000001	0000000000000000000
000000100000000	0000000000000000	000000010000000000000	0000000000000000000	0000000000000000	0000100000000000000
000000000000000	0000000000000000	000010000000010000000	0000000001000000010	0010000000000000	0000000000000000000
000000000000000	0000000000000000	000010000000010000000	0000000000000000010	0010000000000000	0000000000000000000
000000000000000	0000000000000000	000000000000000000000	0000011000000000000	1000000000000000	0100000001000000000
000000000000100	0000000000000000	000000000000000000010	0000100000000001000	0000000000000001	0000000000000000000
000000000000100	0001000000000000	000000000000000001010	0000000000000001000	0000000000000001	0000000000001000000
000000000001000	1000000000000000	100000000000000000000	0001000000001010000	0000000000000000	0000010000000000000
000000000001010	0000000000010000	100000000000000000000	0000000000000000001	0000000000000000	0000000000010000000
000000000000000	0000000000000000	000010000000010000000	0000000000000000010	0010000000000000	0000000000000000000
000000000001000	1000000000000000	100000000000000000001	0001000000001010000	0000000000000000	0000000000000000000
010000000100000	0000000000000000	000000001001000000000	0000000000000000000	0000001000000000	0000000000000000100
000100100010000	0000000000000000	000000010000000000000	0000000000100000000	0000000000000000	0000100000000000000
000000100000000	0000000000000000	000000010000000000000	0000000000000000000	0000000000000000	0000100000000000000
000000000001000	1000000000000000	100000000000000000001	0001000000001010000	0000000000000000	0000000000000000000
000000000000100	0000000100000000	000000000000000000010	0000100000000101000	0000000000000001	0001000000000000000
000000000001000	1000000000000000	100000000000000000001	0001000000001010000	0000000000000000	0000000000000000000
000000000000000	0000000000000000	000010000000011000000	0000000010000000010	0010000000000000	0000000100000000000
000000000000000	0000000000000000	000010000000010000000	0000000000000000010	0010000000000000	0000000000000000000
000000000000100	0000000000000000	000000000000000000010	0000100000000001000	0000000000000001	0000000000000000000
000000000000100	0000000000000000	000000000000000000010	0000100000000001000	0000000000000001	0000000000000000000
000000000001000	1000000000000000	100000000000000000001	0001000000001010000	0000000000000000	0000000000000000000
010000000100000	0000000000000000	000000001001000000000	0000000000000000000	0000001000000000	0000000000000000100
000000000100000	0000000000000000	000000001001000010000	0000000000000000000	0000001000000000	0000000000000000100
000000000001010	0000000001000000	100000000000000000000	0000000000000000001	0000000000000000	0000000000010010000
000000000000000	0000001000000000	000110000100110000000	0000000000000000010	0010000000000000	0000000000000000000
000000000001000	1000000000000000	100000000000000000001	0001000000001010000	0000000000000000	0000000000000000000
100000100000000	0000000000000000	000001010000000000000	0000000000000000000	0000000000000000	0000100000000000000
000000000001000	1000000000000000	100000000000000000100	0001000000001000000	0000000000000010	0000000000000000000
000000000000100	0000000000000000	000000000000000000010	0000100000000001000	0000000000000001	0000000000000000000
000000000000100	0000000000000000	000000000000000000010	0000100000000101000	0000000000000001	0001000000000000000
000000000001000	1000000000000000	100000000000000000001	0001000000001010000	0000010000000000	0000000000000000000
000000000000100	0000000000000000	000000100000000000010	0000100000000101000	0000000000000001	0001000000000000000
000000000100000	0000000000000000	000000001001000000000	0000000000000000000	0000001000000000	0000000000000000100
000000010001000	0000000000000000	100000000000000000000	0000000000000000100	0001000000100000	0000000000010000001
000000100000000	0000000000000000	000000010000000000000	0000000000000000000	0000000001000000	0000100000000000000
000000000001000	1000000000000000	100000000000000000001	0001000000001010000	0000000000000000	0000000000000000000
000000000100000	0000000000000000	000000001001000010000	0000000000000000000	0000001000000000	0000000000000000100
000000000001000	1000000000000000	110000000000000000001	0011000000001010000	0000000000000000	0000000000000000000
000000000000000	0000000000000000	000010000000010000000	0000000000000000010	0010000000000000	0000000000000000000
000000000000100	0000000000000000	000000000000000000010	0000100000000001000	0000000000000001	0000000000000000000
000000000000000	0000010010000010	000000000000000000010	0000000100000001000	0100000000000001	0000000000000000000
000000010001000	0000000000000000	100000000000000000000	0000000000000000100	0001000000100000	0000000000010000001
000000000000100	0000000100000000	000000000000000000010	0000100000000101000	0000000000000001	0001000000000000000
000000000000100	0000000100000000	000000000000000000010	0000100000000101000	0000000000000001	0001000000000000000
000000000100000	0000000000000000	001000001001000000000	0000000000010000000	0000001000000000	0000000000000000100
000000000100000	0000000000000000	001000001001000000000	0000000000010000000	0000001000000000	0000000000000000100
000000000000000	0000001000000000	000110000100110000000	0000000000000000010	0010000000000000	0000000000000000000
