00000000100	000000100000	0001000	0000000000000	00000000000000	000000000100000000	0000000000000	00000000000	000000000010000
00010000000	000000100000	0000000	0000000000000	00000000000000	000000000000000000	0000000100000	00000000000	000000000000000
00100000000	000000100000	0000000	0000000000000	01000000000000	000000000000000001	0000000000000	00010000000	000000000000000
00100000000	000000100000	0000000	0000000000000	00000000000000	000000000000000000	0000000000000	00010000010	000000000000000
00000000000	000000100000	0001000	0000000000000	00000000000000	000000000100000000	0000000000000	00000000000	000000010010000
00000000000	000000100000	0000000	0000100000000	00000000010000	000000010000000000	0100000011001	00000001000	000000100000000
00000010000	000000000000	0000000	0000000000000	00000000000000	011000000000001000	0000000000100	00000000000	000000000000000
00000000100	000000100000	0001000	0000000000000	00000000000000	000000000100000000	0000000000000	00000000000	000000000010000
00010000000	000000100000	0000000	0000000000000	00001000000000	000000000000000000	0000000100000	00000000000	000000000000000
00000000000	000000100100	0000010	0000100000000	00000000000010	000000000010000000	0000000001000	00000000000	000000000000000
10000000000	000000100100	0000010	0000100000000	00000000000010	000000000010000000	0000000001000	00000000000	000000000000000
00000000001	000000100000	0000000	0000000000000	00000001000000	000000000000000000	0000000100000	00000000000	000000000000000
00000000000	000000100100	0000010	0000100000000	00000000000010	000000000010000010	0000000001000	00000000000	000000000000000
00000010000	000000001000	0000000	1000000000000	00000000000000	010000000000000000	0000000000100	00000000000	000000000000000
00000000100	000000100000	0001000	0000000000000	00000000000000	000000000100000000	0000000000000	00000000000	000000000010000
00000001000	000010100000	0000000	0000000000000	00000000100000	000000000000000100	0000100000000	00000010000	000000000100000
00100000000	000000100000	0100000	0000000000000	00000000000000	000000000000000000	0000000000000	00010000000	000000000000000
00010000000	000000100000	0000000	0000000000000	00000000000000	000000000000000000	0000000100000	00000000000	000000000000000
00000000000	000000100000	0000000	0000000000000	00000000000000	000000000000000000	0000000000000	00000000000	000000000000000
00000000000	000100100000	0000000	0000000000000	00000110000000	000001000000000000	0000000000000	00000000000	000100000000000
00000000100	000000100000	0001000	0000000000000	00000000000000	000000000100000000	0000000000000	00000000000	000000000010000
00000000010	000000110010	0010000	0000000000000	00000000001000	000000001000000000	0000000000000	00000000000	000000000000100
00000000000	000000100100	0000010	0000100000000	00000000000010	000000000010000000	0000000001000	00000000000	000000000000000
00000000000	000100100000	0000000	0000000000000	00000110000001	000101000000000000	0000000000000	00000000000	000100001000000
00000000000	000000100000	0001000	0000000000000	00000000000000	000000000100000000	0000000000000	00000000000	000000010010000
00000000100	000000100000	0001000	0000000000000	00000000000000	000000000100000000	0000000000000	00000000000	000000000010000
00000000000	000000100100	0000010	0000101000000	00000000000010	000000000010000000	0000000001000	00000000000	000000000000000
00000000100	000000100000	0001000	0000000000000	00000000000000	000000000100000000	0000000000000	00000000000	000000000010000
00000000000	000000100001	0000000	0000100000000	00000000000000	000000010000000000	0000000001000	00000000000	000000000000000
00000000000	000000100100	0000010	0000100000000	00000000000010	000000000010000000	0000000001000	00000000000	000000000000000
00000000010	000000110010	0010000	0000000000010	00000000001000	000000000000000000	0000000000000	10000000000	000000000000100
00000000000	000000100000	0001000	0000000000000	00000000000000	000000000100000000	0000000000000	00000000000	000000010010000
00000000000	000000100100	0000010	0000100000000	00000000000010	000000000010000010	0000000001000	00000000000	000000000000000
00000000000	010000100000	0000000	0110000000000	00000000000000	100000000000000000	0000000000000	01000000000	000000000000000
00000000000	000000100100	0000010	0000100000000	00000000000010	000000000010000000	0000000001000	00000000000	000000000000000
00000000000	000000100000	0001000	0000000000000	00000000000000	000000000100000000	0000000000000	00000000000	000000010010000
00000000000	000000100000	0001000	0000000000000	00000000000000	000000000100000000	0000000000000	00000000000	000000000010000
00010000000	000000100000	0000000	0000000000000	00000000000000	000000000000000000	0000000100000	00000000000	000000000000000
01000000000	000000100000	0000000	0000000010100	00000000000000	000000000000010000	0000000000000	00000000000	001000000000000
00100000000	000000100000	0100000	0000000000000	00000000000000	000000000000000000	0000000000000	00010000001	000000000000000
00000000000	000000100000	0000000	0000000000000	00000000000000	000000000000000000	0000000000000	00000000000	100000000001000
00000000000	000000100100	0000010	0000100000000	00000000000010	000000000010000000	0000000001000	00000000000	000000000000000
00000000000	000100100000	0000000	0000000000000	00000110000001	000101000000000000	0000001000000	00000000100	000100001000000
00000000000	010000100000	0000000	0110000000000	00000000000000	100000000000100000	0000000000000	01000000000	000000000000000
00000000000	000000100000	0000000	0000100000000	00000000010000	000000010000000000	0100000011001	00000001000	000000000000000
00000000000	000000100000	0000000	0001000000000	10010000000000	000000000000000000	0000000000000	00001000000	000000000000000
00000001000	000010100000	0000000	0000000000000	00000000100000	000000000000000100	0000100000000	00000010000	000000000100000
00000000000	000100100000	0000000	0000000000000	00000110000000	000001000000000000	0000000000000	00000000000	000100000000000
00010000000	000000100000	0000000	0000000000000	00001000000000	000000000000000000	0000000100000	00000000000	000000000000000
00000001000	000010100000	0000000	0000000000000	00000000100000	000000000000000100	0000100000000	00000010000	010000000100000
00000000000	000000100000	0000000	0000100000000	00000000000000	000000010000000000	0000000001000	00000000000	000000000000000
10000000000	000000100100	0000010	0000100000000	00000000000010	000000000010000000	0000000001000	00000000000	000000000000000
00000000010	000000110010	0010000	0000000000000	00000000001000	000000001000000000	0000000000000	00000000000	000000000000100
00000000000	000000100100	0000010	0000100000000	00000000000010	000000000010000010	0000000001000	00000000000	000001000000000
00000000000	000000100100	0000010	0000100000000	00000000000010	000000000010000000	0000000001000	00000000000	000000000000000
00000000000	000000100000	0000000	0000100000000	00000000000000	000000010000000000	0000000001000	00000000000	000000000000000
00100000000	000000100000	0000000	0000000000000	00000000000100	000000000000000001	0010000000010	00010000000	000000000000000
00000000000	000000100000	0000000	0000000000000	00000000000000	000000000000000000	0000000000000	00000000000	000000000000000
00000000000	000000100000	0001000	0000000000000	00000000000000	000000000100000000	0000000000000	00000000000	000000000010000
00000010000	000000000000	0000000	0000000000000	00000000000000	010000000000000000	0000000000100	00000000000	000010000000000
00000000000	000000100000	0001000	0000000000000	00000000000000	000000000100000000	0000000000000	00000000000	000000010010000
00000000000	000100100000	0000000	0000000000000	00000110000001	000101000000000000	0000000000000	00000000000	000100001000000
00000000000	000000100000	0000000	0000000000000	00000000000000	000000000000000000	0000000000000	00000000000	100000000001000
00000000000	000100100000	0000000	0000000000000	00000110000001	000101000000000000	0000000000000	00000000000	000100001000000
00101000000	000000100000	0000000	0000000000000	00000000000000	000000000000000000	0000000000000	00010000000	000000000000000
00000000001	000000100000	0000000	0000000000000	00000000000000	000000000000000000	0000000100000	00000000000	000000000000000
00010000000	000000100000	0000000	0000000000000	00000000000000	000000000000000000	0000000100000	00000000000	000000000000000
00000000000	000100100000	0000000	0000000000000	00000110000000	000001000000000000	0000000000000	00000000000	000100000000000
00000010000	000000001000	0000000	1000000000000	00000000000000	010000000000000000	0000000000100	00000000000	000000000000000
00000000000	000100100000	0000000	0000000000000	00000110000001	000101000000000000	0000000000000	00000000000	000100001000000
01000000000	000000100000	0000000	0000000011100	00000000000000	000000000000010000	0000000000000	00000000000	001000000000000
10000000000	000000100100	0000010	0000100000000	00000000000010	000000000010000000	0000000001000	00000000000	000000000000000
00000000000	000000100100	0000010	0000100000000	00000000000010	000000000010000000	0000000001000	00000000000	000000000000000
00000000100	000000100000	0001000	0000000000000	00000000000000	000000000100000000	0000000000000	00000000000	000000000010000
00000000000	000000100000	0000000	0000000000000	00000000000000	000000000000000000	0000000000000	00000000000	000000000000000
00000000001	000000100000	0000000	0000000000000	00000000000000	000000000001000000	0000000100000	00000000000	000000000000000
00000000000	000000100100	0000010	0000100000000	00000000000010	000000000010000010	0000000001000	00000000000	000000000000000
00010000000	000000100000	0000000	0000000000000	00000000000000	000000000000000000	0000000100000	00000000000	000000000000000
00000000000	000100100000	0000000	0000000000000	00000110000000	000001000000000000	0000000000000	00000000000	000100000000000
00000000001	000000100000	0000000	0000000000000	00000000000000	000000000001000000	0000000100000	00000000000	000000000000000
00010000000	000000100000	0000000	0000000000000	00001000000000	000000000000000000	0000000100000	00000000000	000000000000000
00000001000	000010100000	0000000	0000000000000	00000000100000	000000000000000100	0000100000000	00000010000	000000000100000
00000000000	000100100000	0000000	0000000000000	00000110000001	000101000000000000	0000000000000	00000000000	000100001000000
00000000000	000000100100	0000010	0000100000000	00000000000010	000000000010000000	0000000001000	00000000000	000000000000000
00010000000	000000100000	0000000	0000000000000	00001000000000	000000000000000000	0000000100000	00000000000	000000000000000
00000010000	000000001000	0000000	1000000000000	00000000000000	010000000000000000	0000000000100	00000000000	000000000000000
00100000000	000000100000	0100000	0000000000000	00000000000000	000000000000000000	0000000000000	00010000001	000000000000000
00000000000	100000100000	0000000	0000100100000	00000000000000	000000010000000000	0000000001000	00000000000	000000000000000
00000000000	000100100000	0000000	0000000000000	00000110000001	000101100000000000	0000000000000	00000000000	000100001000000
00000001000	000010100000	0000000	0000000000000	00000000100000	000000000000000100	0000100000000	00000010000	000000000100000
00000000000	000000100100	0000010	0000100000000	00000000000010	000000000010000000	0000000001000	00000000000	000000000000000
00000001000	000010100000	0000000	0000000000000	00000000100000	000000000000000100	0000100000000	00000010000	000000000100000
00000000000	000100100000	0000000	0000000000000	00000110000001	000101000000000000	1000000000000	00000100000	000100001000000
00000000000	000000100100	0000010	0000100000000	00000000000010	000000000010000010	0000000001000	00000000000	000000000000000
00000001000	000010100000	0000000	0000000000000	00000000100000	000000000000000100	0000100000000	00000010000	000000000100000
00000000000	000000100000	0001000	0000000000000	00000000000000	000000000100000000	0000000000000	00000000000	000000000010000
00000000000	000000100000	0001000	0000000000000	00000000000000	000000000100000000	0000000000000	00000000000	000000010010000
00000000000	000100100000	0000000	0000000000000	00000110000000	000001000000000000	0000000000000	00000000000	000100000000000
00000001000	000010100000	0000000	0000000000000	00000000100000	000000000000000100	0000100000000	00000010000	000000000100000
00010000000	000000100000	0000000	0000000000000	00000000000000	000000000000000000	0000000100000	00000000000	000000000000000
00000001000	000010100000	0000000	0000000000000	00000000100000	000000000000000100	0000100000000	00000010000	000000000100000
00000000000	000000100000	0000000	0000000000000	00010000000000	000000000000000000	0000000000000	00001000000	000000000000000
00000000000	000100100000	0000000	0000000000000	00000110000001	000101000000000000	0000000000000	00000000000	000100001000000
00000001000	000010100000	0000000	0000000000000	00100000100000	000000000000000100	0000100000000	00000010000	010000000100000
00000000000	000100100000	0000000	0000000000000	00000110000001	000101000000000000	0000000000000	00000000000	000100001000000
00010000000	000000100000	0000000	0000000000000	00001000000000	000000000000000000	0000000100000	00000000000	000000000000000
00000000000	000000100000	0000000	0000000000000	00000000000000	000000000000000000	0000000000000	00000000000	000000000000000
00000010000	000000000000	0000000	0000000000000	00000000000000	010000000000000000	0000000000100	00000000000	000010000000000
00000010000	000000000000	0000000	0000000000000	00000000000000	010000000000001000	0000000000100	00000000000	000000000000000
00010000000	000000100000	0000100	0000000000000	00001000000000	000000000000000000	0001000100000	00000000000	000000000000000
00000000000	000000100000	0000000	0000000000000	00010000000000	000000000000000000	0000000000000	00001000000	000000000000000
00000000010	000000110010	0010000	0000000000010	00000000001000	000000000000000000	0000000000000	00000000000	000000000000100
00000000000	010000100000	0000000	0110000000000	00000000000000	100000000000100000	0000000000000	01000000000	000000000000000
00101000000	000000100000	0000000	0000000000000	00000000000000	000000000000000000	0000000000000	00010000000	000000000000000
00010000000	000000100000	0000000	0000000000000	00000000000000	000000000000000000	0000000100000	00000000000	000000000000000
00000000000	000000100000	0000000	0000000000000	00000000000000	000000000000000000	0000000000000	00000000000	000000000000000
00000010000	000001000000	0000000	0000000000000	00000000000000	010000000000001000	0000000000100	00000000000	000000000000000
00000000000	000000100100	0000010	0000100000000	00000000000010	000000000010000010	0000000001000	00000000000	000001000000000
00000001000	000010100000	0000000	0000000000000	00000000100000	000000000000000100	0000100000000	00000010000	000000000100000
01000000000	000000100000	0000000	0000000010100	00000000000000	000000000000010000	0000000000000	00000000000	001000000000000
00000000000	000000100000	0000000	0000000000000	00000000000000	000000000000000000	0000000000000	00000000000	000000000000000
00000000010	000000110010	0010000	0000000000000	00000000001000	000000001000000000	0000000000000	00000000000	000000000000100
00000000000	000100100000	0000000	0000000000000	00000110000001	000101000000000000	0000000000000	00000000000	000100001000000
00100000000	000000100000	0000000	0000000000000	00000000000000	000000000000000001	0000000000000	00110000000	000000000000001
00000000000	000000100000	0001000	0000000000000	00000000000000	000000000100000000	0000000000000	00000000000	000000000010000
00000000010	000000110010	0010000	0000000000001	00000000001000	000000001000000000	0000000000000	00000000000	000000000000100
00000000010	000000110010	0010000	0000000000010	00000000001000	000000000000000000	0000000000000	10000000000	000000000000100
00010000000	000000100000	0000000	0000000000000	00000000000000	000000000000000000	0000000100000	00000000000	000000000000000
00000000000	000000100000	0001000	0000000000000	00000000000000	000000000100000000	0000000000000	00000000000	000000010010000
00000000000	000000100100	0000010	0000100000000	00000000000010	000000000010000000	0000000001000	00000000000	000000000000000
00000000000	000000100000	0000000	0000100000000	00000000010000	000000010000000000	0100000011001	00000001000	000000100000000
01000000000	000000100000	0000000	0000000010100	00000000000000	000000000000010000	0000000000000	00000000000	001000000000000
00000000000	000000100000	0000000	0000000000000	00010000000000	000000000000000000	0000000000000	00001000000	000000000000000
00000000000	000100100000	0000000	0000000000000	00000110000000	000001000000000000	0000000000000	00000000000	000100000000000
00000000000	000000100000	0000000	0000000000000	00010000000000	000000000000000000	0000000000000	00001000000	000000000000000
00000000000	000100100000	0000000	0000000000000	00000110000001	000101000000000000	1000000000000	00000100000	000100001000000
00000100000	001000100000	0000000	0000000000000	00010000000000	000000000000000000	0000000000000	00001000000	000000000000010
01000000000	000000100000	0000000	0000000010100	00000000000000	000000000000010000	0000000000000	00000000000	001000000000000
00000001000	000010100000	0000000	0000000000000	00000000100000	000000000000000100	0000110000000	00000010000	000000000100000
00000000000	000000100100	0000010	0000100000000	00000000000010	000000000010000000	0000000001000	00000000000	000000000000000
00000000000	000100100000	0000000	0000000000000	00000110000001	000101000000000000	0000000000000	00000000000	000100001000000
00000000000	000000100100	0000010	0000100000000	00000000000010	000000000010000000	0000000001000	00000000000	000000000000000
00010000000	000000100000	1000000	0000000000000	00000000000000	000010000000000000	0000000100000	00000000000	000000000000000
00010000000	000000100000	0000000	0000000000000	00000000000000	000000000000000000	0000000100000	00000000000	000000000000000
00000000000	000000100000	0000000	0000100000000	00000000000000	000000010000000000	0000000001000	00000000000	000000000000000
00000000000	000100100000	0000000	0000000000000	00000110000001	000101000000000000	0000000000000	00000000000	000100001000000
00101000000	000000100000	0000000	0000000000000	00000000000000	000000000000000000	0000000000000	00010000000	000000000000000
00000000000	000000100000	0000001	0000010000000	00010000000000	000000000000000000	0000000000000	00001000000	000000000000000
00010000000	000000100000	1000000	0000000000000	00000000000000	000010000000000000	0000000100000	00000000000	000000000000000
00000000000	000000100000	0000000	0000100000000	00000000000000	000000010000000000	0000000001000	00000000000	000000000000000
