000000000	0000000100010000000
000000000	0000000000000000000
000000000	0000000000000000000
000000000	0000000000000000000
000000000	0000000000000000001
000000000	0000000000000000000
000000000	0000001000000000000
000000000	1000000000010000000
000000000	0000000000010000000
000000000	0000000000010010000
000000000	0000000000000000000
001000000	0000000000000000000
000000000	0000000000000000000
000010000	0000000000100000000
000000000	0000000000000000000
000000000	0000000000000000000
000000010	0000000000011000000
000000000	0000000000000000000
000000010	0000000000010000000
000000000	0000000000000000000
000000010	0000000000010000000
000000000	0000000000000000000
000000000	0000000000000000000
000000000	0000000000000000000
000000010	0000000000011000000
000000000	0000000000000000001
000000000	0000000000000001000
000000000	0000000000000000000
000000010	0000000000010000000
000000000	0000000000010000000
000000001	0000000000000000000
000000000	0000000010000000000
000000000	0000000000010000000
000000000	0000000000000000000
000000000	0000000000010010000
000000000	0001000000000000000
000100000	0000001000000000000
010000000	0000000000000000000
000000000	0000000000010000000
000000000	0000000000000000000
000000000	0000000000000000001
000000000	0000000000010010000
000000000	0000000000000000000
000000000	0000000000000000000
000000000	0000000000010000000
000000000	0000000000010000000
100000000	0000100000010000000
000000000	0000000000000000001
000000000	0000001000000000000
000000000	0000000000000000000
010000000	0000000000000000000
000000000	1000000000010000000
000000000	0000100000010000100
000000000	0000000000000000000
000000000	0000000000010010000
000000000	0000000000000000011
000000000	0000000000000000000
000000000	0000000000000000000
000000000	0000001000000000000
000000000	0000000000000000000
000000010	0000000000011000000
000000000	0000000000000000000
000000000	0000000000000000000
000000000	0000000000000000000
000000000	0000100000010000000
000000000	0001000000000000000
000000000	0000001000000100000
000000100	0000000000000000000
000000000	0000000000000000000
000000000	0000000000000000000
000000000	0000000000000000000
000000000	0000000000010000000
000000000	0100000000000000000
000000000	0000000000000000000
000000000	0000001000000000000
000000000	0000001001000000000
000000000	0000000000000000000
000000000	0000000000000000000
000000000	0000000000000000000
000000000	0000000000000000000
000000010	0000000000010000000
000000000	0000000000000000000
000000000	0000001000000000000
000000000	0000100000010000000
000000000	0000000000000001000
000000000	0000000000000000000
000000000	0000000000010000000
000000000	0000000000000000000
000000000	0000000000000000000
000000000	0000000000000000000
010000000	0000000000000000000
000000000	0000000000000000000
000001000	0000000000010000000
000000000	0000000000000000000
000000000	0000000000000000000
000000000	0000001000000000000
000000000	0000000000000000000
000000000	0000000000000000000
000000000	0000000000000000000
000000000	0000001000000100000
000000010	0010000000010000000
000000010	0000000000010000000
000000000	0000000000000000000
000000000	0000000000000000000
000000010	0010000000010000000
000000100	0000000000000000000
000000000	0000000000000000001
000000000	0000000000010000000
000000000	0000000000000000000
000000010	0000000000010000000
000000000	0000011000000000000
000000000	0000000000000000000
000000000	0000000000000000000
000000000	0000000000000000000
000000000	0000000000010000000
000000000	0000001000000000000
000000000	0000000000010000000
000000000	0000000000000000000
000000000	0000001000000000000
000000000	0000001000000000000
000000000	0000001000000000000
000000000	0000001001000000000
000000000	0000000000000000000
000000000	0000000000000000000
010000000	0000000000000000000
000000000	1000000000010000000
000000000	0000001000000000000
000000000	0000001000000000000
000000000	0000000000010000000
000000000	0000001000000000000
000000000	0000000000000000000
000000010	0000000000010000000
000000000	0000000000000000000
000000010	0000000000010000000
000000000	0000001000000000000
000000000	0000001000000000000
000000000	0000000000000000000
000000000	0000001000000000000
000000000	0000000000000000000
000000000	0000100000010000000
000000000	0000001000000000000
000000000	0000001000000000000
000000000	0000001000000000000
000000000	0000000000010000000
000000000	0000001001000000000
000000000	0000000000000000000
000000000	0000001000000000000
000000000	0000001000000000000
000000000	0000000000000000000
000000000	0000000000000000000
