000000000	00000000	00000000000000000000	00000000000000	00000000000	0000000
000000000	00000000	00000000000000000000	10000000100000	00000000000	0000010
000000000	00000000	00000000000000000000	10000000100000	00000000000	0000010
000000000	00000000	00000000000000000000	00000000000000	00100000000	0000000
000000000	00000000	00000000000000000000	10000000100000	00000000000	0000010
000000000	00000100	00000000000000000000	00000000000000	00000000000	0000000
000000000	00001000	00000000000000000000	00000000000000	00000000000	0000000
000000000	00000000	00000000000000000000	10000000100010	00000000000	0000010
000000000	00000100	10000000000000000000	00000000000000	00000000000	0000000
000000001	00000000	00000000000000000000	00000000000000	00000000000	0000000
000000000	00000000	00000000000000000000	00000000000000	01000010110	0000000
000000000	00000000	00000010000000000000	00000000000000	00001000000	0100000
000000000	00000000	00000000000000000000	00000000000000	00000000000	0000100
000100000	00000000	01000000000000000000	00000000000000	00000000000	0000000
000000000	00000000	00000000000000100000	00000100000000	00000001000	0000000
000000000	00000000	00100000000000000000	00000000000000	00000000000	0000100
000000000	00000000	00000000000000000000	10000000100000	00000000000	0000010
000000000	00000100	00000000000001000000	00000000000000	00000000000	0000000
000000110	00000010	00000001000000000000	00000000000000	00000010000	0000000
000000000	00000000	00000100000000000000	00000000000000	00100000000	0000000
000000000	00000000	00000000000000000010	00000000000000	01000010110	0000000
000000000	00000000	00000000000000000000	00000000000000	00000000000	0000000
000000010	00000000	00000000000000000000	00000000000000	00000010000	0000000
110010000	00000000	00000000000100000000	00000000000000	00000000000	0000000
000000000	00000000	00000000000000000000	10000000100000	00000000000	0000010
000000000	00000000	00000100000000000000	00000000000000	00100000000	0000000
000000000	00010000	00000000000000000000	00000000000000	01000010000	0000000
000000000	00000000	00000000000000000000	00001000000000	00000000000	0000000
000000000	00000000	00000100000000000000	00000000000000	00100000000	0000000
000000000	00000000	00000100000000000000	00000000000000	00100000000	0000000
000000000	00000000	00000000000000000000	00000000000000	00000000000	0000000
110010000	00000000	00000000000100000000	00000000000000	00000000000	0000000
000000001	00000000	00000000000000000000	00000000000000	00000000000	0000000
000000000	00000000	00000000000000000000	00000000000000	00000000000	0000000
001000000	00000000	00000000000000000000	00000000000000	00000000000	0000000
000000000	00000000	00000000000000000000	00000000000000	01000010110	0000000
001000000	00000000	00000000000000000000	00000000000000	00000000000	0000000
000000000	00000000	00000000000000100000	00000000000000	00000001000	0010001
000000000	00000000	00000000000000100000	00000100000000	00000001000	0000000
000000000	10000000	00010000000000000000	00000000011000	00000000000	0000000
000000000	00000000	00000000000000000000	00000000000000	00000000000	0000000
000000000	00000000	00000000000000000000	10000000100010	00000000000	0000010
001000000	00000000	00000000000000000000	00000000000000	00000000000	0000000
000000000	00000000	00001000000000000000	00000000000000	00000000000	0000000
000000000	00000000	00000000000000100000	00000100000000	00000001000	0000000
000000000	00000000	00000000000000000000	00000000000000	00000000000	0000100
000000000	00000000	00000000000000000000	00000000000000	00000000000	0000000
000000000	00000000	00000010000000000000	00000000000000	00001000000	0100000
000000000	00000000	00000000000000000000	00000000000000	00000000000	0000000
001000000	00000000	00000000000000000100	00000010000000	00000100000	0000000
000000000	00000000	00000010000000000000	00000000000001	00011000000	0100000
000000000	00000000	00000000000000000000	00000000000000	00000000000	0000000
000000000	00000000	00000010000000000000	00000000000001	00011000000	0100000
000000000	00000000	00000000000000000000	10000000100000	00000000000	0000010
000000000	00000000	00000000000000100000	00000000000000	00000001000	0000000
000000000	00000000	00000000000000100000	00000100000000	00000001000	0000000
000000000	00000000	00000000000000000001	00000000000000	00000000000	0000000
001000000	00000000	00000000000000000000	00000000000000	00000000000	0000000
000000000	00000000	00000000000000000000	00000000000000	00000000000	0000000
000000000	00000000	00000000000000000000	00000000000000	00000000000	0000000
000000000	00000000	00100000000010000000	00000000000000	00000000000	0000100
000000000	00000000	00000100000000000000	00000000000000	00100000000	0000000
000000001	00000000	00000000000000000000	00000000000000	00000000000	0000000
000000000	00100000	00000010000000000000	01000000000000	00001000000	0100000
000000000	00000000	00000000000000000000	10000000100000	00000000000	0000010
000000000	00000000	00000000000000100000	00000100000000	00000001000	0000000
000000000	00000001	00000000000000100000	00000101000000	00000001000	0000000
000000000	00000000	00000000000000100000	00000000000000	00000001000	0000000
001000000	00000000	00000000000000000000	00000000000000	00000000000	0000000
000000000	00000000	00000000000000100000	00000100000000	00000001000	0000000
000000000	00000000	00000010000000000000	00000000000001	00011000000	0100000
010010000	00000000	00000000000000000000	00000000000000	10000000000	0000000
000000000	00000000	00000010000000000000	00000000000000	00001000000	0100000
000000000	00000000	00000100000000000000	00000000000000	00100000000	0000000
000000000	00000000	00000000000000000000	00000000000000	00000000000	0000000
000000110	00000010	00000001000000000000	00000000000000	00000010000	0000000
000000000	00000000	00100000000000000000	00000000000000	00000000000	0000100
000000000	00000000	00000000000000000000	00000000000000	00000000000	1000000
000000000	01000000	00100000000000000000	00000000000000	00000000000	0000100
000100000	00000000	01000000000000000000	00000000000000	00000000000	0000000
000000000	00000000	00000100000000000000	00000000000000	00100000000	0000000
000000000	00000000	00000000000000100000	00000100000000	00000001000	0000000
001000000	00000000	00000000000000000000	00000000000000	00000000000	0000000
000000000	00000000	00000100000000000000	00000000000000	00100000000	0000000
000000000	00000000	00000100000000000000	00000000000000	00100000000	0000000
000000110	00000010	00000001000000000000	00000000000000	00000010000	0000000
000000000	00000000	00000000000000000000	00000000000000	00000000000	0000000
001000000	00000000	00000000000000000000	00000000000000	00000000000	0000000
010010000	00000000	00000000001000000000	00000000000000	00000000000	0000000
000000000	00000000	00100000000010000000	00000000000000	00000000000	0000100
000000000	00000000	00000000000000000000	00000000000000	00000000000	0000000
000000000	00000000	00000000000000100000	00000100000000	00000001000	0000000
000000001	00000000	00000000000000000000	00000000000000	00000000000	0000000
000000000	00000000	00000010000000000000	00000000000001	00011000000	0100000
000000000	00000000	00000010000000000000	00000000000001	00011000000	0100000
000000000	00000100	00000000000001000000	00000000000000	00000000000	0000000
010010000	00000000	00000000001000000000	00000000000000	00000000000	0000000
000000000	00000000	00000000000000000000	10000000100000	00000000000	0000010
000000000	00000000	00000000000000000000	00000000000000	01000010110	0000000
000000000	00000000	00000000000000000000	00000000000000	00100000000	0000000
000000000	00000000	00000000000000000000	00000000000000	00000000000	0000100
000000000	00000000	00000000000000100000	00000100000000	00000001000	0000000
000000010	00000010	00000000000000000000	00000000000000	00000010000	0000000
000000000	00000000	00000000000000000000	00000000000000	00000000000	0000000
001000000	00000000	00000000000000000000	00000000000000	00000000000	0000000
000000000	00000000	00000010000000000000	00000000000000	00001000000	0100000
000000000	00000000	00000000010000000000	00000000000000	00000000000	0001000
000000000	00000000	00000000000000000000	00000000000000	00100000000	0000000
000000000	00000000	00000000000000000000	00000000000000	00000000000	0000000
000000000	00000000	00000000000000000000	00000000000000	00100000000	0000000
000000000	00000000	00000000000000000000	00100000000000	00000000000	0000000
000000000	00000000	00000000000000000000	00000000000000	00000000000	0000000
000000000	00000000	00000000000000100000	00000100000000	00000001000	0000000
000000000	00000000	00000000100000000000	00000000000000	00000000001	0000000
000000000	00000000	00000010000000011000	00000000000000	00001000000	0100000
001000000	00000000	00000000000000000000	00000000000000	00000000000	0000000
000000010	00000010	00000000000000000000	00000000000000	00000010000	0000000
000000000	00000000	00000010000000011000	00000000000000	00001000000	0100000
000000110	00000010	00000001000000000000	00000000000000	00000010000	0000000
000000000	00000000	00000100000000000000	00000000000000	00100000000	0000000
000000000	00000000	00000010000000000000	00000000000000	00001000000	0100000
000000000	00000000	00000000000000000000	00000000000000	00000000000	0000100
000000000	00000000	00000000000000000000	10000000100000	00000000000	0000010
000000000	00010000	00000000000000000000	00000000000000	01000010000	0000000
000000000	00000000	00000000000000100000	00000100000000	00000001000	0000000
000000110	00000010	00000001000000000000	00000000000000	00000010000	0000000
000000000	00000100	00000000000000000000	00000000000000	00000000000	0000000
000000000	00000000	00000010000000011000	00000000000000	00001000000	0100000
000001000	00000000	00000000000000100000	00000000000000	00000001000	0000000
110010000	00000000	00000000000100000000	00000000000000	00000000000	0000000
000000000	00000000	00000000000000000000	00000000000000	00100000000	0000000
000000000	00000000	00000010000000011000	00000000000000	00001000000	0100000
000000000	00010000	00000000000000000000	00000000000000	01000010000	0000000
000000000	00000000	00000010000000000000	00000000000000	00001000000	0100000
000000000	00001000	00000000000000000000	00000000000000	00000000000	0000000
000000000	00000000	00000000000000000000	10000000100000	00000000000	0000010
000000000	00100000	00000010000000000000	01000000000000	00001000000	0100000
000000000	00000000	00000000000000000000	10000000100000	00000000000	0000010
000000000	00000000	00000000000000000000	00000000000000	00000000000	0000000
000000000	00000000	00000000000000000000	00010000000000	00000000001	0000000
000100000	00000000	01000000000000000000	00000000000000	00000000000	0000000
000000000	00000000	00000010000000000000	00000000000000	00001000000	0100000
000000010	00000000	00000000000000000000	00000000000000	00000010000	0000000
000000000	00000000	00000000000000100000	00000100000000	00000001000	0000000
010010000	00000000	00000000000000000000	00000000000000	10000000000	0000000
000000000	00000000	00000010000000000000	00000000000000	00001000000	0100000
000000000	00000001	00000000000000100000	00000101000000	00000001000	0000000
000000000	00000000	00000000000000000000	10000000100010	00000000000	0000010
000000000	00000000	00000000000000000000	00000000000000	00000000000	0000000
000000000	10000000	00010000000000000000	00000000011100	00000000000	0000000
