00000000100	00000000	00000000000000	10000000	000000000	00000000000000
00000000000	00000000	00000000000000	00000000	000000000	00000000000000
00001000000	00000000	00000000000000	00000000	000000000	00000000000000
00000010000	00000000	00000000000000	00000000	000000000	00000000000000
00000010000	00000000	00000000000000	00000000	000000000	00000000000000
00000000000	00000000	01000000000010	00000000	000000000	00000000000000
00000000001	00000000	00000000000100	00000000	000000000	00000000000001
00000010000	00000000	00000000000000	00000000	000000000	00000000000000
00000000000	01000000	00000000000000	00010000	000000000	00000000000000
00000000000	00000000	00000000000010	00000000	000000000	00000000000000
00100000000	00000000	00000000000000	00000000	000000000	01000000000100
00000000000	00000000	10000000010000	00000000	000100000	00000000000000
00000000000	00000000	00000000000000	00000000	000100000	00000000000000
00000000000	00000000	00000000000001	00000010	000000000	00000000000000
00001000000	00000000	00000000000000	00000000	000000000	00000000000000
00000000001	00000000	00000000000100	00000000	000000000	00000000000001
00000000000	00000000	00000000000000	00000000	000000000	00100000000000
00000000000	00000000	00000000000010	00000000	000000000	00000000000000
00000000000	00000100	00001000000000	00100000	000000000	00000000000010
00000000000	00000010	00000000000000	00000000	000000000	10000000000000
00000000000	00000010	00000000000000	00000000	000000000	10000000000000
00000000000	00000001	00000100000000	00000001	000000000	00000000000000
00000000000	00000000	00000000000010	00000000	000000000	00000000000000
00000000001	00000000	00000000000100	00000000	000000000	00000000000001
00000000000	00000000	00000000000000	00000000	000000000	00000001000000
00000000000	00000000	00000000000010	00000000	000000000	00000000000000
00001000000	00000000	00000000000000	00000000	000000000	00000000000000
00000000000	00000000	00000000000010	00000000	000000000	00000000000000
00000000001	00000000	00000000000100	00000000	000001001	00000000000001
00000010000	00000000	00000000000000	00000000	010000000	00000000000000
00000000000	00000000	00000000001000	00000000	000000000	00000001000000
00000000000	00000000	00000000000000	00000000	000000000	00000000000000
01000000000	00001000	00010000000000	00000000	000000000	00000000000000
00000000000	00000000	00000000000000	00000000	000000000	00000001000000
00000000000	00000000	00000000000000	00000000	000100000	00000000000000
00010000000	00000000	00000000000000	00000000	000000000	00000000000000
00000000000	00000001	00000100000000	00000001	000000000	00000000000000
00000000000	00000000	00000000000001	00000010	000000010	00000000000000
00100000000	00000000	00000000000000	00000000	000010000	00000000000000
00000000000	00000000	00000000000000	00000000	000000000	00000100000000
00000000000	00000000	00000000100000	00000000	000000000	00000000000000
00000010000	00000000	00000000000000	00000000	000000000	00000000000000
00000000000	00000000	00000000000001	00000010	000000000	00000000000000
00100000000	00000000	00000000000000	00000000	000000000	01000000000100
00000000000	01000000	00000000000000	00010000	000000000	00000000000000
00000000000	00000010	00000000000000	00000000	000000000	10000000000000
00000100000	00000000	00000000000000	00000000	000000000	00010000000010
00000000010	00000000	00000000000000	00000000	000000000	00000000000000
00000000000	00000000	00000000000010	00000000	000000000	00000000000000
00000000000	00000000	00000000000000	00000000	000000000	00000000001000
00000000000	00000000	00000000000010	00000000	100000000	00000000000000
00000100000	00000000	00000000000000	00000000	000000000	00010000000010
00000000000	00000100	00001000000000	00100000	000000000	00000000000010
00000000000	00000010	00000000000000	00000000	000000000	10000000000000
00000000000	00000000	00000000000000	00000000	000000000	00000000000000
00000000000	00000000	00000000000010	00000000	000000000	00000000000000
00000000000	00000000	00000000000000	00000000	000000000	00000000001000
00000000000	00000000	00000000000001	00000000	000000000	00000000000000
00000000000	00000000	00000000000010	00000000	000000000	00000000000000
00000010000	00000000	00000000000000	00000000	000000000	00000000000000
00000000000	00000000	00000000000000	00000000	001000000	00000000000000
00000000000	00000000	00000000000000	00000000	000000000	00000000000000
00000000000	00000000	00000000000010	00000000	000000000	00000000000000
00000010000	00000000	00000010000000	00000000	000000000	00000000000000
00000000000	00000000	00000000000000	00000000	000000000	00000000000000
00000000000	00000000	00000000000000	00000000	000000000	00000000000010
00000010000	00000000	00000000000000	00000000	000000000	00000000000000
00000000000	00000000	00000001010000	00000000	000100000	00000000000000
00000000000	00000000	00000000000000	00000000	000000000	00000000000000
00000000000	00000000	00000000000000	00000000	000000000	00000010000000
00000000000	00000001	00000100000000	00000001	000000000	00000000000000
00000000000	00000000	00000000000010	01000000	000000000	00000000000000
00000000000	00000000	00000000000000	00000100	000000000	00000000000000
00000000000	00000000	00000000000000	00000000	000000000	00000000000010
00000000000	00000000	00000000000010	00000000	000000000	00000000000000
00000000000	00000000	00000000000000	00000000	000000000	00001010010000
01000000000	00001000	00010000000000	00000000	000000000	00000000000000
00001000000	00000000	00000000000000	00000000	000000000	00000000000000
00000000000	00000000	00000000000001	00000010	000000010	00000000000000
00000000001	00000000	00000000000100	00000000	000001000	00000000000001
00000000000	00000000	00000000000010	00000000	000000000	00000000000000
01000000000	00001000	00010000000000	00000000	000000000	00000000000000
00001000000	00000000	00000000000000	00000000	000000000	00000000000000
00000001000	00000000	00000000000000	00001000	000000000	00000000100000
00000000000	00000000	00000000000000	00010000	000000000	00000000000000
00000000000	10000000	00000000000000	00000000	000000000	00100000000000
00000000000	00000000	00000000000010	00000000	000000000	00000000000000
00000000000	00000000	00000000000000	00000000	000000000	00000000000000
00000000000	00000000	00000000000000	00000000	000100000	00000000000000
00000000000	00000000	00000000000000	00000000	000000000	00000001000000
00000000010	00000000	00000000000000	00000000	000000000	00000000000000
00000000000	00000100	00001000000000	00100000	000000000	00000000000010
00100000000	00000000	00000000000000	00000000	000010000	00000000000000
00100000000	00000000	00000000000000	00000000	000010000	00000000000000
00100000000	00000000	00000000000000	00000000	000000000	00000000000100
00000000000	00000000	00000000000000	00000100	000000000	00000000000000
00000000000	00000000	00000000000000	00000000	000000000	00100000000000
00000000000	00000000	01000000000010	00000000	000000000	00000000000000
00000000000	00000000	00000000000000	00000000	000000000	00000000000010
00000000000	00000000	00000000000010	00000000	000000000	00000000000000
00000010000	00000000	00000000000000	00000000	010000000	00000000000000
00001000000	00000000	00000000000000	00000000	000000000	00000000000000
00000000000	00100010	00000000000000	00000000	000000000	10000000000000
00001000000	00000000	00000000000000	00000000	000000000	00000000000000
00000000000	00000000	00000000000000	00000000	000000000	00000000000000
00000000000	00000000	00000000000010	00000000	000000000	00000000000000
00000000000	00000000	00100100000000	00000000	000000000	00000000000000
00000000000	00000000	00000000000000	00000000	000000000	00000000000000
00000000000	00000010	00000000000000	00000000	000000000	10000000000000
00000000000	00000010	00000000000000	00000000	000000000	10000000000000
00000000000	00000000	00000000000000	00000000	000000000	00000000000000
00001000000	00000000	00000000000000	00000000	000000000	00000000000000
00000000010	00000000	00000000000000	00000000	000000000	00000000000000
00000000000	00010000	00000000000000	00000000	000000000	00000000000010
00000010000	00000000	00000000000000	00000000	000000000	00000000000000
00000000000	00000000	00000000000001	00000010	000000000	00000000000000
00000000000	00000000	00000000000000	00000000	000000000	00000010000000
00100000000	00000000	00000000000000	00000000	000010000	00000000000000
00000000000	00000000	00000000000000	00000000	000000000	00000000000000
00000000000	00000010	00000000000000	00000000	000000000	10000000000000
00000000000	00000000	00000000000010	00000000	000000000	00000000000000
00000000000	00000000	00000000000000	00000000	000000000	00000000000000
00000000000	00000000	00000000000000	00000000	000000000	00100000000000
00000010000	00000000	00000000000000	00000000	000000000	00000000000000
00001000000	00000000	00000000000000	00000000	000000000	00000000000000
00000000000	00000000	00100100000000	00000000	000000000	00000000000000
00000010000	00000000	00000000000000	00000000	000000000	00000000000000
00000010000	00000000	00000000000000	00000000	000000000	00000000000000
00000010000	00000000	00000010000000	00000000	000000000	00000000000000
00010000000	00000000	00000000000000	00000000	000000000	00000000000000
00000000000	00000000	00000000000000	00000000	000000000	00000000000000
00000000000	00000000	00000000000000	00000000	000000000	00000000000000
00000000000	00000010	00000000000000	00000000	000000000	10000000000000
00000000000	00000000	00000000000000	00000000	000000000	00000010000000
00000000000	00000000	00000000000000	00000000	000000000	00000000000000
00000000000	00000000	00000000000000	00000000	000000000	00000000000000
00000000000	00000100	00001000000000	00100000	000000000	00000000000010
00000000000	00000010	00000000000000	00000000	000000000	10000000000000
00000000001	00000000	00000000000100	00000000	000001000	00000000000001
00000000000	00000000	00000000000010	00000000	000000000	00000000000000
00000000000	00000010	00000000000000	00000000	000000000	10000000000000
10000000000	00000000	00000000000000	00000000	000000100	00000000000000
00000000000	00000000	00000000000000	00000000	000000000	00000000000000
00000000000	00000000	00000000000000	00000100	000000000	00000000000000
00000000000	00000010	00000000000000	00000000	000000000	10000000000000
00001000000	00000000	00000000000000	00000000	000000000	00000000000000
00000000000	00000000	00000000000010	00000000	000000000	00000000000000
00000000000	00000100	00001000000000	00100000	000000000	00000000000010
00010000000	00000000	00000000000000	00000000	000000000	00000000000000
00000000000	00000000	00000000000010	00000000	000000000	00000000000000
