000001100000	000000000000001	00000000	0000000000000000000	0000000000000	000000001000010001
000000000000	000000000000000	00000000	0000000000000001000	0000100000000	000000000000100010
000000000000	000000000000000	00010000	0000000000010010000	0001000000000	000000000000000000
000000000000	000000000000000	00000100	0000000000000001000	0000100000000	000000000000100010
000000000000	000000000000000	00100001	0000000001000000000	0000010000000	000000000000000000
000000000000	001000000000000	00000001	0000000001000000000	0000000000000	000000000000000000
000000000000	000000000000000	00010000	0000000000010000000	0001000000000	000000100000000000
000000000000	000000000000000	00100001	0000000001000000000	0000010000000	000000000000000000
000000000000	000000000100000	00000000	0000000010000000001	0000000000000	000000000010000100
000000000000	000000000000000	00000000	0000000000000001000	0000100000000	000000000000100010
000000000000	000000000000000	00100001	0000000001000000000	0000000000000	000000000000000000
000000000000	000010000000000	00001001	0000000001000000000	0000000000100	000000000000000000
000000000000	000010000000000	00001001	0000000001000000000	0000000000100	000000000000000000
000000000000	001000000000000	00000001	0000000001000000000	0000000000000	000000000000000000
000000000000	000010000000000	00001001	0000000001000000000	0000000000100	000000000000000000
000000000000	000000000000000	00000000	0010000000000100000	0000000000000	000000000000000000
000000000000	000000000000000	00000000	0010000000000100000	0000000000000	000000000000000000
000000000000	000000000000000	00010000	0000000000010000000	0001000000000	000000000000000000
000000000000	000000000000100	00000000	0001000000000000000	1000000100000	000000000000000000
000000000000	000000000000000	00000001	0000000101000000000	0000000000000	000000000000000000
000000000000	000000000000000	00100001	0000000001000000000	0000000000000	000000000000000000
000000000000	000000000000100	00000000	0001010000000000000	1000000100000	000000000000000000
000000000000	000000001000100	00000000	0000000000000000000	1000000100000	000000000000000000
000000000000	000000000000000	00000000	0000000000000001000	0000100000000	000000000000100010
000000000000	000000000000000	00000000	0000000000000001000	0000100000000	000000000000100010
000000000000	000000000000000	00000000	0000000000000001000	0000100000000	000000000000100010
000100000010	000000000000000	00000000	0000000000000100100	0000000000000	000000000000000000
000000000000	000000000000000	00000000	0000000000000001000	0000100000000	000000000000100010
000000000000	000000010000000	00000001	0000000001000000000	0000000000000	000000000001000000
000000000000	000000000000000	00000000	0000000000000001000	0000100000000	000000000000100010
000000000000	000001000000110	00000000	0000000000100000000	1000000100000	000000000000000000
000000010000	000000000000100	00000000	0000000000000000000	1000000100010	000000000000000000
000000000000	000000100100000	00000000	0000000010000000001	0000000000000	000000000010000100
000000000000	000000000000000	00100001	0000000001000000000	0000000000000	000000000000000000
000000000000	000100000000000	00010000	0000000000010010000	0001000000000	000000000100000000
000000000000	000000000000000	00000000	0000000000001100000	0000000000000	000000000000000000
000000000000	000000000000000	00010000	0000000000010000000	0001000000000	000000000000000000
000001100000	000000000000001	00000000	0000000000000000000	0000000000000	000000001000010001
000000000000	000000000000000	00000010	1000000000000001000	0000100000000	000000000000100000
000000000000	000000000000000	00010000	0000000000010010000	0001000001000	000000000000000000
000000000000	000010000000000	00001001	0000000001000000000	0000000000100	000000000000000000
000000000000	000000000000000	00000000	0000000000000001000	0000100000000	000000000000100010
000000000000	000001000000110	00000000	0000000000000000000	1000000100000	000000000000000000
000000000000	010000000000000	01000000	0000000000000100000	0000000000000	000000000000000000
010000000000	000000000000000	00000000	0000000000000001000	0000100000000	010000000000100000
000000000000	000000000000000	00010000	0000000000010000000	0001000000000	000000000000000000
000001100000	000000000000001	00000000	0000000000000000000	0000000000000	000000001000010001
000000000000	000000000000100	00000000	0001000000000000000	1000000100000	000000000000000000
000000000000	000000000000100	00000000	0001000000000000000	1000000110000	000000000000000000
000000000000	000000000000000	00010000	0000000000010000000	0001000000000	000000000000000000
000000000000	000001000000110	00000000	0000000000000000000	1000000100000	000000000000000000
000100000000	000000000000000	00000000	0000000000000100000	0000000000000	000000000000000000
000010000000	000000000000000	00100001	0100000001000000000	0000000000000	000000000000000000
000000000000	001000000000000	00000001	0000000001000000000	0000000000000	000000000000000000
000000000000	000000000010100	00000000	0001000000000000000	1000000100000	000000000000000000
000000000000	001000000000000	00000001	0000000001000000000	0000000000000	000000000000000000
000010000000	000000000000000	00100001	0100000001000000000	0000000000000	000000000000000000
000000000000	000000000000100	00000000	0001000000000000000	1000000110000	000000000000000000
000000000000	000000000100000	00000000	0000000010000000001	0000000000000	000000000010000100
100100000000	000000000000000	00000000	0000000000000100000	0000000000000	000000000000000000
000000000000	000000000000100	00000000	0001000000000000000	1000000100000	000000000000000000
000000000000	000000000100000	00000000	0000000010000000001	0000000000000	000000000010000100
000000000000	000000000000000	00000001	0000000101000000000	0000000000000	000000000000000000
000000000000	000000000000100	00000000	0001000000000000000	1000000100000	000000000000000000
000000000000	000000000000000	00000000	0000000000000100000	0000000000000	000100000000001000
000000000000	000000000000000	00000001	0000000101000000000	0000000000000	000001000000000000
000000000000	000000000000000	00100001	0000000001000000000	0000000000000	000000000000000000
000000000000	000001000001110	00000000	0000000000000000000	1000000100000	000000000000000000
000100000010	000000000000000	00000000	0000000000000100100	0000000000000	000000000000000000
000000000000	000000000000000	00000001	0000000101000000000	0000000000000	000000000000000000
000000000000	000000010000000	00000001	0000000001000000000	0000000000000	000000000001000000
000000000000	000010000000000	00001001	0000000001000000000	0000000000100	000000000000000000
000000000000	000000000010100	00000000	0001000000000000000	1000000100000	000000000000000000
000000000000	000000000000000	00000000	0000000000000001000	0000100000000	000000000000100010
000000000000	000000000000000	00000000	0010000000000100000	0000001000000	000000000000000000
000001100000	000000000000001	00000000	0000000000000000000	0000000000000	000000001000010001
000000000000	000000000000000	00010000	0000000000010000000	0001000000000	000000100000000000
000000001001	000000000000000	10000001	0000100000000000010	0000000000000	000000000000000000
000000000000	000010000000000	00001001	0000000001000000000	0000000000100	000000000000000000
000000000000	000000000000000	00000000	0000000000001100000	0000000000000	000000000000000000
000000000000	000000000000100	00000000	0001000000000000000	1000000100000	000000000000000000
000000000000	000000000000000	00000000	0010000000000100000	0100000000001	000000000000000000
000000000000	000000000000000	00000000	0000000000001100000	0000000000000	000000000000000000
000000000000	000000000000100	00000000	0001000000000000000	1000000100000	000000000000000000
000000000000	000000000010100	00000000	0001000000000000000	1000000100000	000000000000000000
000000000000	000000000000000	00000000	0010000000000100000	0000000000000	000000000000000000
000000000000	000000000000000	00010000	0000000000010000000	0001000000000	000000100000000000
000100000000	000000000000000	00000000	0000000000000100000	0000000000000	000000000000000000
000000000000	000000000000000	00000000	0000000000000100000	0000000000000	000100000000001000
000000000000	000000000000000	00000000	0000000000000001000	0000100000000	000000000000100010
000100000000	000000000000000	00000000	0000000000000100000	0000000000000	000000000000000000
000000000000	000000000000000	00000000	0000000000000100000	0000000000000	000100000000001000
000000000000	000001000000110	00000000	0000000000000000000	1000000100000	000000000000000000
000000000000	000000000000000	00100001	0000000001000000000	0000000000000	000000000000000000
000000000000	000000000000000	00010000	0000000000010000000	0001000000000	000000000000000000
000000000000	000000000010100	00000000	0001000000000000000	1000000100000	000000000000000000
000000001001	000000000000000	10000001	0000100000000000010	0000000000000	000000000000000000
000000000000	000100000000000	00010000	0000000000010010000	0001000000000	000000000100000000
000000000100	000000000000000	00000000	0010000000000100000	0000000000000	000000000000000000
000000000000	000000000000100	00000000	0001000000000000000	1000000100000	000000000000000000
000000000000	001000000000000	00000001	0000000001000000000	0000000000000	000000000000000000
000000000000	000000000000100	00000000	0001000000000000000	1000000100000	000000000000000000
000000000000	000000000000000	00000001	0000000101000000000	0000000000000	000000000000000000
000000000000	000000000000000	00100001	0000000001000000000	0000000000000	000000000000000000
000000000000	000001000000110	00000000	0000000000000000000	1000000100000	000000000000000000
000000000000	000001000000110	00000000	0000000000000000000	1000000100000	000000010000000000
000000000000	000000000000000	00000100	0000000000000001000	0000100000000	000000000000100010
000000000000	000010000000000	00001001	0000000001000000000	0000000000100	000000000000000000
000000000000	000000000000000	00100001	0000000001000000000	0000010000000	000000000000000000
000000000000	000000000000000	00000000	0010000000000100000	0010001000000	000000000000000000
000000000100	000000000000000	00000000	0010000000000100000	0000000000000	000000000000000000
000000001001	000000000000000	10000001	0000100000000000010	0000000000000	000000000000000000
000100000000	000000000000000	00000000	0000000000000100000	0000000000000	000000000000000000
000000000000	000000001000100	00000000	0000000000000000000	1000000100000	100000000000000000
000100000000	000000000000000	00000000	0000000000000100000	0000000000000	000000000000000000
000000000000	000000000000000	00000000	0000000000001100000	0000000000000	000000000000000000
000000000000	000000000000000	00000001	0000000101000000000	0000000000000	000000000000000000
000000000000	000000000000000	00000000	0000000000001100000	0000000000000	000000000000000000
000000000000	000000000000000	00000100	0000000000000001000	0000100000000	000000000000100010
000000000000	000000000000100	00000000	0001000000000000000	1000000100000	001000000000000000
000000000000	000001000001110	00000000	0000000000000000000	1000000100000	000000000000000000
000000000000	000001000000110	00000000	0000000000000000000	1000000100000	000000000000000000
000000000000	000000000000000	00010000	0000000000010000000	0001000000000	000000000000000000
000000000000	000000000000000	00010000	0000000000010010000	0001000000000	000000000000000000
000000000000	000000000000000	00000001	0000000101000000000	0000000000000	000000000000000000
000000000000	000000000010100	00000000	0001000000000000000	1000000100000	000000000000000000
000000000000	000000000000000	00000001	0000000101000000000	0000000000000	000010000000000000
000000000000	000000000010100	00000000	0001000000000000000	1000000100000	000000000000000000
000000000000	000000000000100	00000000	0001000000000000000	1000000110000	000000000000000000
000000000000	000000000000000	00000000	0000000000000001000	0000100000000	000000000000100010
000000000000	000010000000000	00001001	0000000001000000000	0000000000100	000000000000000000
000000000100	000000000000000	00000000	0010000000000100000	0000000000000	000000000000000000
000000000000	001000000000000	00000001	0000000001000000000	0000000000000	000000000000000000
000000000000	000000100100000	00000000	0000000010000000001	0000000000000	000000000010000100
000000000000	000000000000100	00000000	0001010000000000000	1000000100000	000000000000000000
000000000000	000000000000000	00000000	0000000000000001000	0000100000000	000000000000100010
000000000000	000000000000100	00000000	0001000000000000000	1000000100000	000000000000000000
000100000000	000000000000000	00000000	0000000000000100000	0000000000000	000000000000000000
001000000000	000000000000000	00100001	0000000001000000000	0000000000000	000000000000000000
000000000000	000000001000100	00000000	0000000000000000000	1000000100000	000000000000000000
000000000000	000000000000000	00100001	0000000001000000000	0000000000000	000000000000000000
000000000000	000000000000000	00000000	0000000000000001000	0000100000000	000000000000100010
000000000000	000001000000110	00000000	0000000000000000000	1000000100000	000000000000000000
000100000010	000000000000000	00000000	0000000000000100100	0000000000000	000000000000000000
000000000000	100000000000100	00000000	0001000000000000000	1000000100000	000000000000000000
000000000000	000000000000100	00000000	0001001000000000000	1000000100000	000000000000000000
000000000000	000000000000000	00000000	0000000000000001000	0000100000000	000000000000100010
000000000000	000000000000000	00000001	0000000001000000000	0000000000000	000000000000000000
000000000000	000000000000100	00000000	0001000000000000000	1000000100000	000000000000000000
000000000000	000000000000000	00000000	0010000000000100000	0000000000000	000000000000000000
