000000000000000000	00000000000	000000000000100000000	0000000000010000000	000000000000000000	00000000000000
000000100000000000	00000001100	000000000010000000000	0000000000000000100	000000000000000010	00000000000000
010000000000000000	00000000000	000010000000000000000	0000000100100000000	000000000000000000	00000100000000
000000000000000000	00000000000	000000000000100000000	0100000000000000000	000000000000000100	00000000000000
000000000000000000	00000000000	000000000001110000000	0001000000000000000	000000000000000000	00000000100000
010000000000000000	00000000000	000010000000000000000	0000000100100000000	000000000000000000	00000100000000
000000000000000010	00000000000	100000000000000001000	0000000000000000000	011000010000000000	00000000000000
000001000100000000	00000000000	000010000000000000000	0000100100100000000	000000000100000000	00000000000000
000000000000000000	00000000000	000000000000110000000	0001000000000000000	000000000000000000	00000000001000
000000000000000000	00000000000	000000000000100000000	0100000000000000000	000000000000000100	00000000000000
000000000000000000	00000000000	000000000000000000000	0000001000000010000	000000000000001000	00000000000001
000000000000001000	00000000000	000100100000000000000	0000000000000000001	000000000000000000	00000000000000
000000000000000000	00000000000	000000000000100000000	0100000000000000000	000000000000000100	00000000000000
000000000000000010	00000000000	100000000000000001000	0000000000000000000	011000010000000000	00000000000000
000000000000000000	00000000000	000000000000100000000	0100000000000000000	000000000000000100	00000000000000
000000000000010000	00010000000	000000000000000000000	0000000000000000000	000000000000000001	00000010000000
000000000000000000	00000000001	000000000000100000000	0000000000000000000	000010000000000000	00000000010000
000000000000000000	00000000000	000000000001110000000	0001000000000000000	000000000000000000	00000000100000
000000000000000000	00000001000	000000000010000000000	0000000000000000000	000000001000000010	00000000000000
000000000000000000	00000000000	000000000000100000000	0000000000010000000	000000000000000000	00000000000000
000000000000000000	00000001000	000000000010000000000	0000000000000000000	000000001000000010	00000000000000
000001000100000000	00000000000	000010000000000000000	0000100100100000000	000000000100000000	00000000000000
001000000000000000	00000000000	000000000000100000000	0001000000000000000	000000000001000000	00000000000000
000000000000000000	00000001000	000000000010000000000	0000000000000000000	000000000000000010	00000000000000
000000000000000000	00000000000	000000000000100000000	0100000000000000000	000000000000000100	00000000000000
000000000000000000	00000000001	000000000000100000000	0000000000000000000	000010000000000000	00000000010000
000000000000000000	00001100000	000000000000000000000	0000000000000000000	000000000000010000	00000000000000
000000000000000010	00000000000	100000000000000001000	0000000000000000000	011000010000000000	00000000000000
000000000000000001	00000000000	000000000000100000000	0001000000000000000	000000000000000000	00000000000000
000000000000000000	00000001000	000000000010000000000	0000000000000000100	000000000000000010	00000000000000
000000000000001000	00000000000	000100100000000000000	0000000000000000000	000000000000000000	00000000000000
000000000000000000	00000000000	000000000000110000000	0001000000000000000	000000000000000000	00000000000000
000000000000001000	00000000000	000100100000000000000	0000000000000000000	000000000000000000	00000000000000
000000000000001000	00000000000	000100100000000000000	0000000000000000000	000000000000000000	00000000000000
000100000000000000	00000000000	000000000000000000000	0010000001001000000	000000000000000000	00000000000100
001000000000000000	00000000000	000000000000100000000	0001000000000000000	000000000001000000	00000000000000
010000000000000000	00000000000	000010000000000000000	0000000100100000000	000000000000000000	00000100000000
000100010000000000	01000000000	000000000000000000000	0010000000000000000	000000000000000000	00000000000000
000000000000000010	00000000000	100000000000000001000	0000000000000000000	011000010000000000	00000000000000
000000000000000000	00001100000	000000000000000000000	0000000000000000000	000000000000010000	00000000000000
000000000000000000	00000001000	000000000010000000000	0000000000000000000	000000001000000010	00000000000000
000000000000001000	00000000000	000100100000000000000	0000000000000000000	000000000000000000	00000000000000
000000000000000000	00000000000	000000000000100000000	0001000000000000000	000000000000000000	00000000000000
000000000000001000	00000000000	000100100000000000000	0000000000000000000	000000000000000000	00000000000000
000000000000000000	00000000000	000000000000100100000	0000000000000000000	000000000000000000	00000000000000
000100001000000000	00000000000	000000000000000000000	0010000001001000000	000000000000000000	00000000000100
000000000000000000	00000001000	000000000010000000000	0000000000000000000	000000000000000010	00000000000000
000000000000001000	00000000000	000100100000000000000	0000000000000000000	000000000000000000	00000000000000
000000000000000000	00000000000	000000000000100000000	0000000000010000000	000000000000000000	10000000000000
000000000000000000	00000000000	000000000000100000000	0001000000000000000	000000000000000000	00100000000000
000010000001000000	00000000000	000100000000000000000	0000000000000000000	000000000010000000	00000000000000
000000000000000010	00000000000	100000000000000001000	0000000000000000000	011000010000000000	00000000000000
001000000010000000	00000000000	000000000000100000000	0001000000000000000	000000000001000000	00000000000000
000000000000001000	00000000000	000100100000000000000	0000000000000000000	000000000000000000	00000000000000
000000000000000000	00000001000	000000000010000000000	0000000000000000000	000000001000000010	00000000000000
000000000000001000	00000000000	000100100000000000000	0000000000000000000	000000000000000000	00000000000000
000000000000000000	00000000000	000000000000100000000	0000000000000000000	000000000000000000	00000000000000
000000000000000000	00000001000	000000000010000000000	0000000000000000000	000000001000000010	00000000000000
000000000000000000	00000001000	000000000010000000000	0000000000000000000	000000001000000010	00000000000000
000000000000100000	00000000000	000000000000110000000	0001000000000000000	000000000000000000	00000000000000
100000000000000000	00000000000	000000000100000000000	1000000000000000000	000000000000000000	00000000000000
000000000000000000	00010000000	000000000000000000000	0000000000000000000	000000000000000000	00000000000000
000000000000000010	00000000000	100000000000000001000	0000000000000000000	011000010000000000	00000000000000
000000000000000000	00000001000	000000000010000000000	0000000000000000000	000000001000000010	00000000000000
000000000000000000	00000000000	000000000000100100000	0000000000000000000	000000000000000000	00000000000000
000000000000000000	00000001000	000000000010000000000	0000000000000000000	000000001000000010	00000000000000
000000000000000000	00000000000	000100100000000000000	0000000000000000000	000000000000000000	00000000000000
000000000000000000	00000000000	000000000000100000000	0100000000000000000	000000000000000100	00000000000000
000000000000000000	00000000000	000000000000110000000	0001000000000000000	000000000000000000	00000000000000
000010000001000000	00000000000	000100000000000000000	0000000000000000000	000000000010000000	00000000000000
000000000000000000	00000000000	000000000000100000000	0100000000000000000	000000000000000100	00000000000000
000100000000000000	10000000000	001001000000001000000	0010000011001000000	000000000000000000	00000000000100
000000000000000000	00000000000	000000000000100000000	0100000000000000000	000000000000000100	00000000000000
000000000000001000	00000000000	000100100000000000000	0000000000000000000	000000000000000000	00000000000000
000000000000000000	00000001000	000000000010000000000	0000000000000000000	000000001000000010	00000000000000
010000000000000000	00000000000	000010000000000000000	0000000100100000000	000000000000000000	00000100000000
000000000000000000	00000000000	000000000000100000000	0100000000000000000	000000000000000100	00000000000000
000001000100000000	00000000000	000010000000000000000	0000100100100000000	000000000100000000	00000000000000
000000000000001000	00000000000	000100100000000000000	0000000000000000000	000000000000000000	00000000000000
000000000000000000	00000001000	000000010010000000000	0000000000000000000	000000000000000010	00000000000000
000000000000001000	00000000000	000100100000000000000	0000000000000000000	000000000000000000	00000000000000
000000000000000000	00000000000	000000000000100000000	0001000000000000000	000000000000000000	00000000000000
010000000000000000	00000000000	000010000000000000000	0000000100100000000	000000000000000000	00000100000010
000000000000000000	00000000000	000000000000110000000	0001000000000000000	000000000000000000	00000000000000
000000000000000000	00000000000	000000000000100100000	0000000000000100000	000000000000000000	00000000000000
000000000000000010	00000000000	100000000000000001000	0000000000000000000	011000010000000000	00000000000000
001000000000000000	00000000000	000000000000100000000	0001000000000000000	000000000001000000	00000000000000
001000000000000000	00000000000	000000000000100000000	0001000000000000000	000000000001000000	00000000000000
000000000000001000	00000000000	000100100000000000000	0000000000000000000	000000000000000000	00000000000000
000000000000000000	00000000000	000000000000100000000	0000000000000000000	000000000000000000	00000000000000
000000000000000100	00000001000	000000000010000000000	0000000000000000000	000000001000000010	00000000000000
000000000000000000	00000000000	000000000000110000010	0001000000000000000	000000000000000000	00000000000000
000000000000001000	00000000000	000100100000000000000	0000000000000000000	000000000000000000	00000000000000
000100000000000000	00000000000	000000000000000000000	0010000001001000000	000000000000000000	00000000000100
010000000000000000	00000000000	000010000000000000000	0000000100100000000	000000000000000000	00000100000010
000000000000000010	00000000000	100000000000000001000	0000000000000000000	011000010000000000	00000000000000
000000000000000000	00010000000	000000000000000000000	0000000000000001000	000000000000000001	00000010000000
001000000000000000	00000000000	000000000000100000000	0001000000000000000	000000000001000000	00000000000000
000000000000000010	00000000000	100000000000000001000	0000000000000000000	011000010000000000	00000000000000
000000000000000000	00000000000	000000001001110000000	0001000000000000000	000000000000000000	00000000000000
000010000001000000	00000000000	000100000000000000000	0000000000000000000	000000000010000000	00000000000000
000000000000000000	00000001000	000000000010000000000	0000000000000000000	000000001000000010	00000000000000
000000000000001000	00000000000	000100100000000000000	0000000000000000000	000000000000000000	00000000000000
000000000000000000	00000000000	000000000000100100000	0000000000000000000	000000000000000000	00000000000000
000000000000001000	00000000000	000100100000000000000	0000000000000000000	000000000000000000	00000000000000
000000000000001000	00000000000	000100100000000000000	0000000000000000000	000000000000000000	00000000000000
000000000000000000	00000000000	000000000000100000000	0001000000000000000	000000000000000000	00100000000000
000000000000000010	00000000000	100000000000000001000	0000000000000000000	011000010000000000	00000000000000
000000000000001000	00000000000	000100100000000000000	0000000000000000000	000000000000000000	00000001000000
000000000000000000	00000000000	000000000000100000000	0001000000000000000	000000000000000000	00000000000000
000000000000000000	00000000000	000000000000100100000	0000000000000000000	000000000000000000	00000000000000
000000000000000000	00000000000	000000000000100000000	0000000000000000000	000000000000000000	00000000000000
000000000000000000	00000000000	000000000001110000000	0001000000000000000	000000000000000000	00000000100000
000000000000000000	00000001000	000000000010000000000	0000000000000000000	000000000000000010	00000000000000
001000000000000000	00000000000	000000000000100000001	0001000000000000000	000000000001000000	00000000000000
000000000000000000	00000000000	000000000000100000000	0000000000000000000	000000000000000000	00000000000000
100000000000000000	00000000010	000000000100000000000	1000000000000000000	000000000000000000	00000000000000
000000000000000010	00000000000	100000000000000001000	0000000000000000000	011000010000000000	00000000000000
000100000000000000	00000000000	000000000000000000000	0010000001001000000	000000000000000000	00000000000100
000000000000000000	00000000000	000000000000100000000	0000000000010000000	000000100000000000	00000000000000
000000000000000000	00000000000	000000000000100000000	0100000000000000000	000000000000000100	00000000000000
001000000000000000	00000000000	000000000000100000000	0001000000000000000	000000000001000000	00000000000000
000000000000000000	00000000000	000000000000110000000	0001000000000000000	000000000000000000	00000000000000
001000000000000000	00000000000	000000000000100000000	0001000000000000000	000000000001000000	00000000000000
000000000000000000	00000000000	000000000000110000000	0001000000000000000	000000000000000000	01000000000000
000000000000001000	00000000000	000100100000000000000	0000000000000000000	000000000000000000	00000000000000
000100000000000000	00000000000	000000000000000000000	0010000001001000000	000000000000000000	00000000000100
000000000000000000	00000000000	000000000000100000000	0000000000000000000	000000000000000000	00000000000000
000000000000000000	00000000000	000000000000100100000	0000000000000000000	000000000000000000	00000000000000
000000000000000010	00000000000	100000000000000001000	0000000000000000000	011000010000000000	00000000000000
000000000000000000	00000000000	000000000000100000000	0001000000000000000	000000000000000000	00000000000000
001000000000000000	00000000000	000000000000100000000	0001000000000000000	000000000001000000	00000000000000
000000000000000000	00000000000	000100100000000000000	0000000000000000000	000000000000000000	00000000000000
000000000000000000	00000000000	000000000000100000000	0100000000000000000	000000000000000100	00000000000000
000000000000000000	00000001000	000000000010000000100	0000000000000000000	000000000000100010	00000000000000
000000000000000000	00001010000	000000000000000000000	0000000000000000000	000100000000000000	00010000000000
000100000000000000	00000000000	000000000000000000000	0010000001001000000	000000000000000000	00000000000100
010000000000000000	00000000000	000010000000000000000	0000000100100000000	000000000000000000	00000100000000
000000000000000000	00000000000	000000000000100100000	0000000000000000000	000000000000000000	00000000000000
000000000000000000	00100001000	000000000010000000000	0000000000000000000	000001000000000010	00000000000000
000000000000000000	00000000000	000000000000110000000	0001000000000000000	000000000000000000	00000000000000
000100000000000000	01000000000	000000000000000000000	0010000000000000000	000000000000000000	00001000000000
000100000000000000	01000000000	000000000000000000000	0010000000000000000	000000000000000000	00000000000000
000000000000000000	00000001000	000000000010000010000	0000000000000000000	000000000000000010	00000000000000
000000000000000000	00000001000	000000000010000000000	0000000000000000000	000000001000000010	00000000000000
000000000000000000	00000000000	010000000000000000000	0000010000000000010	100000000000000000	00000000000000
000000000000000000	00000001000	000000000010000000100	0000000000000000000	000000000000000010	00000000000000
000000000000000010	00000000000	100000000000000001000	0000000000000000000	011000010000000000	00000000000000
000000000000000000	00000000000	000100100000000000000	0000000000000000000	000000000000000000	00000000000000
000000000000000000	00000000000	000000000000100000000	0100000000000000000	000000000000000100	00000000000000
