0000100000000000000	000000000000100001000001000	0000000001000000000000	000000000000000100100000	00000000000000000000000000000	01000000000000000000000000
0000000000000000000	000000100000000000000000000	0000010000000000000000	000010000000000000000000	00000000000000000000000000000	00000000000000000000000000
0000000000000000000	000000000000000000000000000	0000000000000000000000	010000000000000000000000	00000100000000000000000100000	00000000000000000000010000
0000000000000000100	000000000000000000000000000	0000000000000000000100	000000000000010000000000	00001000000000000000000000000	10000000000000000000000001
0000000000000000000	000000000000000000000000000	0000000000000000000000	010000000000000000000000	00000100000000000000000100001	00000000000000000000010000
0000000000000000000	000000000000000000000000000	1000000000000000000000	000000010000000000000000	00000000000000010000000000000	00000000000000001000000000
0000000000100000000	000000000000000000000000000	0000000000001000010000	100000000000000000000000	00000000011000000000000010000	00000000100000000000000100
0000000000000000000	000000000000000000000000000	0000100000000000000000	000000000000000000000000	00000000000000000001000000000	00100000000000000000000000
0100000000000000000	000000000000000000000000000	0000000000010011100000	000000000010000000000000	00000000000000000010000000100	00000000000000000010000000
0000000000000000000	000000000000000000000000000	0000000000000000000000	000000000000001000000000	00000000000000000000000000000	00001000000000000000000000
0000000000000010000	000000000000000000000000000	0000000000000000000000	000001000000000000000000	00000001000000000000000000000	00000000000000000000000000
0000000000000000000	000000000000000000000000000	0000000100000000000000	000000000000001000000000	00000000000000000000000000000	00001000000000000000000000
0000000000000000000	000000000000000100000000000	1000000000000000000000	000000010000000000000000	00000000000000010000000000000	00000000000000001000000000
0000000000000000100	000000000000000000000000000	0000000000000000000100	000000000000000000000000	00001000000000000000000000000	00000000000000000000000001
0000000000000000100	000000000000000000000000000	0000000000000000000100	000000000000010000000000	00001000000000000000000000000	10000000000000000000000001
0000000000000000000	000000000000000000000000000	0000000000000000000000	010000000000000001000000	00000100000000000000000000000	00000000000000000000010000
0000000000000000000	000000000000000000000000000	0000000000000000000000	000000000000000000000000	00000000000000000000010000000	00000000000000000000000000
0000000000000000000	000000000000000000000000000	0000000000000000000000	001000000000000000000000	00000000000000000000000000000	00001000000000000000000000
0000000000000100000	000000010000001000000010000	0000000000000000000000	000000000000000000000000	00000000000000000000000000010	00000000000000000000000000
0000000000000000000	000000000000000000000000000	1000000000000000000000	000000010000000000000000	01000000000000010000000000000	00000000000000001000000000
0010100000000000000	000000000000000001000000000	0000000001000000000000	000000000000000100100000	00000000000000000000000000000	01000000000000000000000000
0000000000000000000	000000000000000000000000000	1000000000000000000000	000000010000000000000000	00000000000000010000000000000	00000000000000001000001000
0000000000000100000	000000010000001000000010000	0000000000000000000000	000000000000000000000000	00000000000000000000000000010	00000000000000000000000000
0000000000000000000	000000000000000000000000000	0000000000000000000000	010000000000000001000000	00000100000000000000000000000	00000000000000000000010000
0100000000000000000	000000000000000000000000010	0000000000010010100000	000000000010000000000000	00000000000000000010000000100	00000000000000000010000000
0000000000000000100	000000000000000000000000000	0000000000000000000100	000000000000010000000000	00001000000000000000000000000	10000000000000000000000001
0000000000000000000	000000000000000000000000000	0000000000010000100000	000000000010000000000000	00000000000000000010000000100	00000000000000000010000000
0000000000000000000	000000000000000000000000000	0000000000000100000000	000000000000000000001000	00000000000000001000000000000	00000000000000000000000000
0000000000000000100	000000000000000000000000000	0000000000000000000100	000100000000000000000000	00001000000000000000000000000	00000000000000000000000001
0000000000000000000	000000000000000000000000000	1000000000000000000000	000000000000000000000000	00000000000000010000000000000	00000000000000001000000000
0000000000000000000	000000000000000000000000000	0000000000010000100000	000000000000000000000000	00000000000000000000000000100	00000000000000000010000000
0000000000000000000	000000000000000000000000000	1000000000000000000000	000000010000000000000000	00000000000000010000000000000	00000000000000001000001000
0100000000000000000	000000000000000000000000000	0000000000010010100000	000000000010000000000000	00000000000000000010000000100	00000000000000000010000000
0000000000000000001	000000000100000000000000000	1000000000000000000000	000000000000000000000000	00000000000000010000000000000	00000000000000001000000000
0000000000000000000	000000000000000000000000000	0000000000000000000000	010000000000000001000000	00000100000000000000000000000	00000000000000000000010000
0000000000000001000	000000000000000000000000000	0000000000000000000000	010000000000000000000000	00000100000000000000000000000	00000000000000000000010000
0000000000000000000	000000000000000000000000000	1000000000000000000000	000000010000000010000000	00000000000000010000000000000	00000000000000001000101000
0000000000000000000	000000000000000000000000000	1000000000000000000000	000000010000000000000000	00000000000000010000000000000	00000000000000001000001000
0000000000000000000	000000000000000000000000000	0000000000010010100000	000000000010000000000000	00000000000000000010000000100	00000000000000000010000000
0000000000000000000	000000000000000000000000000	1000000000000000000000	000000010000000000000000	00000000000000010000000000000	00000001000000001000000000
0000000000100000000	000000000000000000000000000	0001000000001000010000	100000000000000000000000	00000000011000000000000000000	00000000100000000000000100
0000000000000000000	000000000000000000000000000	0000000000000000000000	000000000000001000000000	00000000000000000000000000000	00001000000000000000000000
0000010000000010000	100000000000010000000000000	0010000000000000000000	000000000000000000000000	00000000000010100000000000000	00000000000000000000000000
0100000000000000000	000000000000000000000000000	0000000000010010100000	000000000010000000000000	00000000000000000010000000100	00000000000000000010000000
0000000000000000000	000000000000000000000000000	0000000000000000000000	000000000000000000000000	00000000000000000000000000000	00000000000000000000000000
0100000000000000000	000000000000000000000000000	0000000000010011100000	000000000010000000000000	00000000000000000010000000100	00000000000000000010000000
0000000001000000000	000000000000000000000000000	0000000000010000100000	000000000000000000000000	00000000000000000000000001100	00000000000000000010000000
0000010000000010000	100000000000010000000000100	0010000000000000000000	000000000000000000000000	00000000000010100000000000000	00000000000000000000000000
0000000000000010000	000000000000000000000000000	0000000000000000000000	000000000000000000000000	00000000000000000000000000000	00000000000000000000000000
0000000000000000000	000000000000000000000000000	0000000000010000100000	000000000000000000000000	00000000000000000000000000100	00000000000000000010000000
0000000000000000001	000000000100000000000000000	1000000000000000000000	000000000000000000000000	00000000000000010000000000000	00000000000000001000000000
0000000000000000000	001000000000000000000100000	0000000000000000000000	000000000000000000000000	00000000000000000000000000000	00000000000000000000000000
0000000000000000000	000000000000000000010000000	0100000000000000000000	000000000001000000000000	00000000000000000000000000000	00000000000000000000000000
0000000000000000000	000000000000000000000000000	1000000000000000000000	000000010000000000000000	00000000000000010000000000000	00000000000000001000001000
0000000000010000000	000000000000000000000000000	0000000000000000000000	000000000000000000000000	00000000000001000000000000000	00000100000000000000000000
0000000000000010000	000000000000000000000000000	0000000000000000000000	000000000000000000000000	00000000000000000000000000000	00000000000000000001000000
0000000000000000000	000000000000000001000000000	0000000001000000000000	000000000000000100000000	00000000000000000000000000000	01000000000000000000000000
0000000000000000000	000000000000000000000000000	1000000000000000000000	000000010000000000000000	10000000000000010000000000000	00000000000001001000000000
0000000000000000000	000000000000000000000000000	1000000000000000000000	000000000000000000000010	00000010000000010000000000000	00000000000010001000000000
0000000000000000000	000000000000000000000000000	0000100000000000000000	000000000000000000000000	00000000000000000001000000000	00100000000000000000000000
0000000000000000100	000000000000000000000000000	0000000000000000000100	000000000000000000000000	00001000000000000000000000000	00000000000000000000000001
0000010000000010000	100000000000000000000000000	0000000000000000000000	000000000000000000000000	00000000000000100000000000000	00000000000000000000000000
0000001000000000000	000100000000000000000000000	0000000010000000000000	000000101000000000000000	00000000000000000000000000000	00000000000000010000000000
0000000000000100000	000000010000001000000010000	0000000000000000000000	000000000000000000000000	00000000000000000000000000010	00000000000000000000000000
0000000000000010000	000000000000000000000000000	0000000000000000000000	000000000000000000000000	00000000000100000000000000000	00000000000000000000000000
0000000000000000000	000000000000000000000000000	0000000000000100000000	000000000000000000001000	00000000000000001000000000000	00000000000000000000000000
0000000000000010000	000000000000000000000000000	0000000000000000000000	000000000000000000000000	00000000000000000000000000000	00000000000000000000000000
0000000000000000000	000000000000000000000000000	0000000000000000000000	010000000000000001000000	00000100000000000000000000000	00000000000000000000010000
0001000000000001000	000000000000000000000000001	0000000000000000000000	010000000000000000000001	00000100000000000000000000000	00000000000000000000010000
0000000000100000000	000000000000000000000000000	0000000000001000010000	100000000000000000000000	00000000011000000000000000000	00000000100000000000000100
0000000000000000000	000000000100000000000000000	1000000000000000000000	000000000000000000000000	00000000000000010000000000000	00000000000000001000000000
0000000000000000000	000000000000000000000000000	0000000000010010100000	000000000010000000000000	00000000000000000010000000100	00000000000000000010000000
0000000010000000000	000000000000000010000000000	1000000000000000000000	000000000000000000000000	00000000000000010000000000000	00000000000000001000000000
0000000000000000100	000000000000000000000000000	0000000000000000000100	000000000000000000000000	00001000000000000000000000000	00000000000000000000000001
0000000000000000000	000000000000000000010000000	0000000000000000000000	000000000000000000000000	00000000000000000000000000000	00000000000000000000000000
0000000000100000000	010000000000000000000000000	0000000000001000010000	100000000000000000000000	00000000011000000000000000000	00000000000000000000000100
0000000000000000000	000000000000000000000000000	0000000000000000000000	010000000000000000000000	00000100000000000000000100000	00000000000000000000010000
0000000000000000000	000000000000000000000000000	1000000000000000000000	000000010000000000000000	00000000000000010000000000000	00000000000000001000000000
0000000000000000000	000000000000000000100000000	0000000000000000000001	000000000000000000001000	00000000000000001000000000000	00000000000000000000000000
0000000000000000000	000000000100000000000000000	1000000000000000000000	000000000000000000000000	00000000000000010000000000000	00000000000000001100000010
0000001000000000000	000100000000000000000000000	0000000010000000000000	000000101000000000000000	00000000000000000000000000000	00000000000000010000000000
0000000000000000000	000000000000000000000000000	0000000000000000000000	000000000000000000000000	00000000000000000000000000000	00000000000000000000000000
0000000000100000000	000000000000000000000000000	0000000000001000010000	100000000000000000000000	00000000011000000000000000000	00000000100000000000000100
1000000000000000010	000000000000000000000000000	1000000000000000000000	000000010000000000000000	00000000000000010000000000000	00000000000000001000000000
0000000000000000001	000000000100000000000000000	1000000000000000000000	000000000000000000000000	00000000000000010000000000000	00000000000000001000000000
0000000000000000100	000000000000000000000000000	0000000000000000000100	000000000000000000000000	00001000100000000000000000000	00000000000000000000000001
1000000000000000010	000000000000000000000000000	1000000000000000000000	000000010000000000000000	00000000000000010000000000000	00000000000000001000000000
0000000000000000000	000000000000000000000000000	0000000000000000000000	000000000000000000000000	00000000000000000000000000000	00000000000000000000000000
0000000000000000100	000000000000000000000000000	0000000000000000000100	000000000000000000000000	00001000000000000000000000000	00000000000000000000000001
0000100000000000000	000000001000000001000000000	0000000001000000001000	000000000000100100100000	00000000000000000000000000000	01000000000000000000000000
0000000000000000000	000000000000000000000000000	0000001000000000000000	000000000000000000000000	00000000000000000000000000000	00100000000000000000000000
0000000000000000100	000000000000000000000000000	0000000000000000000100	000000000000000000000100	00001000000000000000000000000	00000000000000000000000001
0010100000000000000	000000000000000001000000000	0000000001000000000000	000000000000000100100000	00000000000000000000000000000	01000000000000000000000000
0000010000000010000	100000000000000000000000000	0000000000000000000000	000000000000000000000000	00000000000000100000000000000	00000000000000000000000000
0000000000000000000	000000000000000000000000000	0000000000000000000000	000000000000000000000000	00000000000000000000010000000	00000000000000000000000000
0000010000000010000	100000000000000000000000000	0000000000000000000000	000000000000000000000000	00000000000000100000000000000	00000000000000000000000000
0000000000000000000	000000000100000000000000000	1000000000000000000000	000000000000000000000000	00000000000000010000000000000	00000000000000001000000000
0000000000000000000	000000000000000000000000000	1000000000000000000000	000000000000000000000010	00000000000000010000000000000	00000000000010001000000000
0000000000000000000	001000000001000000000100000	0000000000000000000000	000000000000000000000000	00000000000000000000000000000	00000000000000100000000000
0000000000000000000	000000000000000000010000000	0000000000000000000000	000000000000000000000000	00000000000000000000000000000	00000000000000000000000000
0000000000001000000	000000000000000000000000000	0000000000000000000010	010000000000000000000000	00000100000000000000100000000	00000000000000000000010000
0000000000000000000	000000000000000000000000000	1000000000000000000000	000000000000000000000010	00000000000000010000000000000	00000000000010001000000000
0000000000000000000	000000000000000000000000000	1000000000000000000000	000000010000000000000000	00000000000000010000000000000	00000000000000001000000000
0000010000000010000	100000000000000000000000000	0000000000000000000000	000000000000000000000000	00000000000000100000000000000	00000000000000000000000000
0000000000000000000	000000000000000000000000000	0000000000010010100000	000000000010000000000000	00000000000000000010000000100	00000000000000000010000000
0000000000000000000	000000000000000000000000000	1000000000000000000000	000000010100000000000000	00010000000000010000000000000	00000000010000001000000000
0000010000000010000	100000000000000000000000000	0000000000000000000000	000000000000000000000000	00000000000000100000000000000	00000000000000000000000000
0000000000100000000	000000000000000000000000000	0001000000001000010000	100000000000000000000000	00000000011000000000000000000	00000000100000000000000100
0000000000000100000	000000010000001000000010000	0000000000000000000000	000000000000000000000000	00000000000000000000000000010	00000000000000000000000000
0000000000000000000	000000000000000000000000000	0000000000010000100000	000000000000000000000000	00000000000000000000000000100	00000000000000000010000000
0000000000000000100	000000000000000000000000000	0000000000000000000100	000000000000010000000000	00001000000000000000000000000	10000000000000000000000001
0000000000000000000	000000000010000000000000000	0000000000010000100000	000000000000000000000000	00000000000000000000000000100	00000000000100000010000000
0000000000000010000	000000000000000000000000000	0000000000000000000000	000000000000000000000000	00000000000000000000000000000	00000000000000000000000000
1000000000000000010	000000000000000000000000000	1000000000000000000000	000000010000000000000000	00000000000000010000000000000	00000000000000001000000000
0000000000000000100	000000000000000000000000000	0000000000000000000100	000000000000010000000000	00001000000000000000000000000	10000000000000000000000001
0000000000000000000	000000000000000000010000000	0000000000000000000000	000000000000000000000000	00000000000000000000000000000	00000000000000000000000000
0000000000000000000	000000000000000000000000000	1000000000000000000000	000000000000000000000000	00000000000000010000000000000	00000000000000001000000000
0000000000100000000	010000000000000000000000000	0000000000001000010000	100000000000000000000000	00000000011000000000000000000	00000000000000000000000100
0000010000000010000	100000000000010000000000000	0010000000100000000000	000000000000000000000000	00000000000010100000000000000	00000000000000000000000000
0000000000000000000	000000000000000000000000000	1000000000000000000000	000000010000000000000000	00000000000000010000000000000	00000000000000001000001000
0000000000000000000	000001000000000000000000000	0000000000000000000000	000000000000000000000000	00000000000000000000000000000	00000000000000000000000000
0000000000000000000	000000000000000000000000000	0000000000000000000000	000000000000000000000000	00100000000000000000000000000	00100000000000000000000000
0000000010000000000	000000000000000010000000000	1000000000000000000000	000000000000000000000000	00000000000000010000000000000	00000000000000001000000000
0000000010000000000	000000000000000010000000000	1000000000000000000000	000000000000000000000000	00000000000000010000000000000	00000000000000001000000000
0000100000000000000	000000000000000001000001000	0000000001000000000000	000000000000000100100000	00000000000000000000000000000	01000000000000000000000000
0000000000000000000	000000000000000000010000000	0000000000000000000000	000000000000000000000000	00000000000000000000000000000	00000000000000000000000000
0000000000000000000	000000000000000000000000000	0000000000000000000000	000000000000000000000000	00000000000000000000000000000	00000000000000000000000000
0000000000000000100	000000000000000000000000000	0000000000000000000100	000000000000000000000100	00001000000000000000000000000	00000000000000000000000001
0000000000000000100	000000000000000000000000000	0000000000000000000100	000000000000000000000000	00001000000000000000000000000	00000000000000000000000001
0000000000000000100	000000000000000000000000000	0000000000000000000100	000000000000010000000000	00001000000000000000000000000	10000000000000000000000001
0000100100000000000	000000000000000001000001000	0000000001000000000000	000000000000000100100000	00000000000000000000000000000	01000000000000000000000000
0000100000000000000	000000000000000001000001000	0000000001000000000000	000000000000000100100000	00000000000000000000000000000	01000000000000000000000000
0000000000000000000	000000000000000000001000000	1000000000000000000000	000000000000000000000000	00000000000000010000000000000	00000000000000001000000000
0000000000000010000	000000000000000000000000000	0000000000000000000000	000001000000000000000000	00000001000000000000000000000	00000000000000000000000000
0000000000000000000	000000100000000000000000000	0000010000000000000000	000010000000000000000000	00000000000000000000000000000	00000000001000000000000000
0000001000000000000	000100000000000000000000000	0000000010000000000000	000000101000000000000000	00000000000000000000000000000	00000000000000010000000000
0000000000000000000	000000000000000000000000000	0000000100000000000000	000000000000001000000000	00000000000000000000000000000	00001000000000000000000000
1000000000000000010	000000000000000000000000000	1000000000000000000000	000000010000000000000000	00000000000000010000000000000	00000000000000001000000000
0000000000000000000	000000000000000000000000000	0000100000000000000000	000000000000000000000000	00000000000000000001000000000	00100000000000000000000000
0000000000000000000	000000000000000000000000000	1000000000000000000000	000000000000000000000000	00000000000000010000000000000	00000000000000001000000000
0000000000000000000	000010000000000000000000000	0000000100000000000000	000000000000001000000000	00000000000000000000000000000	00001000000000000000000000
0000000000000000000	000000000000000000000000000	1000000000000000000000	000000010000000000000000	00000000000000010000000000000	00000000000000001000001000
0000000000000000000	000000000000000000000000000	1000000000000000000000	000000010000000000000000	00000000000000010100000000000	00000000000000001000000000
1000000000000000010	000000000000000000000000000	1000000000000000000000	000000010000000000000000	00000000000000010000000000000	00000000000000001000000000
0000000000100000000	000000000000000000000000000	0000000000001000010000	100000000000000000000000	00000000011000000000000010000	00000000100000000000000100
0000000000000000000	000000000000000000000000000	0000000000000000000000	010000000000000000000000	00000100000000000000000100000	00000000000000000000010000
1000000000000000010	000000000000000000000000000	1000000000000000000000	000000010000000000000000	00000000000000010000000000000	00000000000000001000000000
0000000000000000000	000000000000000000000000000	1000000000000000000000	000000000000000000000000	00000000000000010000000000000	00000000000000001000000000
0000000000000010000	000000000000000000000000000	0000000000000000000000	000000000000000000010000	00000000000000000000001000000	00010010000000000000000000
0000100000000000000	000000000000000001000000000	0000000001000000000000	000000000000000100100000	00000000000000000000000000000	01000000000000000000000000
