00000000000000001000000000	0000000000000000000000010000000000	000000000000000000000000000000	000000000001000000000000000000	00000000100010000000000	00000000000000000000000000000
00001000000000010000100000	0000000000000000000000000000000001	000000000000000000000000000000	000000000000000000100000010000	00000000010000000000000	00000001000000000000000010000
00000100000000000000000000	0000000000010000000000000000000000	000000000101000000000000000000	000000000000000001000000000100	00000000000000010000000	00000000000000100000000000000
10000000000000000000000000	0000000000000000000010000000000000	000000000000000000000000000000	000000000000000000001000000000	00000000000000000000000	00000000000000000000000000000
10000001000000000000000000	0000000000000000000010000000000000	000000000000000000000000000000	000000000000000000001000000000	00000000000000000000000	00000000000000000000000000000
00000100000000000100000000	0000000000000000000000000000000000	000000000001000000000000000000	000000000000000000000000000000	00000000000000000000000	00000000000000100000000000000
00000000000000000000000000	0000000000000000001000000000010010	000000000000000010000000000000	000000000000000000000000000000	00000000000000000000000	00000000000000000000000000000
00001000000000000000100000	0000000000000000000000000000000000	000000000000000000000000000000	000000000000000000100000010000	00000000010000000000000	00000001000000000000000010100
00000100000000000000000000	0000000000000000000000000000000000	000000000101000000000000000000	000000000000000001000000000100	00000001000000010000000	00000000000000100000000000000
00000100000000000000000000	0000000000000000000000000000000000	000000000101000000000000000000	000000000000000001000000000100	00000000000000010000000	00000000000000100000000000000
00000000000000000000000001	0000000000000000000000000000000010	000000000000100010000000000000	000000000000000100000000000000	00100000000000000000000	00000000000000000000000000000
00000000000000000000000000	0000100000000001000000100000000000	000000000000000000000000000000	000000000000000000000000000000	00001000000000000000000	00000010000000000000000000000
00000000000100000000000000	0000000000000000000000000100000000	000000000000000001000000000000	000000010000000000000000000000	00000000000000000000000	00000000000010000000000000000
00000000000001000000000000	0000000000000010100000000000000000	000000000000000000000000000000	000000000000000000000000000000	00000000000000000000000	00000000000000000000000000000
00000100000000000000000000	1000000000000000000000000000000000	000000000101000000000000000000	000000000010000001000000000100	00000000000000010000000	00000000000000100000000000000
00000000000000000000000000	0100000010000100000000000010000000	000000100000000000000000100000	010010000000000000000000000000	00000000000000000000000	00100000000000000000000000000
00000000000000000000000000	0000000000000000000000000000000000	000000000000000000000000000001	000000000000000010000000000000	00000000000000001000000	00000000000000000000000000000
00000000000000100000010000	0000000001000000000010000000000000	000000000000000000000000000000	000000000000000000000000000000	00000000000000000000000	00000000000000000000000000000
00000000000000000000000100	0000000000000000000000000000001000	000000000000000000000000000000	000000000000000000000000000000	00000000000000000000000	00001000000000000000000000000
00000000000000000000000000	0000100000000001000000100000000000	000000000000000000000001000000	000000000000000000000000000000	00001000000000000000000	00000010000000000000000000000
00000000000000100000010000	0000000001000000000010000000000000	000000000000000000000000000000	000000000000000000000000000000	00000000000000000000000	00000000000000000000000000000
00000000000000000000000000	0000000000000000000000000000000000	000000000000000000000000000000	000000100000000000000000000000	00000000000000000001000	00000000100000010000000000001
10000000000000000000000000	0000000000000000000010000000000000	000000000000000000000000000000	000000000000000000001000000000	00000000000000000000000	00000000000000000000000000000
00000000000000100000010000	0000000000000000000010000000000000	000000000000000000000000000000	000000000000000000000000000000	00000000000000000000000	00000000000000000000000000000
00000100000000000000000000	0000000000000000000000000000000000	000000000001000000000000000000	000000000000000000000000000000	00000000000000000000000	00000000000000000000000000000
00000000000000000000000000	0000000000000000000000000000000000	000000000000000000000000000000	000000100000000000000000000000	00000000000000000001000	00000000100000010000000000001
00000100000000000000000000	0000000000010000000000000000000000	000000000101000000000000000000	000000000000000001000000000100	00000000000000010000000	00000000000000100000000000000
00000000000000100000010000	0000000000000000000010000000000000	000000000000000000000000000000	000000000000000000000000000000	00000000000000000000000	00000000000000000000000000000
00000000000001000000000000	0000000000000010100000000000000000	000000000000000000000000000000	000000000000000000000000000000	00000000000000000000000	00000000000000000000001000000
00000000000000000000000000	0000000000000000000000000000000000	000000000000000000000000000000	000000100100000000000000000000	00000000000000000001000	00000000100000010000000000001
00000000000000000000000000	0100000010000000000000000010000000	000000100000000000000000100000	010010000000000000000000000000	00000000000000100000000	00100000000000000000000000000
00010000000000000000000000	0000000000000000000000000000000000	000000000000000000000000000000	000000000000000000000000000000	00000000000000000000000	00000000000000000000000000000
00000100000000000000000000	0000000000000000000000000000000000	000000000001000000000000000000	000000000000000000000000000000	00000000000000000000000	00000000000000000000000000000
00000100000000000000000000	0000000000010000000000000000000000	000000000101000000000000000000	000000000000000001000000000100	00000000000000010000000	00000000000000100000000000000
00000000000000000000000001	0000000000000000000000000000000010	000000000000100010000000000000	000000000000000000000000000000	00100000000000000000001	00000000000000000100000000000
00000000000000000000000000	0000000000000000000000000000000000	000000000000000000000000000000	000000000000000000000000000000	00000000001100000000000	00000000001000000000000000000
00001000000000000000100000	0000000000000000000000000000000000	000000000000000000000000000000	000000000000000000100000010000	00000000010000000000000	00000001000000000000000010000
00000000000000000001000000	0000000000000000000000000000000000	000000000000000000000000000000	001001000000000000000000000000	00000000000000000000000	01000000000100000000000000000
00000000000000000000000000	0000000000000000000100000000000010	000000000000000010000000000000	000000000000000000000000000000	00000000000000000000000	00000000000000000000000000000
00000100000000000000000000	0000000000000000000000000000000000	000000000101000000000000000000	000000000000000001000000000100	00000000000000010000000	00000000000000100000000000000
00000000000000000000010000	0000000000000000000010000000000100	000000000000000000000000000000	000000000000000000000000000000	01000000000000000000000	00000100000000000000000000000
00000000000000100000010000	0000000000000000000010000000000000	000000000000000000000000000110	000000000000000000000000000000	00000000000000000000000	00000000000000000000000000000
00000000000100000000000000	0000000000000000000000000100000000	000010000000000001000000000000	000000010000000000000000000000	00000000000000000000000	00000000000000000000000000000
00000100000000000000000000	0000010000010000000000000000000000	000000000101000000000000000000	000000000000000001000000000100	00000000000000010000000	00000000000000100000000000000
00000000000000000000000000	0000000000000000000000000000000000	000000000000000000000000000001	000000000000000000000000000000	00000000000000001000000	00000000000000000000000000000
00000000000000100000010010	0000000000000000000010000000000000	000000000000000000000000000000	000000000000000000000000000000	00000000000000000000000	00000000000000000000000000000
00000010000000000000000000	0001000000000000000000000000000000	000000010010000000000010000000	000000000000000000000001000000	00000000000000000000000	00010000000000000000000000010
00000000000100000000000000	0000000000000000000000000100000000	000010000000000001000000000000	000000010000000000000000000000	00000000000000000000000	00000000000000000000000000000
00000000000001000000000000	0000000000000010100000000000000000	000000000000000000000000000000	000000000000000000000000000000	00000000000000000000000	00000000000000000000000000000
00001000000000000000100000	0000000000000000000000000000000000	000000000000000000000000000000	000000000000000000100000010000	00000000010000000000000	00000001000000000000000010000
00000000000000000000000000	0000000000000000000000000000000000	000000000000001000000000000000	000000000000000000000010000000	00000000000000000000010	00000000000000000000110001000
00100000000010000000000000	0000000000000000000000000000000000	000000000000000000000000000000	000000000000000000000000000000	00000000000000000000000	00000000000000001000000000000
00000000000000000000000000	0000000000000000001000000000010010	000000000000000010000000000000	000000000000000000000000000000	00000000000000000000000	00000000000000000000000000000
00000000000000000000000000	0000000000000000000000000000000000	000000000000001000000000000000	000000000000010000000010000000	00000000000000000000010	00000000000000000000100001000
00000100000000000000000000	0000000000000000000000000000000000	000000000001000000000000000000	000000000000000000000000000000	00000000000000000000000	00000000000000000000000000000
00000010010000000000000000	0001000000000000000000000000000000	000000010010000000000010000000	000000000000000000000001000000	00000000000000000000000	00010000000000000000000000010
00100000000000000000000000	0000000000000000000000000000000000	000000000000000000000000000000	000000000000000000000000000000	00000000000000000000000	00000000000000000000000000000
00000100000000000000000000	0000000000000000000000000000000000	000000000001000000000000000000	000000000000000000000000000000	00000000000000000000000	00000000000000000000000000000
00000000000000000000000000	0000000000000000000000000000000010	000000000000000010000000000000	000000000000100000000000000000	00000000000000000000000	00000000000000000000000000000
00001000000000000000100000	0000000000000000000000001000000000	000000000000000000000000000000	000100000000000000100000010000	00000000010000000000000	00000001000000000000000110000
00000000000000000000010000	0000000000000000000010000000000100	000000000000000000000000000000	000000000000000000000000000000	01000000000000000000000	00000100000000000000000000000
00000000000000100000010000	0000000001000000000010000000000000	000000000000000000000000000000	000000000000000000000000000000	00000000000000000000000	00000000000000000000000000000
00001000000000000000100000	0000000000000000000000000000000000	000000000000000000000000000000	000000000000000000100000010000	00000000010000000000000	00000001000000000000000010000
00100000000010000000000000	0000000000000000000000000000000000	000000000000000000000000000000	000000000000000000000000000000	00000000000000000000000	00000000000000000000000000000
00000000000000000000000000	0000000000000000001000000000010010	000000000000000010000000000000	000000000000000000000000000000	00000000000000000000000	00000000000000000000000000000
00100000000010000000000000	0000000000000000000000000000000000	000000000000000000010000000000	000000000000000000010000000000	00000000000000000000000	00000000000000000000000000000
00001000000000000000100000	0000000000000000000000001000000000	000000000000000000000000000000	000100000000000000100000010000	00000000010000000000000	00000001000000000000000110000
00000000000000100000010000	0000000000000000000010000000000000	000000000000000000000000000000	000000000000000000000000000000	00000000000000000000000	00000000000000000000000000000
00000000000000000000000000	0000000000000000000000000000000010	000000000000010010000000000000	000000000000000000000000001000	10000000000000000000000	00000000010000000000000000000
00000000000000000000000000	0000000000000000000000000000000010	000000000000000010000000000000	000000000000000000000000000000	00000000000000000000000	00000000000000000000000000000
00001000000000000000100000	0000000000000000000000000000000000	000000000000000000000000000000	000000000000000000100000010000	00000000010000000000000	00000001000000000000000010000
00000000000000000000000000	0000000000000000000000000000000000	000000000000001000000000000000	000000000000000000000010000000	00000100000000000000010	00000000000000000000100001000
00100000000010000000000000	0000000000000000000000000000000000	000000000000000000000000000000	000000000000000000000000000000	00000000000000000000000	00000000000000000000000000000
00000000000000000000000000	0000000000000000000000000000000000	000000000000000000000000000000	000000000000001000000000000000	00000000001101000000000	00000000000000000000000000000
00000000000000000000000000	0000000000000000000000000000000000	000000000000001000000000000000	000000000000010000000010000000	00000000000000000000010	00000000000000000000100001000
00001000000000000000100000	0000000000000000000000000000000000	000000000000000000000000000000	000000000000000000100000010000	00000000010000000000000	00000001000000000000000010000
00000100000000000100000000	0000000000000000000000000000000000	010000000001000000000000000000	000000000000000000000000000000	00000000000000000000000	00000000000000100000000000000
00100000000010000000000000	0000000000000000000000000000000000	000000000000000000010000000000	000000000000000000000000000000	00000000000000000000000	00000000000000000000000000000
00000000000000100000010000	0000000001000000000010000000000000	000000000000000000000000000000	000000000000000000000000000000	00000000000000000000000	00000000000000000000000000000
00000000000000000010000000	0010000000000000000000000000000000	001000000000000000000000000000	000000000000000000000000000000	00000000000000000100100	00000000000000000000000000000
00000000000000100000010000	0000000001000000000010000000000000	000000000000000000100000000000	000000000000000000000000000000	00000000000000000000000	00000000000000000000000000000
00000000000000000000000000	0000000000000000001000000000010010	000000000000000010000000000000	000000000000000000000000000000	00000000000000000000000	00000000000000000000000000000
00000000001000000000010000	0000000000000000000010000000000100	000000000000000000000000000000	000000000000000000000000000000	01000000000000000000000	00000000000000000000000000000
00000000000000000000000000	0000000000000000001000000000010010	000000000000000010000000000000	000000000000000000000000000000	00000000000000000000000	00000000000000000000000000000
00000000000000000000000000	0000000000000000000000000000000000	000000000000000000000000000000	000000100100000000000000000000	00000000000000000001000	00000000100000010000000000001
00100000000010000000000000	0000000000000000000000000000000000	000000000000000000000000000000	000000000000000000000000000000	00000000000000000000000	00000000000000000000000000000
00001000000000000000100000	0000000000000000000000000000000000	000000000000000000000000000000	000000000000000000100000010000	00000000010000000000000	00000001000000000000000010000
10000000000000000000000000	0000000000000000000010000000000000	000000000000000000000000000000	000000000000000000001000000000	00000000000000000000000	00000000000000000000000000000
00000000000000000000000000	0000100000100001010001100000000000	000000000000000000000000000000	000000000000000000000000000001	00001000000000000000000	00000010000000000000000000000
00000000000000000000000000	0000000000000000001000000000010010	000000000000000010000000000000	000000000000000000000000000000	00000000000000000000000	00000000000000000000000000000
00000000000000000010000000	0010000000000000000000000000000000	001000000000000000000000000000	000000000000000000000000000000	00000000000000000100100	00000000000000000000000000000
00000000000000000000000000	0000100000000001000000100000000000	000000000000000000000000000000	000000000000000000000000000000	00001000000000000000000	00000010000000000000000000000
00000000000000000010000000	0010000000000000000000000000000000	001000000000000000000000000000	000000000000000000000000000000	00000000000000000100100	00000000000000000000000000000
00000000000000100000010000	0000000000000000000010000000000000	000000000000000000000000000000	000000000000000000000000000000	00000000000000000000000	00000000000000000000000000000
00000100000000000000000000	0000000000000000000000000000000000	000000000101000000000000000000	000000000000000001000000000100	00000000000000010000000	00000000000000100000000000000
00000000000001000000000000	0000000000000010100000000000000000	000000000000000000000000000000	000000000000000000000000000000	00000000000000000000000	00000000000000000000001000000
10000000000000000000000000	0000000000000000000010000000000000	000000000000000000000000000000	000000000000000000001000000000	00000000000000000000000	00000000000000000000000000000
00000100000000000000000000	0000000000000000000000000000000000	000000000101000000000000000000	000000000000000001000000000100	00000000000000010000000	00000000000000100000000000000
00001000000000000000100000	0000000000000000000000000000000000	000000000000000000000000000000	000000000000000000100000010000	00000000010000000000000	00000001000000000000000010000
00001000000000000000100000	0000000000000000000000000000000000	000000000000000000000000000000	000000000000000000100000010000	00000000010000000000000	00000001000000000000000010100
00000000000000100000010000	0000000000000000000010000000000000	000000000000000000000000000000	000000000000000000000000000000	00000000000000000000000	00000000000000000000000000000
00000000001000000000010000	0000000000000000000010000000000100	000000000000000000000000010000	000000000000000000000000000000	01000000000000000000000	00000000000000000000000000000
00000000000000000000010000	0000000000000000000010000000000100	000000001000000000000000000000	000000000000000000000000000000	01000000000000000010000	00000100000000000000000000000
10000000000000000000000000	0000000000000000000010000000000000	000000000000000000000000000000	000000000000000000001000000000	00000000000000000000000	00000000000000000000000000000
00000000000000000000000000	0000100000000001000000100000000000	000000000000000000000000000000	000000000000000000000000000000	00001000000000000000000	00000010000000000000000000000
00000100000000000000000000	0000000000000000000000000000000000	000000000001000000000000000000	000000000000000000000000000000	00000000000000000000000	00000000000000000000000000000
00000000000000000000000000	0000000000000000001000000000010010	000000000000000010000000000000	000000000000000000000000000000	00000000000000000000000	00000000000000000000000000000
00000000000000000000000000	0000000000000000001000000000010010	000000000000000010000000000000	000000000000000000000000000000	00000000000000000000000	00000000000000000000000000000
00000000000000100000010000	0000000000000000000010000000000000	000000000000000000000000000000	000000000000000000000000000000	00000000000000000000000	00000000000000000000000000000
00100000000010000000000000	0000000000000000000000000000000000	000000000000000000000000000000	000000000000000000000000000000	00000000000000000000000	00000000000000000000000000000
00000000000000100000010000	0000000001000000000010000000000000	000000000000000000000000000000	000000000000000000000000000000	00000000000000000000000	00000000000000000000000000000
01000000000000000000000100	0000000000000000000000000000001000	000000000000000000000000000000	000000000000000000000100000010	00000000000000000000000	00000000000000000000000000000
00000100000000000000000000	0000000000000000000000000000000000	000000000101000000000000000000	000000000000000001000000000100	00000000000000010000000	00000000000000100000000000000
00001000000000000000100000	0000000000000000000000000000000000	000000000000000000000000000000	000000000000000000100000010000	00000000010000000000000	00000001000000000000000010000
00000000000001000000000000	0000000000000010100000000000000000	000000000000000000000000000000	000000000000000000000000000000	00000000000000000000000	00000000000000000000001000000
00100000000010000000000000	0000000000000000000000000001000000	000000000000000000010000000000	000000000000000000000000000000	00000000000000000000000	00000000000000000000000000000
00000000000000000000000001	0000000000000000000000000000000010	000000000000100010000000000000	000000000000000100000000000000	00100000000000000000000	00000000000000000000000000000
00000000000000100000010000	0000000101000000000010000000000000	000000000000000000000000000000	000000000000000000000000000000	00000000000000000000000	00000000000000000000000000000
00000000000000000000000000	0000000000001000000000000000000010	000000000000000010000000000000	000000000000000000000000000000	00000000000000000000000	00000000000000000000000000000
00000000000000000000000000	0000000000000000001000000000010010	000000000000000010000000000000	000000000000000000000000000000	00000000000000000000000	00000000000000000000000000000
00000000000000001000000000	0000000000000000000000010000000000	000000000000000000000000000000	000000000001000000000000000000	00000000100010000000000	00000000000000000000000000000
00000000100000000000000000	0000000000000000000000000000000010	000000000000000010000000000000	000000000000000000000000000000	00000000000000000000000	00000000000000000000000000000
00000000000000100000010000	0000000001000000000010000000000000	000000000000000000000000000000	000000000000000000000000000000	00000000000000000000000	00000000000000000000000000000
00000000000000100000010000	0000000001000000000010000000000000	000000000000000000000000000000	000000000000000000000000000000	00000000000000000000000	00000000000000000000000000000
00001000000000000000100000	0000000000000000000000000000000000	000000000000000000000000000000	000000000000000000100000010000	00000000010000000000000	00000001000000000000000010000
00000000000000100000010000	0000000001000000000010000000000000	000000000000000000000000000000	000000000000000000000000000000	00000000000000000000000	00000000000000000000000000000
00000000000000100000010000	0000001000000000000010000000000000	000100000000000000000100000000	000000000000000000000000000000	00000010000000000000000	00000000000000000000000000000
00000000000000001000000000	0000000000000000000000010000000000	000000000000000000000000000000	000000000001000000000000000000	00000000100010000000000	00000000000000000000000000000
00000000000000000000000000	0000000000000000000000000000000000	100001000000000000000000000000	000000000000000000000000000000	00000000001100000000000	00000000001001000001000000000
00000000000000000000000001	0000000000000000000000000000000010	000000000000100010000000001000	000000000000000000000000000000	00100000000000000000001	00000000000000000100000000000
00000000000000000000000000	0000000000000000000000000000000000	000000000000000000000000000000	000000000000001000000000000000	00010000001101000000000	00000000000000000000000000000
00000000000000000000000000	0000000000000000000000000000000000	000000000000000000000000000001	000000000000000010000000000000	00000000000000001000000	00000000000000000000000000000
00000100000000000000000000	0000000000000000000000000000000000	000000000101000000000000000000	000000000000000001000000000100	00000000000000010000000	00000000000000100000000000000
00000100000000000000000000	0000000000000000000000000000000000	000000000101000000000000000000	000000000000000001000000000100	00000000000000010000000	00000000000000100000000000000
00000100000000000000001000	0000000000000000000000000000100000	000000000101000000000000000000	000000000000000000000000000000	00000000000000010000000	10000000000000100000000000000
00000000000000000001000000	0000000000000000000000000000000000	000000000000000000000000000000	000001000000000000000000000000	00000000000000000000000	01000000000100000000000000000
00100000000000000000000000	0000000000000000000000000000000000	000000000000000000000000000000	000000000000000000000000000000	00000000000000000000000	00000000000000000000000000000
00000100000000000000000000	0000000000000000000000000000000000	000000000001000000000000000000	000000000000000000000000000000	00000000000000000000000	00000000000000000000000000000
00000000000000000000000001	0000000000000000000000000000000010	000000000000100010000000000000	000000001000000000000000100000	00100000000000000000001	00000000000000000110000000000
00000100000000000000000000	0000000000000000000000000000000000	000000000001000000000000000000	000000000000000000000000000000	00000000000000000000000	00000000000000000000000000000
00000000000000100000010000	0000000000000000000010000000000000	000000000000000100001000000000	000000000000000000000000000000	00000000000000000000000	00000000000000000000000000000
00000000000000000000000100	0000000000000000000000000000001000	000000000000000000000000000000	000000000000000000000100000010	00000000000000000000000	00000000000000000000000000000
00000000100000000000000000	0000000000000000000000000000000010	000000000000000010000000000000	000000000000000000000000000000	00000000000000000000000	00000000000000000000000000000
00000100000000000000000000	0000010000010000000000000000000000	000000000101000000000000000000	000000000000000001000000000100	00000000000000010000000	00000000000000100000000000000
00000000000000000000000000	0000000000000000000000000000000010	000000000000000010000000000000	000000000000000000000000000000	00000000000000000000000	00000000000000000000000000000
10000000000000000000000000	0000000000000000000010000000000000	000000000000000000000000000000	100000000000000000001000000000	00000000000000000000000	00000000000000000000000000000
00000000000000000000000000	0000000000000000000000000000000010	000000000000000010000000000000	000000000000000000000000000000	00000000000000000000000	00000000000000000000000000000
00000000000000000000000000	0100000010000100000000000010000000	000000100000000000000000100000	010010000000000000000000000000	00000000000000000000000	00100000000000000000000000000
00000000000000000000000000	0000000000000000001000000000010010	000000000000000010000000000000	000000000000000000000000000000	00000000000000000000000	00000000000000000000000000000
00000000000000000000000000	0000000000000000000000000000000000	000000000000000000000000000000	000000000000000000000000000000	00000000001100000000000	00000000001001000001000000000
