000000000000000000000000000	000000000000000000	000000000000000000000000	0000000000000000	0000000000000000000000000000	00000000100000000000
000000000000000000000000000	000000000000000000	000000000000000000000000	0000000000000000	0000000010000000000000000000	00000000000000001000
000000000100000000000000000	000000001000001000	000000000000000000000100	0000000000000000	0000000000000000000010100000	00000000000000000000
001000000000000000000000000	000000000000000000	000000000000000000000000	0000000000000000	0000000000000000000000000000	00000000100000000000
000000000000000000000000000	000000000000000000	010000000000000001000000	0010000000000000	0000000000000000000000000000	00000001000000000000
000000000100000000000000000	000000000000001000	000000000000000000000100	0000000000000000	0000000000000000000010000000	00000000000000000000
000000000000000000000000000	000000000000000000	000000000000000000000000	0000000000000000	0000000010000000000000000000	00000000000000001000
000000000000000000000000000	000000000000000000	000000000000000000000000	0000000000000000	0000000010000000000000000000	00000000000000001000
000000010000000000000000000	000000000010000000	000010000100000000000000	0000000000010000	0000000000000000000000000000	00000000000000000001
000000000000000000000000000	000000000000000001	000000000000000000000000	0100010001000100	0000000000000000000000000000	00000000000000000000
000000000000000000100000000	100000000000000000	000000000000000000000000	0000000000000000	0000000000000000000000000000	00000000000000000000
000000010000000000000000000	000000000010000000	100010000100000000000000	0000000000000000	0000000000000000000000000000	00000000000000000001
000000000000000000000000000	000000000000000000	010000000000000001000000	0010000000000000	0000000000000000000000000000	00000001001000000000
000010000000000000010100000	000000000100000000	001000000000000000000000	0000000000000000	0000000000000000000000000000	00000000000000000000
000000000000000000000000000	000000000000000000	000000000000000000000000	0000000000000000	0000000000000000000000000000	00000000100000000000
000000010000000000000000000	000000000010000100	000000000000000010000000	0000001000000000	0000000000000000000000000000	00000000000000000001
000000000000000000000000000	000010000000000000	000000000000000000000000	0000000000000000	1000000010000000000000000000	00000000000000001000
000000000100000000000000000	000000000000001000	000000000000000000000100	0000000000000000	0000000000000000000010000000	00000000000010000000
000000010001000000000000000	000000000010000000	000010000100000000000000	0000000000000000	0000000000000000000000000000	00000000000000000001
000000000000000000100000000	100000000000000000	000000000000000000000000	0000000000000000	0000000000000000000000000000	00000000000000000000
000000000000000001100000010	000000000000000000	000000000000001000000001	0000000000000000	0000000000000000000000010000	00100010000000000000
000000000000000000000000000	000000000000000000	000000000000000000000000	0000000000000000	0000000010110000000000000000	00000000000000001000
000000000000000000001000000	000000000000000000	000000000000000000011000	0000000000000000	0000000000000000000000000000	00000000100000000000
000000000000000000000000000	000000000000000000	000000110000000000000000	0000000000000000	0001000000000000011000000000	00000000100000000000
000000010000000000000000000	000000000010000100	000000000000000000000000	0000001000000000	0000000000000000000000000000	00000000000000000001
000000000000000000000000000	000000000000000000	010000000000000001000000	0010000000000001	0000000000000000000000000100	00000001000000000000
000000000000000000100000000	100000000000000000	000000000000000000000000	0000000000000000	0000000000000000000000000000	00000000000000000000
000000000000000000000000000	000000000000000000	000000000000000000000000	0000000000000000	0000000010000000000000000000	00000000000000001000
000000000000000000100000000	100000000000000000	000000000000000000000000	0000000000000000	0000000000000000000000000000	00000000000000000000
000000010001000000000000000	000000000010000000	000010000100000000000000	1000000000000000	0000000000000000000000000000	00001000000000100001
000000010000000000000000000	010000000010000000	000010000100000000000000	0000000000001010	0000000000000000000000000000	00000000000100000001
000000000000000000000000000	000000000000000000	000000000000000000000000	0000000000000000	0000000010000000000000000000	00000000000000001000
000000000100000000000000000	000000000000001000	000000000000100000000100	0000000000000000	0000000000000001000010000000	00000000000000000000
000000010000000000000000000	000000000010100100	000000000000000000000000	0000001000000000	0000000000000000000000000000	00000000000000000001
000000000000000000000000000	000000000000000000	010000000000000001000000	0010000000000000	0000000000000000000000000000	00000001000000000000
000000000000000000000000000	000000000000000000	000000000000000000000000	0000000000000000	0000000000000000000000000000	00000000100000000000
000000010000000000000000000	000000000010000100	000000000000000000000000	0000001000000000	0000000000000000000000000000	00000000000000000001
000000010000000000000000000	000000000010000100	000000000000000000000000	0000001000000000	0000000000000000000000000000	00000000000000000001
000000000000000000000000000	000000000000000000	000000000000000000000000	0000000000100000	0000000010000000000000000000	00000000000000001000
000000000000000000000000000	000000000000010000	000000000001000000010000	0000000000000000	0000000000000000000000000000	00000000100000000000
000000000000000000000000000	000010000000000000	000000001000000000000000	0000000000000000	0000000010000000000000000000	00000000000000001000
000000000000000000100000000	100000000000000000	000000000000000000000000	0000000000000000	0000000000000000000000000000	00000000000000000000
000000010000000000000000000	000000000010000000	000010000100010000000000	0000000000000000	0000000000000000000000000000	00000000000000000001
000000010000000000000000000	000000000010000100	000000000000000000000000	0000001000000000	0000000000000000000000000000	10000100000000000001
000000000000000000000000000	000000000000000000	000000000000000000000000	0000000000000000	0000000010000000000000000000	00000000000000001000
000000010010000010000000000	000000010010000000	000000000000000000000000	0000100000000000	0000000000000000000000000010	00010000010000000001
000000000100000000000000000	000000100000001000	000000000000000000000100	0000000000000000	0000000000000100000010000000	00000000000000000000
000000000000000000001000000	000000000000000000	000000000000000000011000	0000000000000000	0000000000000000000000000000	00000000100000000000
000000100000000000100000000	100000000000000000	000001000000000000000000	0000000000000000	0000000000000000000000000000	00000000000001000000
000000010000000000000000000	000000000010000100	000000000000000000000000	0000001000000000	0000000000000000000000000000	00000000000000000001
000000000000000000000000000	000010000000000000	000000000000000000000000	0000000000000000	0000000010000000000000000000	00000000000000001010
000000010000000000000000000	000000000010000100	000000000000000000000000	0000001000000000	0000000000000000000000000000	00000000000000000001
000000010000000000000000000	000000000010000100	000000000000000000000000	0000001000000000	0000000000000000000000000000	00000000000000000101
000000000000000000010000000	000000000100000000	001000000000000000000000	0000000000000000	0000000000000000000000000000	00000000000000000000
000000010000000000000000000	000000000010000000	000010000100010000000000	0000000000000000	0000000000000000000000000000	00000000000000000001
000000010000000000000000000	000000000010000100	000000000000000000000000	0000001000000000	0000000000000000000000000000	00000000000000000001
000000000000000000000000000	000000000000000001	000000000000000000000000	0100010001000100	0000000000000000000000000000	00000000000000000000
000000010001000000000001000	000000000010000000	000010000100000000000000	0000000000000000	0000000000000000000000000000	00001000000000100001
000000010001000000000000000	000000000010000000	000010000100000000000000	0001000000000000	0000000000000000000000000000	00000000000000000001
000000000000000000000000000	000000000000000000	010000000000000001000000	0010000100000000	0000000000000000000000000000	00000001000000000000
000000010001000000000000000	000000000010000000	000010000100000000000000	0000000000000000	0000000000000000000000000000	00000000000000000001
000000010000000000000000000	000000000010000000	000010000100010000000000	0000000000000000	0000000000000000000000000000	00000000000000000001
000000000000000000000000000	000000000000000001	000000000000000000000000	0100010001000100	0000000000000000000100000000	00000000000000000000
000000100000000000100000000	100000000000000000	000001000000000000000000	0000000000000000	0000000000000000000000000000	00000000000000000000
000000000000000000000000000	000000000000000000	000000000000000000000000	0000000000000000	0000000010010000000000000000	00000000000000001000
000000010001000000000000000	000000000010000000	000010000100000000000000	0000000000000000	0000000000000000000000000000	00000000000000000001
000000000000000000000000000	000000000000000000	000000000000000000000000	0000000000000000	0000000010010000000000000000	00000000000000001000
000000000000000000000000000	000000000000000000	000000000000000000000000	0000000000000000	0000000010000000000000000000	00000000000000001000
100000000000000001100000010	000000000000000000	000000000000001000000001	0000000000000000	0000000000000000000000010000	00100000000000000000
000000000000000000010000000	000000000100000000	001000000000000000000000	0000000000000000	0000000000000000000000000000	00000000000000000000
000000000000000000000000000	000000000000000010	000000000000000000000000	0000000000000000	0000000010000000000000000000	00000000000000001000
000000010010000010000000000	000000010010000000	000000000000000000000000	0000100000000000	0000010000000000000000000010	00010000010000000001
000000001000000000000000000	000000000000000000	010000000000000001000000	0010000000000000	0000000000000000000000000000	00000001000000000000
000000010000000000000000000	000000000010000100	000000000000000000000000	0000001000000000	0000000000000000000000000000	10000100000000000001
010000000000100000000000000	000000000000000000	010000000000000001100000	0000000000000000	0000000000000000000000000000	00000001000000000000
000000010000000000000000000	000000000010000000	000010000100000000000000	0000000000001010	0000001000000000000000000000	00000000000100000001
000000010000000000000000000	000000000010000100	000000000000000100000000	0000001000000000	0000000000000000000000000000	00000000000000000001
000000000000000001100000010	000000000000000000	000000000000001000000001	0000000000000000	0000000000000000000000010000	00100000000000000000
000000000000000000000000000	000000000000000001	000000000000000000000000	0100010001000100	0000000000000000000000000000	00000000000000000000
000000000000000000000000000	000010000000000000	000000000000000000000000	0000000000000000	1000000010000000000000000000	00000000000000001000
000000000000000001100000010	000000000000000000	000000000000001000000001	0000000000000000	0000000000000000000000010000	00100000000000000000
000000000000000000100000001	100000000000000000	000000000000000000000000	0000000000000000	0000000100000000000000000000	00000000000000000000
000000000000000000000000000	000000000000000000	010000000000000001000000	0010000000000000	0000000000000000000000000000	00000001000000000000
000001000000000000000000000	000000000000000000	000000000000000000000000	0000000000000000	0000000010000000000000000000	00000000000000001000
000000010000000000000000000	000000000010000100	000000000000000000000000	0000001000000000	0000000000000000000000000000	00000000000000000001
000000000000000000000000000	000000000000000000	000000000000000000000000	0000000000000000	0000000010000000000000000000	00000000000000001000
000000000000000000000000000	000000000000000000	010000000000000001000000	0010000000000000	0000000000000000000000000001	00000001000000000000
000000000100000000000000000	000000000000001000	000000000000000000000100	0000000000000000	0000000000000000000010100000	00000000000000000000
000000000000000000100000000	100000000000000000	000000000000000000000000	0000000000000000	0000000000000000000000001000	00000000000000000000
000010000000000000010100000	000000000100000000	001000000000000000000000	0000000000000000	0000000000000000000000000000	00000000000000000000
000000000000000100000010000	000000000000000000	000000000000000000000000	0000000000000000	0100000000000000100000000000	00000000000000000000
000000010010000010000000000	000000010010000000	000000000000000000000000	0000100000000000	0000000000000000000000000010	00010000010000000001
010000000000100000000000000	000000000000000000	010000000000000001000000	0000000000000000	0000000000000000000000000000	00000001000000000000
000000000000000001100000010	000000000000000000	000000000000001000000001	0000000000000000	0000000000000000000000010000	00100000000000000000
000000000000000000000000000	000100000001000000	000000000000000000000000	0000000000000000	0000000000000000000000000000	00000000100000000000
000000000000000001100000010	000000000000000000	000000000000001000000001	0000000000000000	0000000000000000000000010000	00100000000000000000
000000000100000000000000000	000000000000001000	000000000000000000000100	0000000000000000	0000000000000000000010000000	00000000000000000000
000000010000000000000000000	000000000010000000	000010000100000000000000	0000000000001010	0000000000000000000000000000	00000000000100010001
000000000000000000100000000	100000000000000000	000000000000000000000000	0000000000000000	0000000000000000000000000000	00000000000000000000
000000000000000000000000000	000000000000000000	000000000000000000000000	0000000000000000	0000000010000000000000000000	00000000000000001000
000000000100000000000000000	000000000000001000	000000000000000000000100	0000000000000000	0000000000000100000010000000	00000000000000000000
000000000000000000000000000	000100000001000000	000000000000000000000000	0000000000000000	0000000000000000000000000000	00000000100000000000
000000000000000000000000000	001000000000000000	000000000000000000000000	0000000000000000	0000000010110000000000000000	00000000000000001000
000000010000000000000000000	000000000010000100	000100000000000000000000	0000001000000000	0000000000000000000000000000	10000100000000000001
000000000000000001100000010	000000000000000000	000000000000001000000001	0000000000000000	0000000000000000000000010000	00100000000000000000
000000000000000100000010000	000000000000000000	000000000000000000000000	0000000000000000	0100000001001000100000000000	00000000000000000000
000000000000000000000000000	000000000000000000	000000110000000000000000	0000000000000000	0001000000000000000000000000	00000000100000000000
000000000000000000000000000	000000000000000000	000000000000000000000000	0000000000000000	0000000010000000000000000000	00000000000000001000
000000000000000000000000000	000100000001000000	000000000000000000000000	0000000000000000	0000000000000000000000000000	00000000100000000000
000100000000000000001000000	000000000000000000	000000000000000000011000	0000000000000000	0000000000000000000000000000	00000000100000000000
000000010001000000000000000	000000000010000000	000010000100000000000000	0000000000000000	0000000000000000000000000000	00000000000000000001
000000100000000000100000000	100000000000000000	000001000000000000000000	0000000000000000	0000000000000000000000000000	00000000000000000000
000000000000000000000000000	000000000000000000	000000000000000000000000	0000000000000000	0000000000000000000000000000	00000000100000000000
000000010001000000000000000	000000000010000000	000010000100000000000000	0000000000000000	0000000000000000000000000000	00000000000000000001
000000000000000000100000000	100000000000000000	000000000000000000000000	0000000000000000	0000000000000010000000000000	00000000000000000000
000000000000000000010000000	000000000100000000	001000000000000000000000	0000000000000000	0000000000000000000000000000	00000000000000000000
000000010001000000000000000	000000000010000000	000010000100000000000000	0000000000000000	0000000000000000000000000000	00000000000000000001
000000000000000100000010100	000000000000000000	000000000010000000000000	0000000000000000	0110100001000000100000000000	00000000000000000000
000000010010000010000000000	000000010010000000	000000000000000000000010	0000100000000000	0000000000000000000000000010	00010000010000000001
000000010000010000000000000	000000000010000000	000010000100000000000000	0000000000001010	0000000000000000000000000000	00000000000100000001
000000000000000000000000000	000000000000000000	000000000000000000000000	0000000000000000	0000000010000000000000000000	00000000000000001000
000000000000000000100000000	100000000000000000	000000000000000000000000	0000000000000000	0000000000000000000000000000	00000000000000000000
000000010000000000000000000	000000000010000100	000000000000000000000000	0000001000000000	0000000000000000000000000000	00000000000000000001
000000010000000000000000000	000000000010000000	000010000100010000000000	0000000000000000	0000000000000000000000000000	00000000000000000001
000000000000000000100000000	100000000000000000	000000000000000000000000	0000000000000000	0000000000000000000000001000	00000000000000000000
010000000000100000000000000	000000000000000000	010000000000000001000000	0000000000000000	0000000000000000000000000000	00000001000000000000
000000000000000000000000000	000000000000000000	010000000000000001000000	0010000000000000	0000000000000000000000000000	00000001000000000000
000000000000000000000000000	000000000000000000	000000000000000000000000	0000000000000000	0000000010000000000000000000	00000000000000001000
000000000000000000000000000	000000000000000000	000000000000000000000000	0000000000000000	0000000010000000000000000000	00000000000000001000
000000000000000000000000000	000100000001000000	000000000000000000000000	0000000000000000	0000000000000000000000000000	00000000100000000000
000010000000000000010100000	000000000100000000	001000000000000000000000	0000000000000000	0000000000000000000000000000	00000000000000000000
000000010000000000000000000	000000000010000000	000010000100000000000000	0000000000001010	0000000000000000000000000000	00000000000100010001
000000000000000001100000010	000000000000000000	000000000000001000000001	0000000000000000	0000000000000000000000010000	00100000000000000000
000000000000000000000000000	000000000000000000	000000000000000000000000	0000000000000000	0000000010000000000000000000	00000000000000001000
000000010000000000000000000	000000000010000100	000000000000000000000000	0000001000000000	0000000000000000000001000000	00000000000000000001
000000010001000000000000000	000000000010000000	000010000100000000000000	0000000010000000	0000000000000000000000000000	00000000000000000001
000000000000001100000010000	000000000000000000	000000000000000000000000	0000000000000000	0100000000000000100000000000	00000000000000000000
000000000000000000100000000	100000000000000000	000000000000000000000000	0000000000000000	0000000000000010000000000000	00000000000000000000
010000000000100000000000000	000000000000000000	010000000000000001000000	0000000000000000	0000000000000000000000000000	00000001000000000000
000000010000000000000000000	000000000010000000	000010000100000000000000	0000000000001010	0000000000000000000000000000	00000000000100000001
000000000000000000001000000	000001000000000000	000000000000000000011000	0000000000000000	0000000000000000000000000000	01000000100000000000
000000000000000000000000000	000010000000000000	000000000000000000000000	0000000000000000	1000000010000000000000000000	00000000000000001000
000000000000000000000000000	000000000000000000	010000000000000001000000	0010000000000000	0000000000000000000000000001	00000001000000000000
000000000000000000000000000	000000000000000000	010000000000000001000000	0010000000000001	0000000000000000000000000000	00000001000000000000
000010000000000000010100000	000000000100000000	001000000000000000000000	0000000000000000	0000000000000000000000000000	00000000000000000000
000000010000000000000000000	000000000010000100	000100000000000000000000	0000001000000000	0000000000000000000000000000	10000100000000000001
000000000000000000000000000	000100000001000000	000000000000000000000000	0000000000000000	0000000000000000000000000000	00000000100000000000
000000000000000000000000000	000000000000000000	000000000000000000000000	0000000000000000	0000000010000000000000000000	00000000000000001000
010000000000100000000000000	000000000000000000	010000000000000001000000	0000000000000000	0000000000000000000000000000	00000001000000000000
000000000000000000000000000	000010000000000000	000000000000000000000000	0000000000000000	1000000010000000000000000000	00000000000000001000
