00000000010000000000000	0010000000000000100101	10000010010000000000000	00000000000000000000	00001000010000	00010100
00000000010000000000000	0010000001000000100000	00000010000000000000000	00000000000000000000	00101000000000	00000000
01000000000000000000000	0000000100100000000000	00000000000000000000000	00000000000010001000	00000100000100	10100000
00000000010000000000000	0010000000000000100101	10000010010000000000000	00000000000000000000	00001000010000	00010100
00000000000000000001000	0000000000001000000000	00100000000100000000100	01000000100000000000	01000000000000	00000000
00000100000001000000000	1000000000000000000000	00001000001001000000000	10000000000000000000	00000000001000	00000010
00000000010000000000000	0010010000000000100000	00000010000000100000000	00000000000000000000	00101000000000	00000000
00000000000000000001000	0000000000001000000000	00100000000100000000100	01000000100000000000	00000000000000	00000000
00000000000000000000000	0000000000001000000000	00100000000100000000100	00000000000000000000	00000000000000	00000000
00000000010100000000000	0011000000000000101000	00000010000000000000000	00000000000001000000	00101000000000	00000000
00000000000000000000000	0000000000001000000000	01100000000100000000100	00000000000000000000	00000000000001	00000000
00000000010000000000000	0010000000000000100000	00000010000000000000000	00000000000000000000	00101000000000	00000000
00000000010000000000000	0010000000000000100000	00000010000010000000000	00000000000000000000	00101000000000	00000000
10000000010000000000000	0010000000000000100000	00000010000000000000000	00000000000000000000	00101000000000	00000000
00000000010000001000000	0010010000000000100000	00000010000000100000000	00000000000000000000	00101000000000	00000000
00000000010000000000000	0010000000000000100000	00000010000000000000000	00000000000000000000	00101000000000	00000000
00000000010000000000000	0010000000000000100000	00000010000000000000000	00000000000000000000	00101000000000	00000000
01000000000000000000000	0000000100000000000000	00000000000000000000001	00000000001000001000	00000010000000	01001000
00010000000000000000000	0100000000000000000000	00000000000000000000000	00010000000000010000	10000000000000	00000000
00000000010000000000000	0010000001000000100000	00000010000000000000000	00000000000000000000	00101000000000	00000000
01000000000000000000000	0000000100000000000000	00000000000000000000000	00000000000010001000	00000100000100	10100000
00000000010000000000000	0010000000000000100101	10000010010000000000000	00000000000000000000	00001000010000	00010100
00000000010000000000010	0010000000000000100000	00000010000000000000000	00000000000000000000	00101000000000	00000000
00000000010000000000000	0010000000000000100101	10000010010000000000000	00000000000000000000	00001000010000	00010100
01000000000000010000000	0000000100000000000000	00000000000000000000000	00000000000010101000	00000100000100	10100000
00000000010000000000000	0010000000000000100000	00000010000000000000000	00000000000000000000	00101000000000	00000000
00000000010000000000000	0010000000000000100101	10000010010000000000000	00000000000000000000	00001000010000	00010100
00000000010000000000010	0010000000000000100000	00000010000000000010000	00000000000000000000	00101000000000	00000000
00000000010000000000000	0010000000000000100000	00000010000000000000000	00000000000000000000	00101000000000	00000000
00000000010000000000000	0010000000000000100010	00000011000000000000000	00000000000000000010	00101000000000	00000000
00000000000000000000000	0000000000001000000000	01100000000100000000100	00000000000000000000	00000000000000	00000000
00000000010000000000000	0010000000000000100000	00000010000000000000000	00000000000000000000	00101000000000	00000000
00000100000001000000000	1000000000000000000000	00001000001001001000000	00000100000000000000	00000001001000	00000010
00000000010000000000000	0010000001000000100000	00000010000000000000000	00000000000000000000	00101000000000	00000000
01000000000000010000000	0000000100000000000000	00000000000000000000000	00000000000010101000	00000100000100	10100000
00000000010000000000000	0010000000000000100101	10000010010000000000000	00000000000000000000	00001000010000	00010100
00000100000001000000000	1000000000000000000000	00001000001001001000000	00000000000000000000	00000001001000	00000010
00000000010000000000000	0010000000000000100000	00000010000000000000000	00000000000000000000	00101000000000	00000000
00000000010000000000000	0010000000000000100101	10000010010000000000000	00000000000000000000	00001000010000	00010100
00000000010000000000000	0010000000000000100000	00000010000000000000000	00000000000000000000	00101000000000	00000000
00000000010000000000000	0010000000000000100101	10000010010000000000000	00000000000000000000	00001000010000	00010100
00000000010000000000000	0011000000000010101000	00000010000000000000000	00000000000001000000	00101000000000	00000000
00000000010000000000000	0010000000000000100000	00000010000000000000000	00000000000000000000	00101000000000	00000000
00000000010000000000000	0010000001000000100000	00000010000000000000000	00000000000000000000	00101000000000	00000000
00000000000000000000000	0000000000001000000000	00010000000100000000100	00000000010000000000	00000000000000	00000000
00000000000000000001000	0000000000001000000000	00100000000100000000100	01000000100000000000	00000000000000	00000000
00000000010000000000000	0010000000000000100000	10000010000000000000000	00000000000000000000	00001000010000	00010000
00000000000000100000100	0000000000001000000000	00100000000100000000100	00000000000000000000	00000000000000	00000000
00000000000000000000000	0000000000001000000000	01100000000100000000100	00000000000000000000	00000000000000	00000000
00000000000000100000000	0000000000001000000000	00100000000100000000100	00000000000000000000	00000000000000	00000000
00000000000010000001000	0000000000001000000000	00100000000100000000100	01000000100000000000	00000000000000	00000000
00000000000010000001000	0000000000001000000000	00100000000100000000100	01000000100000000000	00000000000000	00000000
00000000010000000000000	0010000000000000100000	00000010000000000000000	00000000000000000000	00101000000000	00000000
01000000000000000000000	0000000100000000000000	00000000000000000000001	00000000000000001000	00000010000000	01001000
00000000010000000000000	0010000000000000100000	00000010000010000000000	00000000000000000000	00101000000000	00000000
00000100100001000000000	1000000000000000000000	00001000001001000000000	10000000000000000000	00000000001000	00000010
01000000000000000000000	0000000100000000000000	00000000000000000000000	00000000000010001000	00000100000100	10100000
01000000000000000000000	0000000100100000000000	00000000000000000000000	00000000000010001000	00000100000100	10100000
00000000010000000000000	0010010000000000100000	00000010000000100000000	00000000000000000000	00101000000000	00000000
00000000010000000000000	0010000001000000100000	00000010000000000000000	00000000000000000000	00101000000000	00000000
00000000000000000001000	0000000000001000000000	00100000000100000000100	01000000100000000000	00000000000000	00000000
00000000000000000001000	0000000000011000000000	00100000000100000000100	01000000100000000000	01000000000000	00000000
00000000000000000000000	0000000000001000000000	01100000000100000000100	00000000000000000000	00000000000000	00000000
00000000010000000000000	0010000000000000100000	00000010000000000000000	00000000000000000000	00101000000000	00000000
10000000010000000000000	0010000000000000100000	00000010000000000000000	00000000000000000000	00101000000000	00000000
00000000000000000000000	0000000000001000000000	01100000100100000000100	00000000000000000000	00000000000000	00000000
00000000010000000000000	0010010000000000100000	00000010000000100000000	00000000000000000000	00101000000000	00000000
00000010010000000010000	0010000000000000100000	10000010000000000000010	00100000000000000000	00001000010000	00010000
00000000010000000000000	0010000000000000100000	00000010000000000000000	00000000000000000000	00101000000000	00000000
00000000010000000000000	0010000000000000100000	00000010000000000000000	00000000000000000000	00101000000000	00000000
00000100000001000000000	1000000000000000000000	00001000001001001100000	00000100000000000000	00000001001000	00000010
00000000000000000001000	0000000000001000000000	00100000000100000000100	01000010100000000000	00000000000000	00000000
00000000010000000000000	0010010000000000100000	00000010000000100000000	00000000000000000000	00101000000000	00000000
00000000010000000000000	0010010000000000100000	00000010000000100000000	00000000000000000000	00101000000000	00000000
00010000000000000000000	0100000000000000000000	00000000000000000000000	00010000000000010000	10000000000000	00000000
00000000010000000000000	0010000000000000100000	00000010000000010000000	00000000000000000000	00101000000000	00000000
00000100000001000000000	1000000000000000010000	00001000001001001000000	00000000000000000000	00000001001000	00000010
00000000010000000000000	0010000000000000100000	00000010000000000000000	00000000000000000000	00101000000000	00000000
00000000000000000000000	0000000000001000000000	01100000000100000000100	00000000000000000000	00000000000001	00000000
00000000000000000000000	0000000000001000000000	00010000000100000000100	00000000010000000000	00000000000000	00000000
00000000010000000000000	0010000001000000100000	00000010000000000000000	00000000000000000000	00101000000000	00000000
00000000010000000000000	0010000001000000100000	00000010000000000000000	00000000000000000000	00101000000000	00000000
00000000000000000100000	0000000000001000000000	00010000000100000000100	00000000010000000000	00000000000000	00000000
00000100000001000000000	1000000000000000000000	00001000001001001000000	00000000000000000000	00000001001000	00000010
00000000010000000000010	0010000000000000100000	00000010000000000000000	00000000000000000000	00101000000000	00000000
00000000010100000000000	0011000000000000101000	00000010000000000000000	00000000000001000000	00101000000000	00000000
00000000000000100000000	0000000000001000000000	00100000000100000000100	00000000000000000000	00000000000000	00000000
00000000010000000000000	0010000000000000100000	10000010000000000000000	00000001000000000000	00001000010000	00010000
00000000010000000000000	0010000000000000100000	00000010000000000000000	00000000000000000000	00101000000000	00000000
00000101000001000000000	1000000000000000000000	00001000001001001000000	00000000000000000000	00000001001000	00000010
00000000010000000000000	0010010000000000100000	00000010000000100000000	00000000000000000000	00101000000000	00000000
00000000010000000000000	0010010000000000100000	00000010000000100000000	00000000000000000000	00101000000000	00000000
00000000000000000000000	0000000000001000000000	00010000000100000000100	00000000010000000000	00000000000000	00000000
00000000010000001000000	0010010000000000100000	00000010000000100000000	00000000000000000000	00101000000000	00000000
00000000000000100000000	0000000000001000000000	00100000000100000000100	00000000000000000000	00000000000000	00000000
00000000000000000001000	0000000000001000000000	00100000000100000000100	01000000100000000000	00000000000000	00000000
01000000000000000000000	0000000100000000000000	00000000000000000000001	00000000001000001000	00000010000000	01001000
00000100000001000000000	1000000000000000010000	00001000001001001000000	00000000000000000000	00000001001000	00000010
00000000000000100000000	0000000000001000000000	00100000000100000000100	00000000000000000000	00000000000000	00000000
00000000010000000000000	0010000000000000100000	00000010000000000000000	00000000000000000000	00101000000000	00000000
00000000000000000001000	0000000000001000000000	00100000000100000000100	01000010100000000000	00000000000000	00000000
00000000010000000000000	0010010000000000100000	00000010000000100000000	00000000000000000000	00101000000000	00000000
00000100000001000000000	1000000000000000000000	00001000001001001000000	00000000000000000000	00000001001000	00000010
00000000000000000000000	0000000000001000000000	00010000000100000000100	00000000010000000000	00000000000000	00000000
01000000000000010000000	0000000100000100000000	00000000000000000000000	00000000000010101000	00000100000100	10100000
00000000000000000000000	0000000000001000000000	00010000000100000000100	00000000010000000000	00000000000000	00000000
00000000011000000000000	0010000001000000100000	00000110000000000000000	00000000000000000000	00101000000000	00000000
00000000010000000000010	0010000000000000100000	00000010000000000000000	00000000000000000000	00101000000000	00000000
00000000000000000000000	0000000000001000000000	00100000000100000000100	00000000000000000000	00000000000000	00000000
00000000000000000000001	0000000010000001000000	00000000000000000000000	00000000000100000101	00000000001000	00000001
00000100000001000000000	1000000000000000000000	00001000001001001000000	00001000000000000000	00000001001000	00000010
00000000000000000000000	0000000000001000000000	00100000000100000000100	00000000000000000000	00000000000010	00000000
00000000000000100000000	0000000000001000000000	00100000000100000000100	00000000000000000000	00000000000000	00000000
00000000010000000000000	0010000000000000100000	00000010000000000000000	00000000000000000000	00101000000000	00000000
00000000000000000000000	0000000000001000000000	00100000000100000000100	00000000000000000000	00000000000000	00000000
00010000000000000000000	0100000000000000000000	00000000000000000000000	00010000000000010000	10000000000000	00000000
00000000000000000000000	0000000000001000000000	00010000000100000000100	00000000010000000000	00000000000000	00000000
00000000000000000001000	0000000000001000000000	00100000000100000000100	01000000100000000000	00000000000000	00000000
00000100000001000000000	1000000000000000000000	00001000001001001000000	00000000000000000000	00000001001000	00000010
01000000000000010000000	0000000100000000000000	00000000000000000000000	00000000000010101000	00000100000100	10100000
00000000010000000000000	0010000000000000100000	00000010000000000000000	00000000000000000000	00101000000000	00000000
00000000010000000000000	0010000000000000100000	00000010000000000000000	00000000000000000000	00101000000000	00000000
00000000010000000000010	0010000000000000100000	00000010000000000010000	00000000000000000000	00101000000000	00000000
00000000000000000001000	0000000000001000000000	00100000000100000000100	01000010100000000000	00000000000000	00000000
00000000000000000001000	0000000000001000000000	00100000000100000000100	01000000100000000000	00000000100000	00000000
00000000010000000000000	0010000000000000100000	00000010000000000001000	00000000000000000000	00101000000000	00000000
00100100000001000000000	1000001000000000000000	00001000001001001000000	00000000000000000000	00000001001000	00000010
00000000010000000000010	0010000000000000100000	00000010000000000010000	00000000000000000000	00101000000000	00000000
00000000000000000001000	0000000000001000000000	00100000000100000000100	01000000100000000000	00000000000000	00000000
00000000010000000000000	0010000001000000100000	00000010000000000000000	00000000000000000000	00101000000000	00000000
00000000010000000000000	0010010000000000100000	00000010000000100000000	00000000000000000000	00101000000000	00000000
00000000000000000000000	0000000000001000000000	00100000000100000000100	00000000000000000000	00000000000000	00000000
00000000010000000000000	0010010000000000100000	00000010000000100000000	00000000000000000000	00101000000000	00000000
00000000010000000000000	0010000001000000100000	00000010000000000000000	00000000000000000000	00101000000000	00000000
00000000010000000000010	0010000000000000100000	00000010000000000010000	00000000000000000000	00101000000000	00000000
00000100000001000000000	1000000000000000010000	00001000001001001000000	00000000000000000000	00000001001000	00000010
01000000000000000000000	0000100100100000000000	00000000000000000000000	00000000000010001000	00000100000100	10100000
00000000000000000000000	0000000000001000000000	01100000000100000000100	00000000000000000000	00000000000000	00000000
00010000000000000000000	0100000000000000000000	00000000000000000000000	00010000000000010000	10000000000000	00000000
00000000000000000001000	0000000000001000000000	00100000000100000000100	01000000100000000000	00000000100000	00000000
00001000010000000000000	0010000000000000100000	00000010000000000000000	00000000000000000000	00101000000000	00000000
00000000010000000000000	0010000000000000100010	00000011000000000000000	00000000000000000010	00101000000000	00000000
00000000010000000000000	0010000000000000100000	00000010000000000000000	00000000000000000000	00101000000000	00000000
00010000000000000000000	0100000000000000000000	00000000000000000000000	00010000000000010000	10000000000000	00000000
01000000000000000000000	0000000100000000000000	00000000000000000000000	00000000000010001000	00000100000100	10100000
01000000000000000000000	0000000100000000000000	00000000000000000000000	00000000000010001000	00000100000100	10100000
00000000000000000000000	0000000000001000000000	00100000000100000000100	00000000000000000000	00000000000000	00000000
01000000000000010000000	0000000100000000000000	00000000000000000000000	00000000000010101000	00000100000100	10100000
00000000000010000001000	0000000000001000000000	00100000000100000000100	01000000100000000000	00000000000000	00000000
00000100000001000000000	1000000000000000000000	00001000001001000000000	10000000000000000000	00010000001000	00000010
