000000000000000011000	0000001000000000	000010000000000000000	000010000000000000	00000000000001000010000	010000000000000001001010
100000000000000000000	0110000000000000	000000000000000010000	000000010100000001	00000010000000010000000	100000000000000000000000
000000000000000000000	0110000000000000	000000000000100000000	000000000000000001	00000000000000010000000	000000000000100000010000
000000000000000000000	0110000000000000	000000000000000000000	000000000000000001	00000000000000010000000	000000000000100000010000
000000000000000000000	0110000000000000	000000000000000010000	000000010100000001	00000010000000010000000	100000000000000000000000
000000000000000100001	0000000000000000	000000000000000001000	000000000000000000	00000000000000000001000	000000000000000000000000
000000000000010100001	0000100001000000	001000000000000000000	000000100000000000	00000000000000000001000	000000000000000000000000
000000000000000000000	0110000000000000	000000000000000000000	000000000000000001	00000000000000010000000	000000000000100000010000
000000000000000011000	0000001000000000	000010000000000000000	000010000000000000	00000000000001000010000	010000000000000001001010
000000000000000000000	0110000000000000	000000000000100000000	000000000000000001	00000000000000010000000	000000000000100000010000
000000000000000001000	1000001000000000	000000000000000000000	000000000000000000	10000000000001000000000	010000000000000000001010
000000000000000000000	0110000000000000	000000000000000000000	000000000000000001	00000000000000010000000	000000000000100000010000
000000000000000001000	0000001000000000	000100000000000000000	000000000000001000	00000000000001000000000	000000000000000000001010
000000000000000001000	0000001000000000	000100001000000000000	000000000000001000	00000000000001000000000	000000000000000000001010
000000000000000000000	0110010000000000	000000000000010000000	000000000010000001	00000000000000010000000	100000000000000000100000
000000000000000000000	0110000000000000	000000000000000010001	000000010100000001	00000010000000010000000	100000000000000000000000
000100000000000001000	0000001000000000	000000000000000000000	010000000001000000	00000000000001000000000	010000000000000000001010
000000000000010100001	0000100001000000	001000000000000000000	000000100000000000	00000000000000000001000	000000000000000000000000
000000000000000001000	0000001000000000	000000000000000000000	000000000000000000	00000000001001000000000	010001000000000000001010
000000000000000001000	0000001000000000	000000000000000000000	000000000000001000	00000000000001000000000	000000000000000000001010
000000000100000001000	0000001010000010	000000000000000000000	000000000000001000	00000000000001000100000	000000000000000000001010
000000000000000011000	0000001000000000	000010000000000000000	000010000000000000	00000000000001000010000	010000000000000001001010
000000000000000000000	0110010000000000	000000000000010000000	000000000010000001	00000000000000010000000	100000000000000000100000
000000000000000000000	0110010000000000	000000000000010000000	000000000010000001	00000000000000010000000	100000000000000000100000
000001000000000100000	0000000000010000	000000000001000000000	000000001000100000	00010000000000000000000	000000000000000000000000
000000000000000001000	0000001000000000	000100000000000000000	000000000000001000	00000000000001000000000	000000000000000000001010
000000000000000001000	0000001000000000	000000000000000000000	000000000000001000	00000000000001000000000	000000000000000000001110
000000000000000011000	0000001000000000	000010000000000000000	000010000000000000	00000000000001000010000	010000000000000001001010
000001000000000100000	0000000000010000	000000000001000000000	000000001000000000	00010000000000000000000	000000000000000000000000
000000000000000000000	0110000000000000	000000000000000010000	000000010100000001	00000010000000010000000	100000000000000000000000
000000000000000011000	0000001000100000	000010000100000000000	000010000000000000	00000000000001000010000	010000000000000001001010
000000000000000011000	0000001000000000	000010000000000000000	000010000000000000	00000000000001000010000	010000000000000001001010
000000000000000011000	0000001000000000	000010000000000000000	000010000000000000	00000000000001000010000	010000000000000001001010
000000000000000001000	1000001000000000	000000000000000000000	000000000000000000	10000000000001000000000	010000000000000000001010
000000000000000001000	0000001000000000	000100001000000000000	000000000000001000	00000000000001001000000	000000000000000000001010
000000000000000011000	0000001000000000	000010000000000000010	000010000000000000	00000000000001000010000	010000000000000001001010
000000000000000000000	0110000000000000	000000000000000000000	001000000100000101	00000000000000010000000	100100000000000010000000
000001100000000100000	0000000000010000	000000000001000000000	000000001000000000	00010000000000000000000	000000000000000000000000
000000000000000001000	0000001000000000	000100000000000000000	000000000000001000	00000000000001000000000	000000000000000000001010
000000000000000011000	0000001000100000	000010000000000000000	000010000000000000	00000000000001000010000	010000000000000001001010
000000000000000000000	0110000000000000	000000000000000000000	000000000100000001	00000000000000010000000	100000000000000100000000
000000000000000001000	1000001000000000	000000000000000000000	000000000000000000	10000000000001000000000	010000000000000000001010
000000000000000100000	0000000000000000	000000000000001000000	000101000000000000	00000000000100000001000	000000000000000000000000
000100000000000001000	0000001000000000	000000000000000000000	010000000001000000	00000000000001000000000	010000000000000000001010
000000000000010100001	0000100001000000	001000000000000000000	000000100000000000	00000000000000000001000	000000000000000000000000
000000000000000100001	0000100001000000	001000000000000000000	000000000000000000	00000100000000000001000	000000000000000000000000
000000000000000011000	0000001000000000	000010000000000000000	000010000000000000	00000000000001000010000	010000000000000001001010
000000000000010100001	0000100001000000	001000000000000000000	000000100000000000	00000000000000000001100	000000000000000000000000
000000000000000100001	0000000000000000	000000000000000000000	000000000000000000	00000000000000000001010	000000000000000000000000
000010000000000011000	0000001000000000	000010000000000000000	000010000000000000	00000000000001000010000	010010000000000001001010
000000000000010100001	0000100001000000	001000000000000000000	000000100000000000	00000000000000000001000	000000000000000000000000
000000000000000011000	0000001000100000	000010000000000000000	000010000000000000	00000000000001000010000	010000000000000001001010
011000001000101000000	0001000100000000	010000100010000000000	000000000000000000	00000001000010000000000	000000000110010000000000
000000000000000000000	0110000000000000	000000000000000010000	000000010100000001	00000010000000010000000	100000000000000000000000
000000010000000000000	0110000000000000	000000010000000000100	000000000000000001	00000000000000010000000	100000000000000000000000
000001000000000100010	0000000000010000	000000000001000000000	000000001000000000	00010000000000000000000	000000000000000000000000
000000000000010100001	0000100001000000	001000000000000000000	000000100000000000	00000000000000000001100	000000000000000000000000
011000001000101000000	0001000100000000	010000100010000000000	000000000000000000	00000001000010000000000	000000000110010000000000
000000000000000011000	0000001000000000	000010000000000000010	000010000000000000	00000000000001000010000	010000000000000001001010
000001000000000100000	0000000000010000	000000000001000000000	000000001000000000	00010000000000000000000	000000000000000000000000
000000000000000000000	0110000000000000	000000000000000010000	000000010100000001	00000010000000010000000	100000000000000000000000
100000000000000000000	0110000000000000	000000000000000010000	000000010100000001	00000010000000010000000	100000000000000000000000
000000000000000001000	0000001000000000	000001000000000000000	100000000000001000	00000000000001000100001	000000000000000000001010
000000000000000001000	1000001000000000	000000000000000000000	000000000000000000	10000000000001000000000	010000000000000000001010
000000000000000100001	0000000000000000	000000000000000000000	000000000000000000	00000000000000000001000	000000000000000000000000
000000010000000000000	0110000000000000	000000010000000000100	000000000000010001	00000000000000010000000	100000000000000000000000
000000000000010100001	0000100001000000	001000000000000000000	000000100000000000	00000000000000000001000	000000000000000000000000
000000000000010100001	0000100001000000	001000000000000000000	000000100000000000	00000000000000000001100	000000000000000000000000
000000000000000000000	0110000000000000	000000000000000010000	000000010100000001	00000010000000010000000	100000000000000000000000
000000000000000000000	0110000000000000	000000000000000010000	000000010100000001	00001010000000010000000	100000000000000000000000
000000000000000000000	0110000000000000	000000000000000000000	000000000000000001	00000000000000010000000	000000000000100000010000
000000000000010100001	0000100001000000	001000000000000000000	000000100000000000	00000000000000000001100	000000000000000000000000
000000000000000011000	0000001000000000	000010000000000000010	000010000000000000	00000000000001000010000	010000000000000001001010
100000000001000000000	0110000000000000	000000000000000110000	000000010100000001	00000010000000010000000	100000000000000000000000
000000000000000011000	0000001000000000	000010000000000000000	000010000000000000	00000000000001000010000	010000000000000001001010
000000000000000000000	0110010000000000	000000000000010000000	000000000010000001	00000000000000010000000	100000000000000000100000
000001000000000100000	0000000000010000	000000000001000000000	000000001000000000	00010000000000000000000	000000000000000000000000
000000000000000011000	0000001000100000	000010000000000000000	000010000000000000	00000000000001000010000	010000000000000001001010
000000000000000011000	0000001000100000	000010000000000000000	000010000000000000	00000000000001000010000	010000000000000001001010
000100000000000001000	0000001000000000	000000000000000000000	010000000000000000	00000000000001000000000	010000000000000000001010
011000001000101000000	0001000100000000	010000100010000000000	000000000000000000	00000001000010000000000	000000000110010000000000
000000000010000001000	0000001000000000	000000000000000000000	000000000000000000	00000000000001000000000	010001000000000000001010
000000000000000100000	0000000000000000	000000000000001000000	000100000000000000	00000000000100000001000	000000000001000000000000
000000000000000000000	0110000000000000	000000000000000000000	001000000100000101	00000000000000010000000	100100000000000010000000
000000000000010100001	0000100001000000	001000000000000000000	000000100000000000	00000000000000000001100	000000000000000000000000
000000000000000000000	0110010000000000	000000000000010000000	000000000010000001	00000000000000010000000	100000000000000000100000
000000000000000001000	1000001000000000	000000000000000000000	000000000000000000	10000000000001000000000	010000000000000000001010
000000000000010100001	0000100001000000	001000000000000000000	000000100000000000	00000000000000000001000	000000000000000000000000
000000000000000100001	0000000000000100	100000000000000000000	000000000000000000	00000000000000000001000	000000000000000000000000
000000000000000100001	0000100001000000	001000000000000000000	000000000000000000	01000000000000000001000	000000000000000000000001
000001000000000100000	0000000000010000	000000000001000000000	000000001000100000	00010000000000000000000	000000010000000000000000
100000000001000000000	0110000000000000	000000000000000110000	000000010100000001	00000010000000010000000	100000000000000000000000
000000010000000000000	0110000000000000	000000010000000000100	000000000000000001	00000000000000010000000	100000000000000000000000
000001000000000100000	0000000000010000	000000000001000000000	000000001000000000	00010000000000000000000	000000000000000000000000
000000000000000001000	0000001000000000	000100000000000000000	000000000000001000	00000000000001000000000	001000000000000000001010
000000010000000000000	0110000000000000	000000010000000000100	000000000000000001	00000000000000010000000	100000000000000000000000
000000000000000100001	0000100001000000	001000000000000000000	000000000000000000	01000000000000000001000	000000000000000000000001
000000000000000100001	0000000000000100	100000000000000000000	000000000000000000	00000000000000000001000	000000000000000000000000
000000010000000000000	0110000000000000	000000010000000000100	000000000000000001	00000000000000010000000	100000100000000000000000
000000000000000011000	0000001000000000	000010000000000000000	000010000000000000	00000000000001000010000	010000000000000001001010
000000000000000000000	0110000000000000	000000000000000000000	000000000000000001	00000000000000010000000	000000000000100000010000
000000000000000001000	0000001000000000	000100001000000000000	000000000000001000	00000000000001100000000	000000000000000000001010
000000000000000100000	0000000000000000	000000000000001000000	000100000000000000	00000000000100000001000	000000000001000000000000
000000000000000000000	0110000000000000	000000000000000000000	000000000100000011	00000000000000010000000	100000000000000000000000
100000000000000000000	0110000000000000	000000000000000010000	000000010100000001	00000010000000010000000	100000000000000000000000
000000000000000001000	1000001000000000	000000000000000000000	000000000000000000	10000000000001000000000	010000000000000000001010
000000000000010100001	0000100001000000	001000000000000000000	000000100000000000	00000000000000000001100	000000000000000000000000
011000001000101000000	0001000100000000	010000100010000000000	000000000000000000	00000001000010000000000	000000000110010000000000
000000000000010100001	0000100001000000	001000000000000000000	000000100000000000	00000000000000000001100	000000000000000000000000
000000000000000100001	0000000000000000	000000000000000001000	000000000000000000	00000000000000000001000	000000000000000000000000
000001000000000100000	0000000000010000	000000000001000000000	000000001000000000	00010000000000000000000	000000000000000000000000
000000000000000011000	0000001000000001	000010000000000000000	000010000000000000	00000000000001000010000	010000000000000001001010
000000000000000001000	0000001000000000	000100000000000000000	000000000000001000	00000000000001000000000	001000000000000000001010
000001100000000100000	0000000000010000	000000000001000000000	000000001000000000	00010000000000000000000	000000000000000000000000
000000000000000001000	1000001000000000	000000000000000000000	000000000000000000	10000000000001000000000	010000000000000000001010
000000000000000000000	0110000000000000	000000000000000000000	000000000000000001	00000000000000010000000	000000000000100000010000
000001100000000100000	0000000000010000	000000000001000000000	000000001000000000	00010000000000000000000	000000000000000000000000
000000000000000000000	0110000000000000	000000000000000000000	000000000000000001	00000000000000010000000	000000000000100000010000
000000000000000000000	0110000000000000	000000000000000000000	000000000000000001	00000000000000010000000	000000000000100000010000
000000000000000100001	0000000000000100	100000000000000000000	000000000000000000	00000000000000000001000	000000000000000000000000
000000000000000011000	0000001000000000	000010000000000000000	000010000000000000	00000000000001000010000	010000000000000001001010
000000000000010100001	0000100001000000	001000000000000000000	000000100000000000	00000000000000000001100	000000000000000000000000
000000000000000001000	0000001000000000	000000000000000000000	000000000000001000	00000000000001000000000	000000000000000000001010
000000000000000011000	0000001000100000	000010000000000000000	000010000000000000	00000000000001000010000	010000000000000001001010
000000000000000001000	0000001000000000	000100000000000000000	000000000000001000	00000000000001000000000	000000000000000000001010
000000000000010100001	0000100001000000	001000000000000000000	000000100000000000	00000000000000000001000	000000000000000000000000
000000000000000001000	1000001000000000	000000000000000000000	000000000000000000	10000000000001000000000	010000000000000000001010
000000000000000100000	0000000000000000	000000000000001000000	000100000000000000	00000000000100000001000	000000000000000000000000
000000000000000001000	0000001000000000	000000000000000000000	000000000000001000	00000000000001000000000	000000000000000000001110
000000000000010100001	0000100001000000	001000000000000000000	000000100000000000	00000000000000000001000	000000000000000000000000
000000000000000000000	0110000000000000	000000000000000010000	000000010100000001	00000010000000010000000	100000000000000000000000
000000000000000011000	0000001000000000	000010000000000000000	000010000000000000	00000000000001000010000	010000000000000001001010
000000000000000000000	0110000000000000	000000000000000000000	000000000100000011	00100000000000010000000	100000000000001000000000
000000000000000001000	0000001000000000	000100000000000000000	000000000000001000	00000000000001000000000	000000000000000000001010
000000000000000001100	0000001000000000	000000000000000000000	000000000000000000	00000000110001000000000	010000000000000000001010
000000000000010100001	0000100001000000	001000000000000000000	000000100000000000	00000000000000000001000	000000000000000000000000
000000000000010100001	0000100001000000	001000000000000000000	000000100000000000	00000000000000000001100	000000000000000000000000
000000000000000001000	0000001000000000	000100000000000000000	000000000000001000	00000000000001000000000	000000000000000000001010
000001000000000100000	0000000000010000	000000000001000000000	000000001000000000	00010000000000000000000	000000000000000000000000
000000000000000100000	0000000000000000	000000000000001000000	000100000000000000	00000000000100000001000	000000000000000000000000
000000000000000100000	0000000000000000	000000000000001000000	000100000000000000	00000000000100000001000	000000000000000000000000
000000000000000100001	0000100001000000	001000000000000000000	000000000000000000	00000100000000000001000	000000000000000000000000
000000000000000000000	0110000000000000	000000000000000000000	000000000100000001	00000000000000010000000	100000000000000100000000
000000000000000011000	0000001000000000	000010000000000000000	000010000000000000	00000000000001000010000	010000000000000001001010
000000000000010100001	0000100001000000	001000000000000000000	000000100000000000	00000000000000000001000	000000000000000000000000
000010000000000011000	0000001000000000	000010000000000000000	000010000000000000	00000000000001000010000	010000000000000001001010
000000000000000000000	0110000000001000	000000000000000000000	000000000100000001	00000010000000010000000	100000000000000000000000
000001000000000100010	0000000000010000	000000000001000000000	000000001000000000	00010000000000000000000	000000000000000000000000
000000000000000100000	0000000000000000	000000000000001000000	000100000000000000	00000000000100000001000	000000001000000000000000
000000000000000011000	0000001000000000	000010000000000000000	000010000000000000	00000000000001000010000	010000000000000001001010
