000100000000	000000000000010000	00000100000000000	000000000000000	00000000000000000	0000010000000
000000000010	000000000000000001	00000000000000000	000000000000000	00000000000000000	0000000000100
000000000000	001001000010010000	00010000000000000	000000000000000	00000000000010000	0000000000000
000000000100	101000000001010000	00110000000000000	000000000000000	10000000000011000	0000000000000
000000000000	000000000000011000	00000000000000000	100000000000000	00000000000000000	0000000000000
000100000000	000000000000010000	00000100000000000	000000000000000	00000000000000000	0000010000000
000100000000	000000000000010010	00000100000000000	000000000000000	00000000000000000	0000010000000
000000000010	000000000000000001	00000000000000000	000000000000000	00000000000000000	0000000000100
000000000000	101000000000010000	00110000000000000	000000000000000	10000000000011000	0000000000000
000000000000	000000000000011000	00000000000000000	100000000000000	00000000010000000	0000000000000
000000000010	000000000000000001	00000000000000000	000000000000000	00010000000000000	0000000000101
000100000000	000000000000010000	00000000000000000	000000000000000	00000000000000000	0000000000000
000000000000	001001000000010000	00010000000000000	000000000000000	00000000000010000	0000000000000
000000000000	101000000000010000	00110000000000000	000000000000000	10000000001011000	0000000000000
000100000000	000000000000010000	00000100000000000	000000000000000	00000000000000000	0000010000000
000010000000	001001000000010000	00010000000000000	000000000000000	00000000000010000	0000000000000
010000010001	010000000000000000	00000000001000011	000000000000000	00000000000000001	0100000000000
000100000000	000000000000010000	00000000000100000	000000000000000	00000000000000000	0000000000000
000000000000	000000000000000000	00000000000001000	000000000010010	00000000000100000	0001000000000
000000000000	101100000000010000	00110000000000000	000000000000000	10000000000011000	0000000000000
000000000100	101000000001010000	00110000000000000	000000000000000	10000000000011000	0000000000000
010000010001	010000000000000000	00000000001000011	000000000000000	00000100000000001	0100000000000
010000010001	010000000000000000	00000000001000011	000000000000000	00000100000000001	0100000000000
000000000010	000000000000000001	00000000000000000	000000000000000	00000000000000000	0000000000101
000000000000	001001000000010000	00010000000000000	000000000000000	00000000000010000	0000000000000
000000000000	001001000000010000	00010010000000000	000000000000000	00000000000010000	0000000000000
010000010001	010000000000000000	00000000001000011	000000000000000	00000010000000001	0100000000000
000000000000	001001000010010000	00010000000000000	000000000000000	00000001000010000	0010000000000
010000010001	010000000000000000	00000000001000011	000000000000000	00100000100000001	0100000000000
000000000000	001001000010010000	00010000000000000	000000000000000	00000001000010000	0010000000000
000100000000	000000000000010000	00000100000000000	000000000000000	00000000000000000	0000010000000
000100000000	000000000000010000	00000100000000000	000000000000000	00000000000000000	0000010000000
000100000000	000000001000010000	00001000000000000	000000000000000	00000000000000000	0000000100000
000000000000	000000000000000100	00000001000000000	000000000000000	00001000000000000	0000000010000
010000010001	010000000000000000	00000000001000011	000000000000000	00000010000000001	0100000000000
010000010001	010000000000000000	00000000001000011	000000000000000	00000100000000001	0100000000000
000000000010	000000000000000001	00000000000000000	000000000000000	00000000000000000	0000000000101
000100000000	000000001000010000	00001000000000000	000000000000000	00000000000000000	0000000100000
010000010001	010000000000000000	00000000001000011	000000000000000	00000000000000001	0100000000000
010000010001	010000000000000000	00000000001000011	000000000000000	00000100000000001	0100000000000
010000010001	010000000000000000	00000000001000011	000000000000000	00000010000000001	0100000000000
000000000000	000000000000011000	00000000000000000	100000000000000	00000000000000000	0000000000000
000000001000	101000000000010000	00110000000000000	000000000000000	10000000000011000	0000000000000
000001000000	101000000000010000	00110000000000000	000000000000000	10000000000011000	0000000000000
000001000000	101000000000010000	00110000000000000	000000000000000	10000000000011000	0000000000000
000000000000	001001000010010000	00010000000000000	000000000000000	00000000000010000	0000000000000
000000000010	000000000000000001	00000000000000000	000000000000000	00000000000000000	0000000000101
000000000000	000000000000000100	00000001000000000	000000000000000	00001000000000000	0000000010000
010000010001	010000000000000000	00000000001000011	000000000000000	00000100000000001	0100000000000
010000010001	010000000000000000	00000000001000011	000000000000000	00000000000000001	0100000000000
010000010001	010000000000000000	00000000001000011	000000000000000	00000100000000001	0100000000000
000000000000	001001000000010000	00010000000000000	000000000000000	00000000000010000	0000000000000
000010000000	001001000000010000	00010000000000000	000000000000000	00000000000010000	0000000000000
010000010001	010000000000000000	00000000001000011	000000000000000	00000100000000001	0100000000000
000000000000	101000000000010000	00110000000000000	000000000000000	10000000000011000	0000000000000
000000000000	000000000100000000	00000000000001000	000000000010010	01000000000100000	0001000000000
000010000000	001001000000010000	00010000000000000	000000000000000	00000000000010000	0000000000000
010000010001	010000000000000000	10000000001000011	000000000000000	00000010000000001	0100000000000
000100000000	000000000000010000	00000000000100000	000000000000000	00000000000000000	0000000000000
000000000000	000000000000000100	00000001000000000	000000000000000	00001000000000000	0000000010000
010000010001	010000000000000000	00000000001000011	000000000000000	00000000000000001	0100000000000
000000000000	000000000100000000	00000000000001000	000000000010010	01000000000100000	0001000000000
000100000000	000000000000010000	00000100000000000	000000000000000	00000000000000000	0000010000000
010000010001	010000000000000000	00000000001000011	000000000000000	00000000000000001	0100000000000
010000010001	010000000000000000	00000000001000011	000000000000000	00000100000000001	0100000000000
000100000000	000000000000010000	00000100000000000	000000000000000	00000000000000000	0000010001000
000000000000	000000000000000000	00000000000001000	000000000010010	00000000000100000	0001001000000
000100000000	000000000000010000	00000100000000000	000000000000000	00000000000000000	0000010000000
000000000000	000000000100000000	00000000000001000	000000000010010	01000000000100000	0001000000000
000100000000	000000000000010000	00000100000000000	000000000000000	00000000000000000	0000010000000
010000010001	010000000000000000	00000000001000011	000000000000000	00000100000000001	0100000000000
000100000000	000000000000010000	00000100000000100	000000000000000	00000000000000000	0000010000000
000100000000	000000000000010000	00000000000000000	000001000000000	00000000000000000	0000000000000
000100000000	000000000000010000	00000000000100000	000000000000000	00000000000000000	0000000000000
000100000000	000000000000010010	00000100000000000	000000000000000	00000000000000000	0000010000000
000000000000	101000000000010000	00110000000000000	000000000000000	10000000001011000	0000000000000
010000010001	010000000000000000	00000000001000011	000000000000000	00000000000000001	0100000000000
001000000000	000000010000000000	00000000000000000	010100010000000	00000000000000000	0000000000000
000000000010	000000000000000001	00000000000000000	000000000000000	00000000000000000	0000000000100
010000010001	010000000000000000	00000000001000011	000000000000000	00000000000000001	0100000000000
000100000000	000000000000010000	00000100000000000	000000000000000	00000000000000000	0000010000000
000000000000	000000000100000000	00000000000001000	000000000010010	01000000000100000	0001000000000
000100000000	000000000000010000	00000100000000000	000000000000000	00000000000000000	0000010000000
000000000000	000000000000000000	01000000100000000	010000010000000	00000000000000000	0000000000000
010000010001	010000000000000000	00000000001000011	000000000000000	00000100000000001	0100000000000
000000000000	000000000100000000	00000000000001000	000000000010010	01000000000100000	0001000000000
000100000000	000000000000010000	00000000000100000	000000000000000	00000000000000000	0000000000000
000000000000	101000000000010000	00110000000000000	000000000000000	10000000001011000	0000000000000
000100000000	000000000000010010	00000100000000000	000000000000000	00000000000000000	0000010000000
010000010001	010000000000000000	00000000001000011	000000000000000	00000000100000001	0100000000000
000000000000	000000000000000100	00000001000000000	000000000000000	00001000000000000	0000000010000
000000000000	101000100000010000	00110000000010000	000000000000000	10000000000011010	0000000000000
000100000000	000000000000010010	00000100000000000	000000000000000	00000000000000000	0000010000000
010000010001	010000000000000000	00000000001000011	000000000000000	00000000100000001	0100000000000
010000010001	010000000000000000	00000000001000011	000000001100000	00000000000000000	0000000000000
000000000000	001001000010010000	00010000000000000	000000000000000	00000001000010000	0010000000000
000000000000	000000000000000100	00000001000000000	001000000000001	00001000000000000	0000100010010
000100000000	000000001000010000	00001000000000000	000000000000000	00000000000000000	0000000100000
000100000000	000000000000010000	00000000000100000	000000000000000	00000000000000000	0000000000000
000000000000	000000000000000000	00000000000001000	000000000010010	00000000000100000	0001000000000
000000000000	000000000000011000	00000000000000000	100000000000000	00000000000000000	0000000000000
000000000000	101000000000010000	00110000000000000	000000000000000	10000000000011100	0000000000000
100100000000	000000000000010010	00000100000000000	000000000000000	00000000000000000	0000010000000
000100000000	000000000000010000	00000100000000000	000000000000000	00000000000000000	0000010000000
000000000000	000000000000000000	00000000100000000	010000010000000	00000000000000000	0000000000000
010000010001	010000000000000000	00000000001000011	000000000000000	00000000000000001	0100000000000
000000000000	000000000000000000	00000000100000000	010000010000000	00000000000000000	0000000000000
000100000000	000000000000010000	00000100000000000	000000000000000	00000000000000000	0000010000000
000000000010	000010000000000001	00000000000000000	000000000000000	00000000000000000	0000000000100
010000010001	010000000000000000	00000000001000011	000000000000000	00000000000000001	0100000000000
000000000000	101000000000010000	00110000000000000	000000000000000	10000000000011100	0000000000000
000000000000	001000000000010000	00010000000000000	000000000001000	00000000000010000	1000000000000
000000000000	000000000000011000	00000000000000000	100000000000000	00000000000000000	0000000000000
000000000000	001001000000010000	00010000000000000	000000000000000	00000000000010000	0000000000000
000000000010	000000000000000001	00000000000000000	000000000000000	00000000000000000	0000000000101
000000000010	000000000000000001	00000000000000000	000000000000000	00000000000000000	0000000000101
000100000000	000000001000010000	00001000000000000	000000000000000	00000000000000000	0000000100000
000000000000	101000000000010000	00110000000000000	000000000000000	10000000000011000	0000000000000
010000010001	010000000000000000	00000000001000011	000000000000000	00000000000000001	0100000000000
000000000000	101100000000010000	00110000000000000	000000000000000	10000000000011000	0000000000000
000000000000	101000000000110000	00110000000000000	000000000000000	10000000000011000	0000000000000
000000000000	000000000000000000	00000000000001000	000000000010010	00000000000100000	0001000000000
000000000000	101000100000010000	00110000000010000	000000100000000	10000000000011010	0000000000000
000000000000	000000000000000100	00000001010000000	001000000000001	00001000000000000	0000000010010
000000000000	000000000000000000	00000000000001000	000000000010010	00000000000100000	0001000000000
000000000000	101000000000010000	00110000000000000	000000000000000	10000000000011100	0000000000000
010000010001	010000000000000000	00000000001000011	000000000000000	00000000000000001	0100000000000
010000110001	010000000000000000	00000000001000011	000000000000000	00000000000000001	0100000000000
000000000010	000000000000000001	00000000000000000	000010000000000	00000000000000000	0000000000101
000010000000	001001000000010000	00010000000000000	000000000000000	00000000000010000	0000000000000
000100000000	000000000000010000	00000000000100000	000000000000000	00000000000000000	0000000000000
000000000000	000000000000000000	00000000000001000	000000000010010	00000000000100000	0001000000000
010000010001	010000000000000000	00000000001000011	000000001100000	00000000000000000	0000000000000
000100000000	000000000000010000	00000100000000000	000000000000000	00000000000000000	0000010000000
000000000000	101000000000010000	00110000000000000	000000000000000	10000000000011000	0000000000000
000100000000	000000000000010000	00000100000000100	000000000000000	00000000000000000	0000010000000
010000010001	010000000000000000	00000000001000011	000000000000000	00000010000000001	0100000000000
010000010001	010000000000000000	00000000001000011	000000000000100	00000000000000001	0100000000000
000100000000	000000000000010000	00000000000100000	000000000000000	00000000000000000	0000000000000
000000000100	101000000001010000	00110000000000000	000000000000000	10000000000011000	0000000000000
000100000000	000000000000010010	00000100000000000	000000000000000	00000000000000000	0000010000000
000100000000	000000000000010000	00000100000000000	000000000000000	00000000000000000	0000010000000
010000010001	010000000000000000	00000000001000011	000000000000000	00000000000000001	0100000000000
000100000000	000000000000010000	00000000000100000	000000000000000	00000000000000000	0000000000000
010000010001	010000000000000000	00000000001000011	000000000000000	00000100000000001	0100000000000
000000000000	001001000000010000	00010000000000000	000000000000000	00000000000010000	0000000000000
000100000000	000000000000010010	00000100000000000	000000000000000	00000000000000000	0000010000000
000100000000	000000000000010000	00000000000100000	000000000000000	00000000000000000	0000000000000
000000000000	000000000000000000	00000000000001000	000000000010010	00000000000100000	0001000000000
000100000000	000000000000010000	00000000000100000	000000000000000	00000000000000000	0000000000000
