10000000000000010	000000000000000000	010001000100	000000000010	00000000000000000	0000010000000000000010010
00110000000010001	000000000000000000	100000001000	000000000000	00000000000000001	0000000000000010000001000
00000000000000000	000010010000000000	000000000000	000000010000	00000100010010000	0000000001000000000000000
00000000000000000	000010010000000000	000000000000	000000010000	00000100010010000	0000000001000000000000000
00000000000000010	100000000000000000	010001000100	000000000000	01000010000000000	0000000000000000010010010
01000000100000000	000100000000000000	000000000000	000010000001	00100000000000000	0000101000100000000000000
00000100000000010	100000000000000000	010101000100	000001000000	00000000000000000	0000000000000000000010010
00000000000000000	000010011000000000	000000110000	000000010000	00000100000000000	0000000001000000000100000
00000000000000000	000010010000000000	000000000000	000100010000	00000100010010000	0000000001000000000000000
00000001000000000	000000000000000000	000000000000	001000000100	00000000000000000	1000000000000001000000100
00000001000000000	000000000000000000	000000000000	001000000100	00000000000000000	1000000000000001000000100
10000000000000010	000001000000000001	010001000100	000000001010	00000000000000000	0000000000000000000010010
00000000000000000	000010010000000010	000000000000	000000010000	00000100000100000	0000000001000000000100000
00000000000000010	100000000000000000	010001000100	000000000000	00000000000000000	0100000000000000000010010
10000000000000010	000000000000000000	010001000100	000000001010	00000000000000000	0000000000000000000010010
00000000000000001	000000000000000000	000000001000	010000100000	00000000000000000	0000000000000000000000000
00110000000010001	000000000000000000	000000001000	000000000000	00000000000000000	0000000000000010000001000
00000100000000010	100000000000000000	010101000100	000000000000	00000000000000000	0000000000000000000010010
00000000000000010	001000000000100000	010001000100	000000000000	00000000000000000	0000000000000000000010010
00000100010000010	100000000000000000	010001000100	000000000000	00000000000000000	0000000000000000000010010
00000000000000000	000010010000000000	001000000000	000000010000	00000100010010000	0000000001000000000000000
00000000000000000	000010010000000000	000000110000	000000010000	00000100000000000	0000000001000000000100000
00000000000000000	000010010000000000	000000110000	000000010000	00000100000000000	0000000001000000000100000
10000000000000010	000000000000000000	010001000100	000000001010	00000000000000000	0000000000000000000010010
00000000000000001	000000000000000000	000000001000	010000100000	00000000000000000	0000000000000000000000000
10000000000000010	000000000000000000	010001000100	000000001010	00000000000000000	0000000000000000000010010
00000000000000010	100000000000000000	010001000100	000000000000	00000000000000000	0100000000000000000010010
00000000000000010	100000000000000000	010001000110	000000000000	00000000000000000	0000000000000000000010010
00000100000000010	100000000000000000	010101000100	000000000000	00000000000000000	0000000000000000000010010
00000100000000010	100000000000000000	010101000100	000001000000	00000000000000000	0000000000000000000010010
10000000000000010	000000000000000000	010001000100	000000001010	00000000000000000	0000000000000000000010010
00000000000000010	100000000000000000	010001000100	000000000000	00000000000000000	0000000000000000000010010
00000000000000000	000010010000000000	000000000000	000000010000	00000100010010000	0000000001000000000000000
00000000000000110	000000000000000100	010011000100	000000000000	00000000000000000	0000000000000000000010010
00000000000000010	000000000000100000	010001000101	000000000000	00000000000000000	0000000000000000000010010
00000000000000010	100000000000000000	010001000100	000000000000	00000000000000000	0000000000000000000010010
00000000000000010	100000000000000000	010001000100	000000000000	00000000000000010	0000000000000000100010010
01000000100000000	000100000000000000	000000000000	000010000001	00100000000000000	0000101000100000000000000
00000000000000010	100000000000000000	010001000100	000000000000	00000000000000000	0000000000000000000010010
00000001000000000	000000000000000000	000000000000	001000000100	00000000100000000	1000000000000001000000100
00000100010000010	100000000000000000	010001000100	000000000000	00000000000000000	0000000000000000000010010
00000000000000010	100000000000000000	010001000100	000000000000	00000000000000000	0000000000000000000010010
00000000000000010	100000000000000000	010001000100	000000000000	00000000000000000	0100000000000000000010010
00000000000000000	000010010000000000	000000110000	000000010000	00000100000000000	0000000001000000000100000
00000000000000000	000010010000000000	000000000000	000000010000	00000100010010000	0000000001000000000000000
00000000000000010	100000000000000000	010001000100	000000000000	00000000000000000	0000000000001000000010010
00000100000000010	100000000000000000	010101000100	000000000000	00000000000000000	0000000000000000000010010
00001000000000000	000000000010000000	000000000000	100000000000	00000000000000000	0000000000000000001000001
00000001000000000	000000000000000000	000000000000	001000000100	00000000000000000	1000000000000001000000100
00000001000000000	000000000000000000	000000000000	001000000100	00000000000000000	1000000000000001000000100
00000000000000010	100000000000010000	010001000100	000000000000	00001000000000000	0000000000010000000010010
00000000000000000	000010010000000000	000000000000	000000010000	00000100010010000	0000000001000000000000000
00000000000000010	001000000000100000	010001000100	000000000000	00000000000000000	0000000000000000000010010
00000000000000010	001000000001100000	010001000100	000000000000	00010000000000000	0000000000000000000010010
00000000000000000	000010010000000000	000000000000	000000010000	00000100010010000	0000000001000000000000000
00000000000000010	100000000000000000	010001000100	000000000000	00000000000000000	0000000000000000000010010
00000000000000001	000000000000000000	000000001000	010000100000	00000000000000000	0000000000000000000000000
00000000000001010	100000000000001000	010001000100	000000000000	00000000001000000	0000000000000000000010010
00000000000000000	000010010000000000	000000000000	000000010000	00000100010010000	0000000001000000000000000
00000000000000001	000000000000000000	000000001000	010000100000	00000000000000000	0000000000000000000000000
00000000000000000	000010010000000000	000000000000	000000010000	00000100010010000	0000000001000000000000000
10000000000000010	000000000000000000	010001000100	000000001010	00000000000000000	0000000000000000000010010
00000000000000010	100000000000000000	010001000100	000000000000	00000000000000000	0000000000000000100010010
00000100010000010	100000000000000000	010001000100	000000000000	00000000000000000	0000000000000000000010010
00000000001000010	000000000000100000	010001000100	000000000000	00000000000000000	0000000000000000000010010
00000001000000000	000000000000000000	000000000000	001000000100	00000000000000000	1000000000000001000000100
00000001000000000	000000000000000000	000000000000	001000000000	00000000000000000	1000000000000001000000100
00000000000000010	100000000000000000	010001000100	000000000000	00000000000000000	0000000000000000000010010
00000000000000010	100000000000000000	010001000100	000000000000	00000000000000000	0000000000000000000010010
00000001000000000	000000000000000000	000000000000	001000000100	00000000000000000	1000000000000001000000100
00110000000010001	000000000000000000	000000001000	000000000000	00000000000000000	0000000000000010000001000
00000100010000010	100000000000000000	010001000100	000000000000	00000000000000000	0000000000000000000010010
00000000000000010	100000000000010000	010001000100	000000000000	00001000000000000	0000000010010000000010010
00000000000000010	100000000000000000	010001000100	000000000000	00000000000000000	0000000000000000000010010
00000000000000010	000000000000000100	010011000100	000000000000	00000001000000000	0001000100000000000010010
00000000000000010	100000000000000000	010001000100	000000000000	00000000000000000	0100000000000000000010010
00000001000000000	000000000000000000	000000000000	001000000100	00000000000000000	1000000000000001000000100
00000001000000000	000000000000000000	000000000000	001000000100	00000000000000000	1000000000000001000000100
00000100010000010	100000000000000000	010001000100	000000000000	00000000000000000	0000000000000100000010010
00000000000001010	100000000000001000	010001000100	000000000000	00000000001000000	0000000000000000000010010
00000000000000010	001000000000100000	010001000100	000000000000	00000000000001000	0000000000000000000010010
00000000000000010	000000000000000100	010011000100	000000000000	00000001000000000	0001000100000000000010010
00000000001000010	000000000000100000	010001000100	000000000000	00000000000000000	0000000000000000000010010
00000000000000110	000000000000000100	010011000100	000000000000	00000000000000000	0010000000000000000010010
00000000000000010	100000000000000000	010001000100	000000000000	10000000000000010	0000000000000000100010010
00000000000000010	100000000000000000	010001000100	000000000000	00000000000000000	0100000000000000000010010
00000000000000010	100000000000000000	010001000100	000000000000	00000000000000000	0100000000000000000010010
00000000000000010	000000000000100000	010001000101	000000000000	00000000000000000	0000000000000000000010010
00000000000100000	000010010000000000	000000110000	000000010000	00000100000000000	0000000001000000000100000
00000000000000000	000010010000000000	000000000000	000000010000	00000100000100000	0000000001000000000100000
00000000000000000	000010010000000000	000000000000	000000010000	00000100010010000	0000000001000000000000000
00000000000000000	000010010000000000	000000000000	000100010000	00000100010010000	0000000001000000000000000
00000000000000010	100000000000000000	010001000100	000000000000	00000000000000000	0000000000000000000010010
00001000000000000	000000000010000000	000000000000	100000000000	00000000000000000	0000000000000000001000001
00000000000001010	100000000000001000	010001000100	000000000000	00000000001000000	0000000000000000000010010
00000000000000010	100000000000000000	010001000100	000000000000	00000000000000000	0000000000000000000010010
10000000000000010	010000000000000000	010001000100	000000001010	00000000000000000	0000000000000000000010010
00000000000000000	000010010000000000	000000110000	000000010000	00000100000000000	0000000001000000000100000
00000000000000010	100000000000000000	010001000100	000000000000	00000000000000000	0000000000000000000010010
10000000000000010	000000000000000000	010001000100	000000001010	00000000000000000	0000000000000000000010010
10000000000000010	000000000000000000	010001000100	000000001010	00000000000000000	0000000000000000000010010
00000000000000010	100000000000000000	010001000100	000000000000	00000000000000000	0000000000000000000010010
00000100010000010	100000000000000000	010001000100	000000000000	00000000000000000	0000000000000000000010010
00000000001000010	000000000000100000	010001000100	000000000000	00000000000000000	0000000000000000000010010
00000000000000010	100000000000000000	010001000110	000000000000	00000000000000000	0000000000000000000010010
00000000000000010	100000000000000000	010001000100	000000000000	00000000000000000	0000000000000000000010010
10000000000000010	000000000000000000	010001000100	000000001010	00000000000000000	0000000000000000000010010
00000000000000000	000010010000000000	000000000000	000000010000	00000100000100000	0000000001000000000100000
00000000000000010	100000000000000000	010001000100	000000000000	00000000000000000	0000000000000000000010010
00000000000000010	100000000000000000	010001000100	000000000000	00000000000000000	0100000000000000000010010
00000001000000000	000000000000000000	000000000000	001000000100	00000000000000000	1000000000000001000000100
00000000000000000	000010010000000000	000000000000	000000010000	00000100010010100	0000000001000000000000000
00000000000000010	100000000000000000	010001000100	000000000000	00000000000000000	0100000000000000000010010
00000000000000010	100000000000000000	010001000100	000000000000	00000000000000000	0000000000000000000010010
00000000000000010	100000000000000000	010001000100	000000000000	00000000000000000	0000000000000000000010010
00000000000000010	100000000000000000	010001000110	000000000000	00000000000000000	0000000000000000000010010
00000001000000000	000000000000000000	000000000000	001000000100	00000000000000000	1000000000000001000000100
00000000000000010	001000000000100000	010001000100	000000000000	00000000000000000	0000000000000000000010010
10000000000000010	000000000100000000	010001000100	000000000010	00000000000000000	0000000000000000000010010
00000000000000010	001000000000100000	010001000100	000000000000	00000000000001000	0000000000000000000010010
00000000000001010	100000000000001000	010001000100	000000000000	00000000001000000	0000000000000000000010010
00000010000000010	100000000000000000	010001000100	000000000000	00000000000000000	0000000000000000000010010
00000000000000010	100000000000010000	010001000100	000000000000	00001000000000000	0000000000010000000010010
00000000000000000	000010010000000000	000000000000	000000010000	00000100010010000	0000000001000000000000000
00000000000000010	100000000000000000	010001000100	000000000000	00000000000000000	0000000000000000000010010
00000000000000000	000010010000000000	000000110000	000000010000	00000100000000000	0000000001000000000100000
00000000000000010	100000000000000000	010001000100	000000000000	00000000000000010	0000000000000000100010010
00000100000000010	100000000000000000	010101000100	000000000000	00000000000000000	0000000000000000000010010
00000000000000110	000000000000000100	010011000100	000000000000	00000000000000000	0000000000000000000010010
10000000000000010	000000000000000000	010001000100	000000001010	00000000000000000	0000000000000000000010010
10000000000000010	000000000000000000	010001000100	000000001010	00000000000000000	0000000000000000000010010
00000100010000010	100000000000000000	010001000100	000000000000	00000000000000000	0000000000000000000010010
00000000000000010	100000000000000000	010001000110	000000000000	00000000000000000	0000000000000000000010010
00000000000000010	100000000000000000	010001000100	000000000000	00000000000000000	0000000000000000000010010
00000100000000010	100000000000000000	010101000100	000000000000	00000000000000000	0000000000000000000010010
00000000000000010	000000000000000100	010011000100	000000000000	00000000000000000	0001000100000000000010010
00000000000000000	000010010000000000	000000000000	000000010000	00000100010010000	0000000001000000000000000
00000000000000010	100000000000000000	010001000100	000000000000	00000000000000000	0100000000000000000010010
00000000000000010	100000000000000000	010001000110	000000000000	00000000000000000	0000000000000000000010010
00000000000000010	100000000000000000	010001000100	000000000000	00000000000000000	0000000000000000000010010
00000000000000000	000010010000000000	000000110000	000000010000	00000100000000000	0000000001000000000100000
00000000000000010	100000000000000000	010001000100	000000000000	00000000000000000	0000000000000000000010010
00000000000001010	100000000000001000	010001000100	000000000000	00000000001000000	0000000000000000000010010
00000000000000000	000010010000000000	000000110000	000000010000	00000100000000000	0000000001000000000100000
00000000000000010	100000000000000000	010001000100	000000000000	00000000000000010	0000000000000000100010010
00000000000000110	000000000000000100	010011000100	000000000000	00000000000000000	0000000000000000000010010
00000000000000010	000000100000100000	010001000100	000000000000	00000000000000000	0000000000000000000010010
00000000000000010	001000000000100000	010001000100	000000000000	00000000000001000	0000000000000000000010010
00000000000000010	001000000000100000	010001000100	000000000000	00000000000000000	0000000000000000000010010
00000000000000010	000000000000000100	010011000100	000000000000	00000000000000000	0001000100000000000010010
