0100000000000000100000	00010100010000100	000000000000000000000	100000000000000100	0000000000000000001	000000000000000000
0000000000000000000010	00001000100000010	100000000000100001000	000001000000100000	0000000000001101000	000000000000000000
1000000010000000000000	00000000001000001	000000000000000100000	000000010000000000	0000000000000000000	000000000000010000
0001000000000000000000	00000000000100000	010000010000000000000	000000001000010000	0000000000000000000	011001001101000001
0001000000000000000000	00000000000100000	010000010000000000000	000000001000010000	1000000000000000000	011001001101000001
0000000001000000000000	00000000000000010	000000000000000010000	000000000000000001	0010000000000000000	000000010000000000
0000000010000000000000	00000000001000001	000000000000000100000	000000010000000000	0000000000000000000	000000000000010000
0000000000000010000000	01000000000000000	000000000000000000010	000000000010000000	0000010010000000000	000000000000000000
0000000000100000000000	00000000000000000	000000000000000000000	000000000000000000	0000100000000000000	000000000000000000
0000000001010000000000	00000000000000010	000000000000000010000	000000000000000001	0010000000000000000	000000010000000000
0001000000000000000000	00000000000100000	010000010000000000000	000000001000010000	0000000000000000000	011001001101000001
0110100000000000100000	10010100010000100	000000000000000000000	100000000000000100	0000000000000000001	000000000000000100
0100000000000000100000	00010100010000100	000000000000000000000	100000000000000100	0000000000000000001	000000000000000000
0000000000000010000000	01000000000000000	000000000000000000010	000000000011000000	0000010010000000000	000000000000000000
0000000001000000000000	00000000000000010	000000000000000010000	001000000000000001	0010000000000000000	000000110000000000
0110100000000000100000	10010100010000100	000000000000000000000	100000000000000100	0000000000000000001	000000000000000100
0100000000000000100000	00010100010000100	000000000000000000000	100000000000000100	0000000000000000001	000000000000000000
0000000001000000000000	00000000000000010	000000000000000010000	000100000000000001	0010000000000000000	000000010000000000
0001000000000000000000	00000000000000000	010000010000000000000	000000001000010000	0000000000000000000	011001001101000001
0001000000000000000001	00000000000000000	010000010000000000000	000000001100010000	0000000000000000000	001000001100000001
0000000001010000000000	00000000000000010	000000000000000010000	000000000000000001	0010000000000000000	000000010000000000
0000000001000000000000	00000000000000010	000000000000001010000	000000000000000001	0010000000010000000	000000010000000000
0001000000000000000000	00100000000000000	010000110000000000000	000000001000010000	0000000000000000000	001000001100000001
0100000000000000100000	00010100010000100	000000000000000000000	100000000000000100	0000000000000000001	000000000000000000
0110100000000000100000	10010100010000100	000000000000000000000	100000000000000100	0000000000000000001	000000000000000100
0001000000000000000000	00000000000000000	010000010000000000000	000000001000010000	0000000000000000000	011001001101000001
0000000000000000000000	00000000000000000	000000000010000000000	000000000000000000	0000000000000000000	100000000000001000
0100000000000000100000	00010100010000100	000000000000000000000	100000000000000100	0000000000000000001	000000000000000000
0000000001000000000000	00000000000000010	000000000000000010000	000100000000000001	0010000000000000000	000000010000000000
0000000000000000000000	00000000000000000	000000000010000000000	000000000000000000	0000000000000000000	100000000000001000
0100000000000000100000	00010100010000100	000000000000000000000	100000000000000100	0000000000000000001	000000000000000000
0000000001010000000000	00000000000000010	000000000000000010000	000000000000000001	0010000000000000000	000000010000000000
0100000000000100100000	00000001000000100	001000000000000000000	100000000000000100	0000000000000000001	000000000000100000
1000000010000000000000	00000000001000001	000000000000000100000	000000010000000000	0000000000000000000	000000000000010000
0000000000000000000010	00001000100000010	100000000000100000000	000001000000100000	0000000000001101000	000000000000000000
0100000000000100100000	00000001000000100	001000000000000000000	100000000000000100	0000000000000000001	000000000000100000
0100000000000000100000	00010100010000100	000000001000000000000	100000000000000100	0000000000000000001	000000000000000000
0000000000000000000010	00000000000000010	100000000000000000000	000001000000100000	0001000000000001000	000010000000000000
1000000010000000000000	00000000001000001	000000000000000100000	000000010000000000	0000000000000000000	000000000000010000
0001000000000000000000	00000000000100000	010000010000000000000	000000001000010000	0000000000000000000	011001001101000001
0000000000000000000000	00000000000000000	000000000010000000000	000000000000000000	0000000000000000000	100000000000001000
0001000000000000000000	00000000000001000	010000010000000000000	000000001000010000	0000000001000000000	001000001100000001
0001000000000000000000	00000000000000000	010000010000000000000	000000001000010000	0000000000000000000	011001001101000001
0000000001000000000000	00000000000000010	000000000000000010000	000100000000000001	0010000000000000000	000000010000000000
0000000001010000000000	00000000000000010	000000000000000010000	000000000000000001	0010000000000000000	000000010000000000
0000000000000010000000	01000000000000000	000000000000000000010	000000000011000000	0000010010000000000	000000000000000000
0100000000000100110000	00000001000000100	001000000000000000000	100000000000000100	0000000000000000001	000000000000100000
0000000000000000000000	00000000000000000	000000000010000000000	000000000000000000	0000000000000000000	100000000000001000
0001000000000000000000	00000000000100000	010000010000000000000	000000001000010000	0000000000000000000	011001001101000001
0100000000000100100000	00000001000000100	001000000000000000000	100000000000000100	0000000000000000001	000000000000100000
0000000010000000000000	00000000000010000	000000000000000100000	000000010000000000	0100000000000000000	000000000000010000
0000000001000000000000	00000000000000010	000000000000000010000	000100000000000001	0010000000000000000	000000010000000000
0100000000000100101000	00000000000000100	001000000000000000000	100000000000000100	0000000000000000001	000100000000100000
0100000000000000100000	00010100010000100	000000000000000000000	100000000000000100	0000000000000000001	000000000000000000
0001000000000000000000	00000000000000000	010000010000000000000	000000001000010000	0000000000000000000	011001001101000001
0100000000000000100000	00010100010000100	000000000000000000000	100000000000000100	0000000000000000001	000000000000000000
0000000000000000000010	00000000000000010	100000000000000000000	000001000000100000	0001000000000001000	000010000000000000
0100000000000000100000	00010100010000100	000000000000000000000	100000000000000100	0000000000000000001	000000000000000000
0100000000000100100000	00000001000000100	001000000000000000000	100000000000000100	0000000000000000001	000000000000100000
0000000010000000000000	00000000001000001	000000000000000100000	000000010000000000	0000000000000000000	000000000000010000
0001000000000000000000	00000000000100000	010000010000000000000	000000001000010000	0000000000000000000	011001001101000001
0110100000000000100000	10010100010000100	000100000000000000000	100000000000000100	0000000000000000001	000000000000000100
0100000000000000100000	00010100010000100	000000000000000000000	100000000000000100	0000000000000000001	000000000000000000
0100000000000000100000	00010100010000100	000000000000000000000	100000000000000100	0000000000000000001	000000000000000000
0000000000000011000000	01000000000000000	000010000101000000010	000000000010000000	0000010010000000000	000000000000000000
0000000000000010000000	01000000000000000	000000000000000000010	000000000010000000	0000010010000000000	000000000000000000
0000000000000000000010	00000000000000010	100000000000000000000	000001000000100000	0001000000000001000	000010000000000000
0000000001010000000000	00000000000000010	000000000000000010000	000010000000000001	0010000000000000000	000000010000000000
0000000000000010000000	01000000000000000	000000000000000000010	000000000011000000	0000010010000000000	000000000000000000
0000000001000000000000	00000000000000010	000000000000000010000	000000000000000001	0010000000000000000	000000010000000000
0001000000000000000000	00000000000000000	010000010000000000000	000000001000010000	0000000000000000000	011001001101000001
0000000001000000000000	00000000000000010	000000000000000010000	000100000000000001	0010000000000000000	000000010000000000
0000000001000000000000	00000000000000010	000000000000000010000	000100000000000001	0010000000000000000	000000010000000000
0000000000000010000000	01000000000000000	000000000000000000010	000000000011000000	0000010010000000000	000000000000000000
0100000000000000100000	00010100010000100	000000000000000000001	100000000000000100	0000000000000000101	000000000000000000
0000000010000000000000	00000000000010000	000000000000000100000	000000010000000000	0100000000000000000	000000000000010000
0000000001000000000000	00000000000000010	000000000000000010000	000000000000000001	0010000000000000000	000000010000000000
0000000010000000000000	00000000001000001	000000000000000100000	000000010000000000	0000000000000000000	000000000000010000
0000000001000000000000	00000000000000010	000000000000000010000	000000000000000001	0010000000000000000	000000010000000000
0100000000000000100000	00010100010000100	000000000000000000000	100000100000000100	0000000000000000001	000000000000000000
0000000000000010000000	01000000000000000	000000000000000000010	000000000011000000	0000010010000000000	000000000000000000
0100000000000000100000	00010100010000100	000000000000000000000	100000000000000100	0000000000000000001	000000000000000000
0000000000000010000000	01000000000000000	000000000000000000010	000000000011000000	0000010010000000000	000000000000000000
0100000000000000100000	00010100010000100	000000000000000000000	100000000000000100	0000000000000000001	000000000000000000
0100000000000000100000	00010100010000100	000000000000000000000	100000000000000100	0000000000000000001	000000000000000000
0001000000000000000000	00000000000000000	010000010000000000000	000000001000010000	0000000000000000000	011001001101000001
0000000001010000000000	00000000000000010	000000000000000010000	000010000000000001	0010000000000000000	000000010000000000
0100000000000000100000	00010100010000100	000000000000000000000	110000000000000100	0000000000000000001	000000000000000000
0000000001000000000000	00000000000000010	000000000000000010000	000100000000000001	0010000000000000000	000000010000000000
0100000000000000100000	00010100010000100	000000001000000000000	100000000000000100	0000000000000000001	000000000000000000
0000000010000000000000	00000000000010000	000000000000000100000	000000010000000000	0100000000000000000	000000000000010000
0100000000000000100000	00010100010000100	000000000000000000000	110000000000000100	0000000000000000001	000000000000000000
0100000000000000100000	00010100010000100	000000000000000000000	100000000000000100	0000000000000000001	000000000000000000
0000000000000010000000	01000000000000000	000000000000000000010	000000000010000000	0000010010000000000	000000000000000000
0100000000000000100000	00010100010000100	000000000000000000000	100000000000000100	0000000000000000001	000000000000000000
0100000000000000100000	00010100010000100	000000000000000000000	100000000000000100	0000000000000000001	000000000000000000
0001000000000000000000	00000000000100000	010000010000000000000	000000001000010000	0000000000000000000	011001001101000001
0000000010000000000000	00000000000010000	000000000000000100000	000000010000000000	0100000000000000000	000000000000010000
0000000000100000000000	00000000000000000	000000000000000000000	000000000000000000	0000100000000000000	000000000000000000
0000000001010000000000	00000000000000010	000000000000000010000	000010000000000001	0010000000000000000	000000010000000000
0100000000000000100000	00010100010000100	000000000000000000000	100000000000000100	0000000000000000001	000000000000000000
0001000000000000000000	00000000000000000	010000010000000000000	000000001000010000	0000000000000000000	011001001101000001
0100000000000000100000	00010100010000100	000000000000010000000	100000000000001100	0000000000100000001	000000000000000000
0110100000000000100000	10010100010000100	000000000000000000000	100000000000000100	0000000000000000001	000000000000000100
0000000001000000000000	00000000000000010	000001000000000010000	001000000000000001	0010000000000000000	000000110000000000
0100000000000000100000	00010100010000100	000000000000000000000	100000000000000100	0000000000000000001	000000000000000000
0001000000000000000000	00000000000100000	010000010000000000000	000000001000010000	0000000000000000000	011001001101000001
0000000001000000000000	00000000000000010	000000000000000010000	000100000000000001	0010000000000000000	000000010000000000
0100000000000000100000	00010100010000100	000000000000000000000	100000000000000100	0000000000000000001	000000000000000000
0100000000000000100000	00010100010000100	000000000000000000000	100000000000000100	0000000000000000001	000000000000000000
0100000000000100100000	00000000000000100	001000000000000000000	100000000000000100	0000000000000000001	000000000000100010
0000000000000000000010	00000000000000010	100000000000000000000	000001000000100000	0001000000000001000	000010000000000000
0000000000000000000010	00000000000000010	100000000000000000000	000001000000100000	0001000000000001000	000010000000000000
0000000001000000000000	00000000000000010	000000000000000010000	000100000000000001	0010000000000000000	000000010000000000
0000000001010000000000	00000000000000010	000000000000000010000	000010000000000001	0010000000000000000	000000010000000000
0000000001000000000000	00000000000000010	000000000000000010000	001000000000000001	0010000000000000000	000000110000000000
0100000000000000100000	00010100010000100	000000000000000000000	100000000000000100	0000000000000000001	000000000000000000
0100000000000000100000	00010100010000100	000000000000000000000	100000000000000100	0000000000000000001	000000000000000000
0000000001000000000000	00000010000000010	000000000000000010100	000000000000000011	0010000100000000000	000000010000000000
0000000001000000000000	00000010000000010	000000000000000010100	000000000000000011	0010000100000000000	000000010000000000
0100000000000000100100	00010100010000100	000000000000000000000	100000000000000100	0000000000000000001	000000000010000000
0000010000000000000010	00000000000000010	100000000000000000000	000001000000100000	0000001000000001000	000000000000000000
0100000000000000100000	00010100010000100	000000000000000000001	100000000000000100	0000000000000000001	000000000000000000
0001000000000000000001	00000000000000000	010000010000000000000	000000001100010000	0000000000000000000	001000001100000001
0000000001000000000000	00000000000000010	000000000000000010000	000100000000000001	0010000000000000000	000000010000000000
0100000000000000100000	00010100010000100	000000000000000000000	100000000000000100	0000000000000010001	000000000000000000
0000000010000000000000	00000000000000000	000000000000000100000	000000010000000000	0000000000000000000	000000000000010000
0100000000000000100000	00010100010000100	000000000000000000000	100000000000000100	0000000000000000001	000000000000000000
0000000000000000000010	00001000100000010	100000000000100000000	000001000000100000	0000000000001101000	000000000000000000
0001001000000000000000	00100000000000000	010000110000000000000	000000001000010000	0000000000000000000	001000001100000001
0000000001000000000000	00000000000000010	000000000000000010000	001000000000000001	0010000000000000000	000000110000000000
0000000010000000000000	00000000000010000	000000000000000100000	000000010000000000	0100000000000000000	000000000000010000
0000000010000000000000	00000000000000000	000000000000000100000	000000010000000000	0000000000000000000	000000000000010000
0000000000000010000000	01000000000000000	000000000000000000010	000000000010000000	0000010010000000000	000000000000000000
0001000000000000000000	00000000000000000	010000110000000000000	000000001000010000	0000000000000000010	001000001100000001
0110100000000000100000	10010100010000100	000000000000000000000	100000000000000100	0000000000000000001	000000000000000100
1000000010000000000000	00000000001000001	000000000000000100000	000000010000000000	0000000000000000000	000000000000010000
1000000110000000000000	00000000001000001	000000000000000100000	000000010000000000	0000000000000000000	000000000000010000
0000000000100000000000	00000000000000000	000000000000000000000	000000000000000000	0000100000000000000	000000000000000000
0001000000000000000000	00000000000100000	010000010000000000000	000000001000010000	0000000000000000000	011001001101000001
0001000000000000000000	00100000000000000	010000110000000000000	000000001000010000	0000000000000000000	001000001100000001
0000000000000010000000	01000000000000000	000000000000000000010	000000000010000000	0000010010000000000	000000000000000000
0100000000000000100000	00010100010000100	000000000000000000000	100000000000000100	0000000000000000001	000000000000000000
0100000000000000100000	00010100010000100	000000000000000000000	100000000000000100	0000000000000000001	000000000000000000
0001000000001000000000	00000000000100000	010000010000000000000	000000001000010000	0000000000000000000	011001001101000001
0001000000000000000000	00000000000000000	010000010000000000000	000000001000010000	0000000000000000000	011001001101000001
0001000000001000000000	00000000000100000	010000010000000000000	000000001000010000	0000000000000000000	011001001101000001
0000000010000000000000	00000000001000001	000000000000000100000	000000010000000000	0000000000000000000	000000000000010000
0000000001000000000000	00000000000000010	000000000000000010000	000000000000000001	0010000000000000000	000000010000000000
0000000000000000000000	00000000000000000	000000000010000000000	000000000000000000	0000000000000000000	100000000000001000
