00000000000000000000011	0000000000000000000	000000000000	0000000000000001	000000000000000000001	001100000010000000000
00000000000000001000011	0000000000000000000	000000010000	0000000000000001	000000000010000000001	001000011000000000000
00000000000000000000000	0000000000100000010	000000000000	0000010000000000	000000000000000000000	100001000000000001000
00000000000000000000000	1000000000000000000	011000100000	0000000001100000	000000000000000000100	000000000000000000000
00000001000000000000011	0001000000000000000	000000010000	0000000010000001	000000000000000000001	001000010000000000000
00000000000000000010100	0000000000100000010	000000000000	0000010000000000	000000000100000000010	000000000000000001000
00000000000000000000100	0000000000100000010	000000000000	0100010000000000	000000000100000000000	000000000000000001001
00000000000000010000011	0000000000000000000	000000000000	0000000000000001	000000000000000000001	001100000000000000000
00000000000000010000011	0000000000000000000	000000000000	0000000000000001	000000000000000000001	001100000000000000000
00000000000000010000011	0000000000000000000	000000000000	0000000000000001	000000000000000000001	001100000000000000000
00000000000000000000011	0000000000000000000	000000000000	0000000000000001	000000000000000000001	001100000000000000000
00000000000000000000011	0000000000000010000	000000010000	0000000000000001	000000000000001000001	001010010000000000000
00000000000000000011100	0000000000100000010	000000000000	0000010000000000	000000000100000000010	000000000000000001000
00000000000000000000100	0000000000100000010	000000000000	0100010000000000	000000000100000000000	000000000000000001001
00000100000100100000000	0000000000000100000	100010000000	0000000000000000	000100000000000000000	000000000000010000010
00000001000000000000011	0001000000000000000	000000010000	0000000010000001	000000000000000000001	001000010000000000000
00000000000000000000011	0001000000000000000	000000010000	0000000000000001	000001000000000000001	001000010000000000000
00000000000000000000000	0000001000100000010	000000000000	0000010000000000	000000010000000000000	000000000000000001000
00000000000000000000011	0000000000000000000	000000010000	0000000000000001	000000000000000000001	001000010000000000000
00000000000000000000011	0000000000000000000	000000000000	0000100000000001	000000100000000000001	001100000000000000000
00000000000000000000011	0000000000000000000	000000000000	0000000000000001	000000000000000000001	001100000000000000000
00000000000000000000011	0000000000000000000	000000000000	0000000000000001	000000000000000000001	001100000000000000000
00000000000000000000000	1000000000000000000	011000100000	0000000001100000	000000000000000000100	000000000000000000000
00000000000000000000011	0001000000000000000	000000010000	0000000000000001	000001000000000000001	001000010000000000000
00000000000001000100011	0000000000000000000	000100000000	0000000000000001	000000000000000000001	001000000000100000000
00000000000000000000000	0000000000100000010	000000000000	0000010000000000	000000000000000000000	100001000000000001000
00000000000000010000011	0000000000000000000	000000000000	0000000000000001	000000000000000000001	001100000000000000000
00000000000000000000100	0000000000100000010	000000000000	0100010000000000	000000000100000000000	000000000000000001001
00000000100000000000000	0000000000000000000	000000000000	1000000000000000	000000000000000000000	000000000000000010000
00000000000000000000000	0000100100000000100	010000000000	0000000000100000	000000000000000000000	000000000000000100000
10000000000000000000011	0000000000000000000	000000010000	0000000000000001	000000000010000000001	001000010000000000000
00000000000000000000011	0000000000000000000	000000010000	0000000000000001	000000000000000000001	001000010000000000000
00000010000000000000000	0000000100000000000	010000000100	0000000000100000	000000000000000000000	000000000000000000000
00000000000000010000011	0000000000000000000	000000000000	0000000000000001	000000000000000000001	001100000000000000000
00000000000000000000000	0000001000100000010	000000000000	0000010000000000	000000010000000000000	000000000000000001000
00000100000000000000000	0000000000000000001	000000000000	0000000000000100	000100000000000000000	000000000000010000000
00000000000000000000011	0001000000000000000	000000010000	0000000000000001	000001000000000000001	001000010000000000000
00000000000001000100011	0000000000000000000	000000000010	0000000000000001	000000000000000000001	001000000000000000000
00000000000000010000011	0000000000000000000	000000000000	0000000000000001	000000000000000000001	001100000000000000000
00000000100000000000000	0000000000000000000	000000000000	1000000000000000	000000000000000000000	000000000000000010000
00000000000000000000011	0000000000000000000	000000010000	0000000000000001	000000000000000000001	001000010000000000000
00000000000001000100011	0000000000000000000	000000000000	0000000000000001	000000000000000000001	001000000000100000000
00000000000000010000011	0000000000000000000	000000000000	0000000000000001	000000000000000000001	001100000000000000000
00000000000000000000011	0000000000000000000	000000000000	0000000000000001	000000000000000000001	001100000010000000000
00000000001001000100011	0000000000000000000	000000000000	0001000000000001	000000001000000000001	001000000000100000000
00000000000000000000011	0000000000000000000	000000000000	0000000000000001	000000000000000000001	001100000000000000000
00010000000000000000000	0000010000000001000	000000000000	0000000000010010	000000000000000010000	000000000000000000000
00000100000000000000000	0000000000000000001	000000000000	0000000000000100	000100000000000000000	000000000000010000000
00000010000000000000000	0000000100000000000	010000000100	0000000000100000	000000000000000000000	000000000000000000000
00000000000000000000011	0001000000000000000	000000010000	0000000000000001	000001000000000000001	001000010000000000000
00000000000010000000011	0001000000000000000	000000010000	0000000000000001	000001000000000000001	001000010000000000000
00000000000000000010100	0000000000100000010	000000000000	0000010000000000	000000000100000000010	000000000000000001000
00000100000000000000000	0000000000000000001	000000000000	0000000000000100	000100000000000000000	000000000000010000000
00000000000001000100011	0000000000000000000	000000000000	0000000000000001	000000000000000000001	001000000000100000000
00000000000000000000100	0000000000100000010	000000000000	0100010000000000	000000000100000000000	000000000000000001001
00000000000000010000011	0000000000000000000	000000000000	0000000000000001	000000000000000000001	001100000000000000000
00000000000000000000011	0000000000000000000	000000000000	0000100000000001	000000100000000000001	001100000000000000000
00001000000000000000000	0000000000100000010	000001000000	0000010000000000	000000000000000000000	000000000000000001000
00000000000000000000000	0000000000100000010	000000000000	0000010000000000	000000000000000000000	100001000000000001000
00000000000000010000011	0000000000000000000	000000000000	0000000000000001	000000000000000000001	001100000000000000000
00000000100000000000000	0000000000000000000	000000000000	1000000000000000	000000000000000000000	000000000000000010000
00000001000000000000011	0001000000000000000	000000010000	0000000010000001	000000000000000000001	001000010000000000000
00000000000001000100011	0000000000000000000	000000000000	0000000000000001	000000000000000000001	001000000000100000000
00000000000000000100011	0000000000000000000	000000000000	0000000000000001	000000000000000000001	001000000000000000000
00000000000000000011100	0000000000100000010	000000000000	0000010000000000	000000000100000001010	000000000000000001000
00000001000000000000011	0001000000000000000	000000010000	0000000010000001	000000000000000000001	001000010000000000000
00000000000000000000011	0001000000000000000	000000010000	0000000000000001	000001000000000000001	001000010000000000000
10000000000000000000011	0000000000000000000	000000010000	0000000000000001	000000000010000000001	001000010000000000000
00000000000000000000100	0000000000100000010	000000000000	0100010000000000	000000000100000000000	000000000000000001001
00000000000000000000000	0000100100000000100	010000000000	0000000000100000	000000000000000000000	000000000000000100000
00000000000000000000011	0000000000000000000	000000000000	0000000000000001	000000000000000000001	001100000000000000000
00000000000000000000011	0001000000000000000	000000010000	0000000000000001	000001000000000000001	001000010000000000000
00000001000000000000011	0001000000000000000	000000010000	0000000010000001	000000000000000000001	001000010000000000000
00000000000000000000011	0000000000000000000	000000000000	0000000000000001	000000000000000000001	001100000000000000000
00000000000000000000000	0010000000100000010	000000000000	0000010000000000	000000000000000000000	000000000000000001100
00000000000001000100011	0000000000000000000	000000000000	0000000000000001	000000000000000000001	001000000000100000000
00000000000000010000011	0000000000000000000	000000000000	0000000000000001	000000000000000000001	001100000000000000000
00000000000000000000011	0000000000000000000	000000000000	0000100000000001	000000100000000000001	001100000000000000000
00000000000000000010100	0000000000100000010	000000000000	0000010000000000	000000000100000000010	000000000000000001000
00000000000000000000000	0100000000000000000	011000100000	0000000001100000	000000000000000000100	000000000000000000000
01000000000001000100011	0000000000000000000	000000000000	0000000000000001	000000000001000000001	001000000000000000000
00000000001001000100011	0000000000000000000	000000000000	0001000000000001	000000001000100000001	001000100000100000000
00000000000000000000011	0001000000000000000	000000010000	0000000000000001	000001000000000000001	001000010000000000000
00000000000000000011100	0000000000100000010	000000000000	0000010000000000	000000000100000000010	000000000000000001000
00000000000001000100011	0000000000000000000	000000000000	0000000000000001	000000000000000000001	001000000000100000000
00000000000000000000011	0000000000000000000	000000010000	0000000000000001	000000000000000000001	001000010000000000000
00010000000000000000000	0000010000000001000	000000000000	0000000000010010	000000000000010010000	000000000000000000000
00000000000000000000011	0001000000000000000	000000010000	0000000000000001	000001000000000000001	001000010000000000000
00000000000000000011100	0000000000100000010	000000000000	0000010000000000	100000000100000000010	000000000000000001000
00000000000000001000011	0000000000000000000	000000010000	0000000000000001	000000000010000000001	001000011000000000000
00000000000000000100011	0000000000010000000	000000001000	0000000000000001	000000000000000000001	001000000000000000000
00000000000000000000000	0000000000100000010	000000000000	0000010000000000	000000000000000000000	100001000000000001000
00000000000000000000100	0000000000100000010	000000000000	0100010000000000	000000000100000000000	000000000000000001001
00000000000000000000100	0000000000100000010	000000000000	0100010000000000	000000000100000000000	000000000000000001001
00010000000000000000000	0000010000000001000	000000000000	0000000000010010	000000000000010010000	000000000000000000000
00000000000000000011100	0000000010100000010	000000000000	0000010000000000	101000000100000000010	000000000000000001000
00000100000100100000000	0000000000000100000	100010000000	0000000000000000	000100000000000000000	000000000000010000010
00000000000000000000011	0000000000000000000	000000010001	0000000000000001	000000000000000000001	001000010000000000000
00000000000000000000011	0001000000000000000	000000010000	0000000000000001	000001000000000000001	001000010000000000000
10000000000000000000011	0000000000000000000	000000010000	0000000000000001	000000000010000000001	001000010000000000000
00000000000000000000011	0000000000000000000	000000010000	0000000000000001	000010000000000000001	001010010000000000000
00000000010000000000000	0000000001100000010	000000000000	0000010000000000	000000000000000000000	100000000000000001000
00000000000001000100011	0000000000000000000	000000000000	0000000000000001	000000000000000000001	001000000000100000000
00000010000000000000000	0000000100000000000	010000000100	0000000000100000	000000000000000000000	000000000000000000000
00000000000000000000011	0000000000000000000	000000010001	0000000000000001	000000000000000000001	001000010000000000000
00000000000000000000011	0000000000000000000	000000000000	0000100000000001	000000100000000000001	001100000000000000000
10000000000000000000011	0000000000000000000	000000010000	0000000000000001	000000000010000000001	001000010000000000000
00100000000000000000011	0000000000000000000	000000010000	0000000100000001	000000000000000000001	001010010000000000000
10000000000000000000011	0000000000000000000	000000010000	0000000000000001	000000000010000000001	001000010000000000000
00000000000000000000000	0010000000100000010	000000000000	0000010000000000	000000000000000000000	000000000000000001100
00000000000000010000011	0000000000000000000	000000000000	0000000000000001	000000000000000000001	001100000000000000000
00000000000000000100011	0000000000000000000	000000000000	0000000000000001	000000000000000000001	001000000000000000000
00000000000000000000100	0000000000100000010	000000000000	0100010000000000	000000000100000000000	000000000000000001001
00000000100000000000000	0000000000000000000	000000000000	1000000000000000	000000000000000000000	000000000000000010000
00000000000001000100011	0000000000000000000	000000000000	0000000000000001	000000000000000000001	001000000000100000000
00000000000000000011100	0000000010100000010	000000000000	0000010000000000	101000000100000000010	000000000000000001000
00000000000000010000011	0000000000000000000	000000000000	0000000000000001	000000000000000000001	001100000000000000000
00000000000000000000011	0000000000000000000	000000010000	0000000000000001	000000000000000000001	001010010000000000000
00000000000000000000011	0001000000000000000	000000010000	0000000000000001	000001000000000000001	001000010000000000000
00000000000000000000011	0000000000000000000	000000000000	0000000000000001	000000000000000000001	001100000000000000000
00000000000000000000000	0000100100000000100	010000000000	0000000000100000	000000000000000000000	000000000000001100000
00000000000000010000011	0000000000000000000	000000000000	0000000000000001	000000000000000000001	001100000000000000000
00010000000000000000000	0000010000000001000	000000000000	0000000000010010	000000000000000010000	000000000000000000000
00000000000000000000000	0000001000100000010	000000000000	0000010000000000	000000010000000000000	000000000000000001000
00000000000000000000011	0000000000000000000	000000000000	0000000000000001	000000000000000000001	001100000010000000000
00000000000001000100011	0000000000000000000	000000000000	0000000000000001	000000000000000000001	001000000000100000000
00000000000000000011100	0000000000100000010	000000000000	0000010000000000	000000000100000000010	000000000000000001000
00010000000000000000000	0000010000000001000	000000000000	0000000000010010	000000000000010010000	000000000000000000000
00000000000000010000011	0000000000000000000	000000000000	0000000000000001	000000000000000000001	001100000001000000000
00000000000000010000011	0000000000001000000	000000000000	0000000000000001	000000000000000000001	001100000000000000000
00000000000000010000011	0000000000000000000	000000000000	0010000000000001	000000000000000000001	011100000000000000000
00000000000000000000011	0000000000000000000	000000000000	0000000000000001	000000000000000000001	001100000000000000000
01000000000001000100011	0000000000000000000	000000000000	0000000000000001	000000000000000000001	001000000000000000000
10000000000000000000011	0000000000000000000	000000010000	0000000000000001	000000000010000000001	001000010000000000000
00000000000001000100011	0000000000000000000	000000000000	0000000000000001	000000001000000000001	001000000000100000000
00000000000001000100011	0000000000000000000	000000000000	0000000000001001	000000000000000000001	001000000000100000000
00000000000000010000011	0000000000000000000	000000000000	0000001000000001	000000000000000000001	001100000000000000000
00000000000000000011100	0000000000100000010	000000000000	0000010000000000	000000000100000000010	000000000000000001000
00000000000000000000100	0000000000100000010	000000000000	0100010000000000	000000000100000000000	000000000000000001001
00000000000000010000011	0000000000000000000	000000000000	0000000000000001	000000000000000100001	001100000000000000000
00000000000000000000011	0000000000000000000	000000000000	0000000000000001	000000000000000000001	001100000000000000000
00000000000000000011100	0000000000100000010	000000000000	0000010000000000	000000000100000000010	000000000000000001000
00010000000000000000000	0000010000000001000	000000000000	0000000000010010	000000000000010010000	000000000000000000000
00000000000000000000000	0010000000100000010	000000000000	0000010000000000	000000000000000000000	000000000000000001100
00000000000000010000011	0000000000000000000	000000000000	0000000000000001	000000000000000000001	001100000000000000000
00000000000000000000011	0001000000000000000	000000010000	0000000000000001	000001000000000000001	001000010000000000000
00000000000001000100011	0000000000000000000	000000000000	0000000000000001	000000000000000000001	001000000000100000000
00000100000000000000000	0000000000000000001	000000000000	0000000000000100	000100000000000000000	000000000100010000000
00000000000000000000000	1000000000000000000	011000100000	0000000001100000	010000000000000000100	000000000000000000000
00001000000000000000000	0000000000100000010	000001000000	0000010000000000	000000000000000000000	000000000000000001000
