0000000000000000000000	00000000000000010000000000	000000000	00000000000000001001	0100000000000000000000	00001000000000000
0100000000000010000000	00000100000000000000101000	000100010	00000100000100000000	0000000000000000000000	00000000000000010
0100000000000000000000	00000100000000000000000000	000100010	00000100000100000000	0000000000000000000000	00000000000000010
0000000000000000000000	00000000000000001000000000	000001000	01010000000010000000	0001000000011000000000	00000000000000001
1000000000000100000000	00010000001000000010000000	000100000	00000100000100000100	0000000000100000000000	10000000000000000
0100000000000000000000	00000100000000000001000000	000100000	00000100000100010000	0000000000000000000000	00000000000000000
0000000000001000000000	00001000000100000000000000	000000000	00000000100000000000	0000000001000000001000	00000000000110000
0000000000001000000000	00001000000000000000000000	000000000	00000000100000000000	0000000001000000001000	00000000000110000
0000000000000000000010	00000010000000000100000000	100000000	00000000000000001000	0010000000000100000000	00000000000000000
1000000000000100000000	00010000001000000010000000	000100000	00000100000100000100	0000000000100000000000	10000000000000000
0100000000000000000000	10000100000000000000000000	000100000	00000100000100000000	0000000000000000000000	00000000000000000
0100000000000010000000	00000100000000000000101000	000100010	00000100000100000000	0000000000000000000000	00000000000000010
0000000000000000000000	00001000000000000000010000	000000000	00000010010000000000	0000000000000000001000	00000000000000000
0000000000000000000010	00000000000000000100000000	100000000	00000000000000001000	0000000000000100000000	00000000000000000
0100001100000000000000	00000100000000100000000000	000100000	00000100000100000000	0000001000000000000000	00000000000000000
1000000000000100001000	00000000001000000010000000	010100000	00000100000100000100	0000000000100000000000	10000000100000000
0100000000000000000000	00000100000000000000000000	000100000	00000100000100010000	0000000000000000000000	00000000000000000
0000000000000000000001	00100000000000000100000000	000000000	00000000000000101010	0000000000000100000000	00000000000000000
0100000000000000000000	00000100000000000000000000	000100000	00000100000100010000	0000000000000000000000	00000000000000000
1000100000000100000000	00000000001000000010000000	000100000	00000100000100000100	0000000000100000000000	10000000000000000
0000000000000000000000	00000000000000000100000000	000000000	00000000000000001000	0000000000000100000000	00000000000000000
0100000000000010000000	00000100000000000000101000	000100010	00000100000100000000	0000000000000000000000	00000000000000010
0000000000000000000000	00000000000000001000000000	000001000	01010000000010000000	0001000000011000000000	00000000000000001
0000000000000000000001	00000000000000000100000000	000000000	00000000000000101010	0000000000000100000000	00000000000000000
0000000000000000000001	00100000000000000100000000	000000000	00000000000000101010	0000000000000100000000	00000000000000000
0100000000000000000000	00000100000000000001000000	000100000	00000100000100010000	0000000000000000000000	00000000000000000
0000000000000000010010	00000000000000000100000000	100000000	00000000000000001000	0000000000000100000000	00000000000001000
0000000000000000000000	00001000000000000000000001	000000000	00000000100000000000	0000000001000000001000	00000000000110000
0000000000000000000000	00000000000000001000000000	000001000	01010000000010000000	0001000000011000000000	00000000000000001
0000000000000000000000	00000000000000000100000000	000000000	00000000000000001000	0000000000000100000001	00000000000000000
0000000000000000000010	00000010000000000100000000	100000000	00000000000000001000	0010000000000100000000	00000000000000000
0100000000000000000000	00000100000000000000000000	000100010	00000100000100000000	0000000000000000000000	00010000000000000
0000000000000000000000	00000000000000001000000000	000001000	01010000000010000000	0001000000011000000000	00000000000000001
1000000000000100000000	00000000001000000010000000	010100000	00000100000100000100	0000000000100000000000	10000000000000000
0000000000000000000000	00000000000000001000000000	000001000	01010000000010000000	0001000000011000000000	00000000000000001
0000000000000000000000	00000000000000001000000000	000001000	01010000000010000000	0001000000011000000000	00000000010000001
1000000000000100000100	00000000001000000010000000	000100000	00000100000100000100	0000000000100000000000	10000000000000000
0000000000000000000010	00000010000000000100000000	100000000	00000000000000001000	0010000000000100000000	00000000000000000
0000000000000000000000	00001000000000000000000000	000000000	00000000100000000000	0000000001000000001000	00000000000110000
0000000000000000000001	00100000000000000100000000	000000000	00000000000000101010	0000000000000100000000	00000000000000000
0000000000001000000000	00001000000000000000000000	000000000	00000000100000000000	0000000001000000001000	00000000000110000
0100000000000000000000	00000100000000000000000000	000100010	00000100000100000000	0000000000000000000000	00000000000000010
0100001100000000000000	00000100000000100000000000	000100000	00000100000100000000	0000001000000000000000	00000000000000000
1000100000000100000000	00000000001000000010000000	000100000	00000100000100000100	0000000000100000000000	10000000000000000
0100000000000000000000	00000100000000000000000000	000100010	00000100000100000000	0000000000000000000000	00010000000000000
0000000000000000000001	00000000000000000100000000	000000000	00000000000000101010	0000000000000100000000	00000000000000000
1000100000000100000000	00000000001000000010000000	000100000	00000100000100000100	0000000000100000000000	10000000000000000
0000000000000000000010	00000010000000000100000000	100000000	00000000000000001000	0010000000000100000000	00000000000000000
0100000000000000000000	00000100000000000000101000	000100010	00000100000100000000	0000000000000000000000	00000000000000010
0000000000000000000000	00001000000000000000000000	000000000	00000000100000000000	0000000001000000001000	00000000000110000
0000000000000000000010	00000010000000000100000000	100000000	00000000000000001000	0000000000000100000000	00000000000000000
0000000000000000100000	00000000000000000000000000	000000000	00000000000000000000	0000000000000000000000	00000100000000000
0000000000000000000000	00000000000000000100000000	000000000	00000000000000001000	0000000000000100000001	00000000000000000
0000000000000000000001	00000000000000000100000000	000000000	00000000000000101010	0000000000000100000000	00000000000000000
0000000000000000000000	00001000000000000000000000	000000000	00000000100000000000	0000000001000000001000	00000000000110000
0100000000000000000000	10000100000000000000000000	000100001	00000100000100000000	0000000000000000000000	00000000000000000
1000010000000100000000	00000000001000000010000000	000100000	00000100000100000100	0000100000100000000000	10000000000000000
0000000000000000000010	00000010000000000100000000	100000000	00000000000000001000	0010000000000100000000	00000000000000000
0000000000000000000010	00000000000000000100000000	100000000	00000000000000001000	0000000000000100000000	00000000000000000
0100000000000000000000	00000100000000000000101000	000100010	00000100000100000000	0000000000000000000000	00000000000000010
1000000000000100000000	00000000001000000010000000	000100000	00000100000100000100	0000100000100000000000	10000000000000000
0000000000000000000010	00000000000000000100000000	100000000	00000000000000001000	0000000000000100000000	00000000000000000
0100000000000000000000	00000100000000000000000000	001100000	00000100000100010000	0000010000000000000000	00000010000000000
0001000000000000000000	00000000000000000100000000	000000000	00001000000000001000	0000000000000100100000	00000000000000000
0001000000000000000000	00000000000000000100000000	000000000	00001000000000001000	0000000000000100100000	00000000000000000
0000000000000000000001	00000000000000000100000000	000000000	10000000000000101010	0000000000000100000000	00100000000000000
0100000000000000000000	00000100000000000000000000	001100000	00000100000100010000	0000010000000000000000	00000010000000000
0000000000000000000000	00001000000000000000000000	000000000	00000000100000000000	0000000001000000001000	00000000000110000
0000000000000000100000	00000000000000000000000000	000000000	00000000001000000000	0000000000000000000000	00000100000000000
0000000000000000000010	00000010000000000100000000	100000000	00000000000000001000	0010000000000100000000	00000000000000000
0100000000000000000000	00000100000000000000000000	000100000	00000100000100010000	0000000000000000000000	00000000000000000
0000000000000000000000	00000000000000001000000000	000001000	01010000000010000000	0001000000011000000000	00000000000000001
0000000000000000000000	00000000000000001000000000	000001000	01010000000010000000	0001000000011000000000	00000000000000001
1000000000000100000100	00000000001000000010000000	000100000	00000100000100000100	0000000000100000000000	10000000000000000
0000000000000000100000	00000000000000000000000000	000000000	00000000000000000000	0000000000000000000000	00000100000000000
0001000000000000000000	00000000000000000100000000	000000000	00001000000000001000	0000000000000100100000	00000000000000000
0000000000000000000000	00001000000000000000000001	000000000	00000000100000000000	0000000001000000001000	00000000000110000
0000000000000000000000	00001000000000000000000000	000000000	00000010010000000000	0000000000000000001000	00000000000000000
0100000000000000000000	00000100000000000000000000	000100010	00000100000100000000	0000000000000000000000	00000000000000010
0000000000000000000010	00000000000000000100000000	100000000	00000000000000001000	0000000000000100000000	00000000000000000
0000000000000000000001	00000000000000000100000000	000000000	00000000000000101010	0000000000000100000000	00000000000000000
1000000000000100000100	00000000001000000010000000	000100000	00000100000100000100	0000000000100000000000	10000000000000000
0100000000000000000000	00000100000000000000000000	000100010	00000100000100000000	0000000000000000000000	00000000000000010
0000000000000000000001	00000000000000000100000000	000000000	00000000000000101010	0000000000000100000000	00000000000000000
0000000000000000000001	00000000000000000100000000	000000000	00000000000000101010	0000000000000100000000	00000000000000000
0010000000000000000000	00001001000000000000000000	000000000	00000000100000000000	0000000011000000001000	00000000000110000
0000000000000000000010	00000010000000000100000000	100000000	00000000000000001000	0010000000000100000000	00000000000000000
1000000000000100000000	00000000001000000010000000	010100000	00000100000100000100	0000000000100000000000	10000000000000000
0100000000000000000000	00000100000000000000000000	000100010	00000100000100000000	0000000000000000000000	00000000000000010
0000000000001000000000	00001000000000000000000000	000000000	00000000100000000000	0000000001000000001000	00000000000110000
1000000000000100000000	00000000001000000010000000	010100000	00000100000100000100	0000000000100000000000	10000000000000000
0100000000000010000000	00000100000000000000101000	000100010	00000100000100000000	0000000000000000000000	00000000000000010
0000000000000000000000	00001000000000000000000000	000000000	00000010010000000000	0000000000000000001000	00000000000000000
0000000000000000000001	00000000000000000100000000	000000000	00000000000000101010	0000000000000100000000	00000000000000000
1000000000000100000100	00000000001000000010000000	000100000	00000100000100000100	0000000000100000000000	11000000000000000
0000000000000000000000	00000000000000010000000000	000000000	00000000000000001001	0100000000000000000000	00001000000000000
0000000000000000000000	00000000000000001000000000	000001000	01010000000010000000	0001000000011000000000	00000000000000001
1000000000000100000000	00010000001000000010000000	000100000	00000100000100000100	0000000000100000000000	10000000000000000
0000000000000000100000	00000000000000000000000000	000000000	00000000000000000000	0000000000000000000000	00000100000000000
0000000000000000000000	00000000000000000100000000	000000000	00000000000000001000	0000000000000100000001	00000000000000000
0100001100000000000000	00000100000000100000000000	000100000	00000100000100000000	0000001000000000000000	00000000000000000
1000000000000100000100	00000000001000000010000000	000100000	00000100000100000100	0000000000100000000010	11000000000000000
1000000000000100001000	00000000001000000010000000	010100000	00000100000100000100	0000000000100000000000	10000000100000000
0100000000000000000000	00000100000000000000000000	001100000	00000100000100010000	0000010000000000000000	00000000000000000
0000000000000000000000	00000000000000001000000000	000001000	01010000000010000000	0001000000011000000000	00000000000000001
0100000000000000000000	00000100000000000000000000	001100000	00000100000100010000	0000010000000000000000	00000010000000000
0100000000000000000000	00000100000000000000000000	001100000	00000100000100010000	0000010000000000000000	00000010000000000
1000100000000100000000	00000000001000000010000000	000100000	00000100000100000100	0000000000100000000000	10000000000000000
1000100000000100000000	00000000001000000010000000	000100000	00000100000100000100	0000000000100000000000	10000000000000000
0000000000000000000001	00000000000000000100000000	000000000	00000000000000101010	0000000000000100000000	00000000000000000
0001000000000000000000	00000000000000000100000000	000000000	00001000000000001000	0000000000000100100000	00000000000000000
0000000000000000000001	00000000000000000100000000	000000000	00000000000000101010	0000000000000100000000	00000000000000000
0100000001000000000000	00000100100000000000000000	000100000	00000100000100010000	0000000000000000000000	00000000000000000
0000000000000000000001	00100000000000000100000000	000000000	00000000000000101010	0000000000000100000000	00000000000000000
1000010000000100000000	00000000001000000010000000	000100000	00000100000100000100	0000100000100000000000	10000000000000000
0000000000000000000000	01000000000001000000000000	000000100	00000001000000000000	0000000000000000010000	00000100001000000
0000000000000000000000	00000000000000000100000000	000000000	00000000000001001000	0000000000000100000000	00000000000000000
0100000000000000000000	00000100000000000000000000	000100010	00000100000100000000	0000000000000001000000	00000000000000010
0000000010000000000000	00001000010000000000000000	000000000	00000000100000000000	0000000001000000001100	00000000000110100
0100000000000000000000	00000100000000000000000000	000100000	00000100000100010000	0000000000000000000000	00000000000000000
0100000000000000000000	00000100000000000000000000	000100010	00000100000100000000	0000000000000000000000	00000000000000010
1000000000000101000100	00000000001000000010000000	000100000	00000100000100000100	0000000000100000000000	10000000000000000
0100000000000000000000	00000100000000000000000000	000100000	00000100000100010000	0000000000000000000000	00000000000000000
0100000000000000000000	00000100000000000000000000	000100000	00000100000100010000	0000000000000000000000	00000000000000000
0000000000000000000000	00001000000000000000000000	000000000	00000000100000000000	0000000001000000001000	00000000000110000
0100000000000000000000	10000100000000000000000000	000100000	00000100000100000000	0000000000000000000000	00000000000000000
0000000000000000000000	00001000000000000000000000	000000000	00000010010000000000	0000000000000000001000	00000000000000000
0000000000100000000000	00000000000000000000000000	000010000	00000000000000000000	1000000000000000000000	00000101000000000
1000000000000100000100	00000000001000000010000000	000100000	00000100000100000100	0000000000100000000000	10000000000000000
0000000000000000000001	00100000000000000100000000	000000000	00000000000000101010	0000000000000100000000	00000000000000000
0100000000010000000000	00000100000000000000000100	000100000	00000100000100010000	0000000100000000000000	00000000000000000
0000000000100000000000	00000000000000000000000000	000010000	00000000000000000000	1000000000000000000000	00000101000000000
0000000000000000000000	00000000000000001000000010	000001000	01010000000010000000	0001000000011000000000	00000000000000001
0000000000001000000000	00001000000000000000000000	000000000	00100000100000000000	0000000001000000001000	00000000000110000
1000000000000100000100	00000000001000000010000000	000100000	00000100000100000100	0000000000100000000000	10000000000000000
0000000000000000000000	00000000000000000100000000	000000000	00000000000000001000	0000000000000100000000	00000000000000000
0100000000000000000000	00000100000000000000000000	000100000	00000100000100010000	0000000000000000000000	00000000000000000
0000000000000000000000	00001000000000000000000000	000000000	00000010010000000000	0000000000000000001000	00000000000000000
0000000000000000000000	00000000000000010000000000	000000000	00000000000000001001	0100000000000000000000	00001000000000000
0100000000000000000000	00000100000000000000000000	000100000	00000100000100010000	0000000000000000000000	00000000000000000
0100000000000000000000	00000100000000000000000000	000100010	00000100000100000000	0000000000000000000000	00010000000000000
0000000000000000000000	00001000000000000000000000	000000000	00000010010000000000	0000000000000000001000	00000000000000000
0100000000000010000000	00000100000000000000101000	000100010	00000100000100000000	0000000000000000000000	00000000000000010
0100000000000000000000	00000100000000000000000000	000100010	00000100000100000000	0000000000000000000000	00010000000000000
0000000000000000000000	00001000010010000000000000	000000000	00000000100000000000	0000000001000000001100	00000000000110100
1000000000000100000100	00000000001000000010000000	000100000	00000100000100000100	0000000000100010000000	10000000000000000
0100000000000000000000	10000100000000000000000000	000100001	00000100000100000000	0000000000000000000000	00000000000000000
0100000000000000000000	00000100000000000000000000	001100000	00000100000100010000	0000010000000000000000	00000000000000000
0000000000000000000000	00001000000000000000000001	000000000	00000000100000000000	0000000001000000001000	00000000000110000
0000000000000000000000	00000000000000001000000000	000001000	01010000000010000000	0001000000011000000000	00000000000000001
