0000000000000000001000000000100000000	0000000000000000000000	00000000000000000000	0000010010000000100000	00001000000000000000010000000	000000000000000000000000000000
0000000000000000001000000000100000000	0000000000000000000000	00000000000000000000	0000010010000000100000	00001000000000000000010000000	000000000000000000000000000000
0000000000000000010000000000000000000	0000000000000000000000	00000000000000000000	0000000001001000000000	00000000000000000000000000000	000000000000000000000000000000
0000000001000000000000100000000000000	0000100001000000000000	00000000001000000000	0100000000000000000000	00000000000000000000000100000	000000000000000000000000000000
0000000100000000000010000000000000000	0000000000000000000000	00000000000000000000	0000000001001000000000	00000000000000000010000000000	000000000000000000000000000000
0000000000000000000000000000000000000	0000000000000000010000	00000000000000101000	0000000000000000000001	00000001000000000000000000000	000000000000010000000000010000
0000000000000000000000000000000000000	0000000000000000010000	01000000000000101000	0000000000000000000001	00000000100000000100000000000	000000000000010000000000010000
0000000000000000001000000000100010000	0000000000000000000000	00000000000000000000	0000010010000000100000	00001000000000000000010000000	000000000000000000000000000000
0000000000000000001000000000000000000	0000000000000000000000	00000000000000000000	0000010010000000000000	00001000000000000000100000000	000000000000000000000000000000
0000000000000000000100000100000000000	0000000000000000000000	00000000000000000001	0000000000000000000000	00000000000010000000000000000	000000000000000000000000000000
0000000000000000000000000000000000000	0000000000000000000000	00000000000010000000	0000000000000000000000	00000000000000000000000000000	000000000000000000000000000000
0000000000000000000000000000000000000	0000000000000000010000	00000000000000101000	0000000000000100000000	00000000000000000000000000000	000000000000010000000000010000
0000000000000000000000000000000000000	0000001000000100000000	10001000100000000000	0000000000000000000000	00000000010100000000000000100	010100000000000000101000100000
0000000000000000000000000000000000000	0000000000000000010000	00000000000000101000	0000000000000100000000	00000000000000000000000000000	000000000000010000000000010000
0000001000000000000000000000000000010	0000000010001010010001	00000000000001101000	0000000000000000010000	00100000001000000000000000000	000000000000010100000000010000
0000000000000000000000000000000000000	0000000000000000010000	00000000000000101000	0000000000000100000000	00000000000000000000000000000	000000000000010000000000010000
0000000000000000000000000000000000000	1000000000000000010000	00000000000000101000	0001000000000000000000	00000000000000000000000000000	000000000000010000000000010000
0000000001000000000000100000000000000	0000000000000000000000	00000000001000000000	0100000000000000000000	00000000000000000000000100000	000000000000000000000000000000
0000000000000000000000000000000000000	0000000000000000010000	00000000000000101000	0000000000000000000001	00000000100000000000000000000	000000000000010000000000011000
0000000000000000000000000000000000000	0100000000000000000000	00000000000000000100	0000000000100000001010	00000000000000000000001000010	000000000100001000000100000000
0000000000010000001000000000000000000	0000000000000000000000	00000010000000000000	0000010010000000000000	00000000000000000000000000000	000000000000000000010000000000
0000100000000000000000000000000000100	0000000000000000010000	00000000000000101000	0000000000000000000000	00000000000000000000000001000	000000000000010000000000010000
0000000000000000000000000010000000000	0000000100000000000100	00000000000000000000	0000000000000000000000	00000000000000000000000000000	100000000000000000000000000000
0000000000000000000000000000000000000	0000000000000000010000	00000000000000101000	0000000000000100000000	00000000000000000000000000000	000000000000010000000000010000
0000000000000000000000000000000000000	0000000000000000000000	00000000000000000000	0000000000000000000000	00000000000000000000000000000	000000000001000001000000000000
0000000000000000000000000000000000000	0000001000100100000000	10001000000000000000	0000000000000000000000	00000000010000000000000000100	010100000000000000101010100000
0000000000000000000000000000000000000	0000000000000000000000	00000000000000000000	0000000000000000000000	00000000000000000000000000000	000000000001000001000000000000
0000000000000000000000000000000000000	0000000000000000010000	00000000000000101000	0000000000000000000001	00000000100000000000000000000	000000000000010000000000011000
0000000000000000000100000000000000000	0000000000000000000000	00000000000000000001	0000001000000000000000	00000000000010000000000000000	000000000000000000000000000000
0000000000010000001000000000000000000	0000000000000000000000	00000010000000000000	0000010010000000000000	00000000000000000000000000000	000000000000000000000000000000
0100000000000000000000000000000000001	0000000000000100000000	00000100000000000000	0000000000000000000000	00000000000000000000000010000	010100000000000000100000000010
0000000000000000000000000000000000000	0000000000000000010000	00000000000000111000	0000000000000000000001	00000000000000000000000000000	000000000000010000000000010000
0000000110001000000000000000000000000	0000000000000000001000	00000000000000000000	0000000001001000000000	00000000000000000010000000000	000000000000000000000000000000
0000000000000000010000000000000000000	0000000000000000000000	00000000000000000000	0000000001001000000000	00000000000000000000000000000	000000000000000000000000000000
0000000000000000000000000000000000000	0000000000000000000000	00000000000000000000	0000000000000000000000	00000000000000000000000000000	000000000001000001000000000000
0000000000000000000000000000000000000	0000000000000000010000	00000000000000101000	0000000000000100000000	00000000000000000000000000000	000000000000010000000000010000
0000001000000000000000000000000000000	0000000010001010010001	00000000000001101000	0000000000000000010000	00100000001000000000000000000	000000000000010100000000010000
0000000000000000000000000000000000000	0000000000000000010000	00000000000000101000	0000000000000100000000	00000000000000000000000000000	000000000000010000000000010000
0000000000000000000000000000000000000	0000000000000000010000	00000000010000101000	0000000000000000000001	00000000100000000000000000000	000000000000010000000000011000
0000000000000000000000000000000000000	0000001000100100000000	10001000000000000000	0000000000000000000000	00000000010000000000000000100	010100001000000000101010100000
0000100000000100000000000000000000000	0000000000000000010000	00000000000000101000	0000000100000000000000	00000000000000000000000000000	000000000000010000000000010000
0000000000000000000000000000000000000	0000000000000000010000	00000000000000101000	0000000000000100000000	00000000000000000000000000000	000000000000010000000000010000
0000000000000000000000000000000000000	0000000000000000010000	00000000000000101000	0000000000000100000000	00000000000000000000000000000	000000000000010000000000010000
0000000000000000000000000000000000000	0000000000000000000000	00000000000000000000	0000000000000000000000	00000010000000000000000000000	000000000001000001000000000000
0000000000000000000000000000000000000	0000000000000000010000	00000000000000101000	0000000000000100000000	00000000000000000000000000000	000000000000010000000000010000
0000000100000000000010000000000000000	0001000000010000000000	00000000000000000000	0000000001001000000000	00000000000000000010000000000	000000000000000000000000000001
0000000000000000000000000000000101000	0000000000000000010000	00000000000100101000	0000000000000000000000	00000000000000000000000000000	000000000000010000000000010000
0000000001000000000000100000000000000	0000000000000000000000	00000000001000000000	0100000000000000000000	00000100000000000000000100000	000000000000000000000000000000
0000000100000000000010000000000000000	0000000000000000000000	00000000000000000000	0000000001001000000000	00000000000000000010000000000	000000000000000000000000000000
0000000000000000000000000000000000000	0100000000000000000000	00000000000000000100	0000000000100000001010	00000000000000000000001000010	000000000000001000000100000000
0000000000000000000000000000000000000	0000000000000000010000	00100000000000101000	0000000000000000000001	00000000100000100000000000000	000000000000010000000000010000
0000000000000000000000000000000000000	0000000000000000010000	00000000000000101010	0000000000000000000001	00000000000000000000000000000	000000000000010000000000010000
0000000100000000000010000000000000000	0001000000010000000000	00000000000000000000	0000000001001000000000	00000000000000000010000000000	000000000000000000000000000000
0000000000010000001000001000000000000	0000000000000000000000	00000000000000000000	0000010010000000000000	00000000000000000000000000000	000000000000000000000000000000
0000100000000000000000000000000000100	0000000000000000010000	00000000000000101000	0000000000000000000000	00000000000000000000000000000	000000000000010000000000010000
0000000000000000000000000000000000000	0000000000000000010000	00000000000000101000	0000000000000000000001	00000000100000000000000000000	000000000000010000000000011000
0000100000000000000000000000000000100	0000000000000000010000	00000000000000101000	0000000000000000000000	00000000000000000000000000000	000000000000010000000000010000
0000000000000000001000000000100000000	0000000000000000000000	00000000000000000000	0000010010000000100000	00001000000000000000010000000	000000000000000000000000000000
0000000000000000000000000000000000000	0100000000000000000000	00000000000000000100	0000000000100000001010	00000000000000000000001000010	000000000000001000000100000000
0000000000000000000000000000000000000	0000000000000000010000	00000000000000101000	0000000000000000000001	00000000000000000000000000000	000000000000010000000000010000
0000000000000000000000000000000000000	0000000000000000010000	01000000000000101000	0000000000000000000001	00000000100000000100000000000	000000000000010000000000010000
0000000000010000001000000000000000000	0000000000000000000000	00000010000000000000	0000010010000000000100	00000000000000000001000000000	000000000000000000000000000000
0000000000000000000000000000000000000	0000000000000000010000	00000000000000101000	0000000000000100000000	00000000000000000000000000000	000000000000010000000000010000
0000000000000000000000000000000000000	1000000000000000010000	00000000000000101000	0001000000000000000000	00000000000000000000000000000	000000000000010000000000010000
0000000000000000000000000000000000000	0100000000000000000000	00000000000000000100	0000000000100000001010	00000000000000000000001000010	000000000100001000000100000000
0000000000010000001000000000000000000	0000000000000000000000	00000010000000000000	0000010010000000000000	00000000000000000000000000000	000000000000000000000000000000
0000000000000000010000000000000000000	0000000000000000000000	00000000000000000000	0000000001001000000000	00000000000000000000000000000	000000000000000000000000000000
0100000000000000000000000000000000001	0000000000000100000000	00000100000000000000	0000000000000000000000	00000000000000000000000010000	010100000000000000100000000010
0000000000000000000000000000000101000	0000000000000000010000	00000000000100101000	0000000000000000000000	00000000000000000000000000000	000000000000010000000000010000
0000000000010000001000000000000000000	0000000000000000000000	00000010000000000000	0000010010000000000000	00000000000000000000000000000	000000000000000000000000000000
0000000000000000000100000000000000000	0000000000000000000000	00000000000000000001	0000001000000000000000	00000000000010000000000000000	000000000000000000000000000000
0000000000000000000000000000000000000	0000000000000000000000	00000000000000000000	0000000000000000000000	00000010000000000000000000000	000000000001100001000000000000
0000100000000100000000000000000000000	0000000000000000010000	00000000000000101000	0000000100000000000000	00000000000000000000000000000	000000000000010000000000010000
0000000001000000000000100000000000000	0000000000000000000000	00000000001000000000	0100000000000000000000	00000000000000000000000100000	000000000000000000000000000000
0000000000000000000000000000000000000	0000000000000000010000	00000000000000101010	0000000000000000000001	00000000000000000000000000001	000000000000010000000000010000
0000000000100000000000000000000000000	0010000000000000000000	00010000000000000000	0000000000010010000000	00000000000000000000000000000	000000000000000000000000000000
0010000100000000000010000000000000000	0000000000000000000000	00000000000000000000	0000000001001000000000	00000000000000000010000000000	000000000000000000000000000000
0000000000000000000000000000000000000	0000000000000000010000	00000000000000101000	0000000000000100000000	00000000000000000000000000000	000000000000010000000000010000
0000000000000000000000000000000000000	0000000000000000010000	00000000000000101000	0000000000000101000000	00000000000000000000000000000	000000000000010000000000010000
0000000000010000001000000000000000000	0000000000000000000000	00000010000000000000	0000010010000000000000	00000000000000000000000000000	000000000000000000000000000000
0000000000000000000000000000000000000	0000000000000000010000	00000000000000101000	0000000000000100000000	10000000000000000000000000000	000000100000010000000000010000
0000000000000000010000000000000000000	0000000000000001000000	00000000000000000000	0000100001001000000000	00000000000000000000000000000	000000000000000000000000000000
0001000100000000000010000000000000000	0001000000010000000000	00000000000000000000	0000000001001000000000	00000000000000000010000000000	000000000000000000000000000001
0000000000000000000000000000000000000	0000000000000000010000	00000000000000101000	0000000000000000000001	00000000000000000000000000000	000000000000010000000000010000
0100000000000000000000000000000000001	0000000000000100000000	00000100000000000000	0000000000000000000000	00000000000000000000000010000	010100000000000000100000000010
0000000000000000000000000000000000000	0000000000000000000000	00000000000000000000	0000000001001000000000	01000000000000000000000000000	000000010000000000000000000000
0000001000000000000000000000000000000	0000000010001010010001	00000000000001101000	0000000000000000010000	00100000001000000000000000000	000000000000010100000000010000
0000001000000000000000000000000000000	0000000010001010010001	00000000000001101000	0000000000000000010000	00100000001000000000000000000	000000000000010100000000010000
0000000000000000000000000000000000000	0000000000000000010000	00100000000000101000	0000000000000000000001	00000000100000100000000000000	000000000000010000000000010000
0000000001000000000000100000000000000	0000000000000000000000	00000000001000000000	0100000000000000000000	00000000000000000000000100000	000000000000000000000000000000
0000000000000000000000000000000000000	0000001000100100000000	10001001000000000000	0000000000000000000000	00000000010000000000000000100	010100000000000000101010100000
0000000000000000000000000000000000000	0000000000000000010000	00000000000000101000	0000000000000100000000	00000000000000000000000000000	000000000000010000000000010000
0000000000000000000000000010000000000	0000000100000000000100	00000000000000000000	0000000000000000000000	00000000000000000000000000000	100000000000000000000000000000
0000000000010000001000001000000000000	0000000000000000000000	00000000000000000000	0000010010000000000000	00000000000000000000000000000	000000000000000000000000000000
0000000000000000000000000000000000000	0000000000000000010000	00000000000000101000	0000000000000100000000	00000000000000000000000000000	000000000000010000000000010000
0000000000000000000000000000000000000	0000000000000000010000	00100000000000101000	0000000000000000000001	00000000100000100000000000000	000000000000010000000000010000
0000000000000000000000000000000000000	0000001000000100000000	10001000100000000000	0000000000000000000000	00000000010100000000000000100	010110000000000000101000100000
0000000001000000000000100000000000000	0000000000000000000000	00000000001000000000	0100000000000000000000	00000000000000000000000100000	000000000000000000000000000000
0100000000000000000000010000000000000	0000000000000100000000	00000100000000000000	0000000000000000000000	00000000000000000000000010000	010100000000000000100000000010
0000000000000000000000000000000000000	0000010000000000000000	00000000000000000000	0000000000000000000000	00000000000000000000000000000	001000000001000001000000000000
0000000000000000000001000000010000000	0000000000000000000000	00000000000000000000	0000000000000000000000	00000000000000010000000000000	000000000010000000000000000000
0000000000000000000000000000000000000	0000000000000000010000	00000000000000101000	0000000000000100000000	00000000000000000000000000000	000000000000010000000000010000
0000000000010000001000001000000000000	0000000000000000000000	00000000000000000000	0000010010000000000000	00000000000000000000000000000	000000000000000000000000000000
1000000000000000000000000000000000000	0000001000000100000000	10001000000000000000	0000000000000000000000	00000000010000000000000000100	010100000000000000100000100100
0000000000010000001000000000000000000	0000000000000000000000	00000010000000000000	0000010010000000000000	00000000000000000000000000000	000000000000000000000000000000
0000100000000000000000000000000000100	0000000000000000010000	00000000000000101000	0000000000000000000000	00000000000000000000000000000	000000000000010000000000010000
0000001000000000000000000000000000000	0000000010001010010001	00000000000001101000	0000000000000000010000	00100000001000000000000000000	000000000000010100000000010000
0000010000000000000000000000000000000	0000000000000000010000	00000000000000101000	0000000000000100000000	00000000000000000000000000000	000000000000010000000000010000
0000000000000000100000000010000000000	0000000100000000000100	00000000000000000000	0000000000000000000000	00000000000000000000000000000	100000000000000000000000000000
0000000000000001000000000000000000000	0000000000000000000000	00000000000000000000	0000000001001000000000	00000000000001000000000000000	000000000000000000000000000000
0000000000010000001000001000000000000	0000000000000000000000	00000000000000000000	0000010010000000000000	00000000000000000000000000000	000000000000000000000000000000
0000000000000000000000000000000000000	0000000000000000010000	00000000000000101010	0000000000000000000001	00000000000000000000000000000	000000000000010000000000010000
0000000000000000000100000000000000000	0000000000000000000000	00000000000000000001	0000001000000000000000	00000000000010000000000000000	000000000000000000000000000000
0000000000000000000000000000000000000	0000000000000000010000	00000000000000101000	0000000000000100000000	00000000000000000000000000000	000000000000010000000000010000
0000000000000000000000000000000000000	0000000000000000000000	00000000000000000000	0000000000000000000000	00000000000000000000000000000	000000000001000001000000000000
0000000000000000000000000000000000000	0000000000000000010000	00100000000000101000	0000000000000000000001	00000000100000100000000000000	000000000000010000000000010000
0000000000000000000000000010000000000	0000000100000000000100	00000000000000000000	0000000000000000000000	00000000000000000000000000000	100000000000000000000000000000
0100000000000000000000000000000000000	0000000000000100000000	00000100000000000000	0000000000000000000000	00000000000000000000000010000	010100000000000000100000000010
0000000000000000000000000000000000000	0000000000000000010000	00000000000000101000	0000000000000100000000	00000000000000000000000000000	000000000000010000000000010000
0000000000000000000000000000000000000	0000000000000000000000	00000000000000000000	0000000000000000000000	00000000000000000000000000000	000000000001000001000000000000
0000000000000000000000000000000000000	0000010000000000000000	00000000000000000000	0000000000000000000000	00000000000000000000000000000	001000000001000001000000000000
0000001000000000000000000000000000000	0000000010001010010001	00000000000001101000	0000000000000000010000	00100000001000000000000000000	000000000000010100000000010000
0000000000000010000000000000000000000	0000000000000000010011	00000000000000101000	0000000000000000010000	00010000000000001000000000000	000000000000010100000001010000
0000000000000000000000000000000000000	0000010000000000000000	00000000000000000000	0000000000000000000000	00000000000000000000000000000	001000000001000001000000000000
0000000000000000000000000000000000000	0000001000100100000000	10001000000000000000	0000000000000000000000	00000000010000000000000000100	010100000000000000101010100000
0000000000000000001000000000100000000	0000000000000000000000	00000000000000000000	0000010010000000100000	00001000000000000000010000000	000000000000000000000000000000
0000000110001000000000000000000000000	0000000000000000001000	00000000000000000000	0000000001001000000000	00000000000000000010000000000	000000000000000000000000000000
0000000000000000000000000000000000000	0000000000000000010011	00000000000000101000	0000000000000000010000	00000000000000001000000000000	000000000000010100000001010000
0000000000010000001000000000000000000	0000000000000000000000	00000010000000000000	0000010010000000000000	00000000000000000000000000000	000000000000000000000000000000
0000000000000000000100000100000000000	0000000000000000000000	00000000000000000001	0000000000000000000000	00000000000010000000000000000	000000000000000000000000000000
0000000100000000000010000000000000000	0000000000000000000000	00000000000000000000	0000000001001000000000	00000000000000000010000000000	000000000000000000000000000000
0000000000000000001000000000000000000	0000000000000000000000	00000000000000000000	0000010010000000000000	00001000000000000000100000000	000000000000000000000000000000
0000000000000000000000000000000000000	0000000000000000010000	00000000000000101000	0000000000000100000000	00000000000000000000000000000	000000000000010000000000010000
0000000000000000000000000000000000000	0000000000000000010000	00100000000000101000	0000000000000000000001	00000000100000100000000000000	000000000000010000000000010000
0000000000000000000000000000000000000	0000000000000000010000	00000000000000101000	0000000000000100000000	00000000000000000000000000000	000000000000010000000000010000
0000000000010000001000000000000000000	0000000000000000000000	00000010000000000000	0000010010000000000000	00000000000000000000000000000	000000000000000000000000000000
0000000001000000000000100000000000000	0000000000000000000000	00000000001000000000	0100000000000000000000	00000000000000000000000100000	000000000000000000000000000000
0000000000000000000000000000000000000	0000000000000000010000	00000000000000101000	0000000000000100000000	00000000000000000000000000000	000000000000010000000000010000
0000000000000000000000000000000000000	0100000000000000000000	00000000000000000100	0000000000100000001010	00000000000000000000001000010	000000000100001000000100000000
0000000000000000000000000000000000000	0100000000000000000000	00000000000000000000	0010000000100000000010	00000000000000000000001000010	000000000000001000000100000000
0000000000000000000000000000000000000	0000000000000000010000	00000000000000101000	0000000000000100000000	00000000000000000000000000000	000000000000010000000000010000
0000000000000000000000000001001000000	0000000000000000010011	00000000000000101000	0000000000000000010000	00000000000000001000000000000	000000000000010110000001010000
0000000000000000010000000000000000000	0000000000000000000000	00000000000000000000	0000000001001000000000	00000000000000000000000000000	000000000000000000000000000000
0000000000010000001000000000000000000	0000000000000000000000	00000010000000000000	0000010010000000000100	00000000000000000001000000000	000000000000000000000000000000
0000000000000000000000000000000000000	0000000000000000010000	00000000000000101000	0000000000000000000001	00000000100000000000000000000	000000000000010000000000011000
0000000000000000000000000000000000000	0000000000000000010000	00000000000000101000	0000000000000100000000	00000000000000000000000000000	000000000000010000000000010000
0000000001000000000000100000000000000	0000000000000000000000	00000000001000000000	1100000000000000000000	00000000000000000000000100000	000001000000000000000000000000
0000000000000000000000000000000000000	0000000000000000010000	00000000000000101000	0000000000000100000000	00000000000000000000000000000	000000000000010000000000010000
0000000000000000000000000000000000000	0000000000000000110000	00000000000000101000	0000000000000100000000	00000000000000000000000000000	000000000000010000000000010000
0000000000000000000000000010000000000	0000000100000000000100	00000000000000000000	0000000000000000000000	00000000000000000000000000000	100000000000000000000000000000
