00000000000000000000000	000000000000100000000000000	0000000000000000000000000	0010000000000000000010	00000001000000000000000	00000000010000000000000000001
00000000111000000000000	000100000000000000000000000	0000000000000000000000000	0000100000000000000000	00000000000000000000000	00000000000000000000000000000
00000000000001000000000	000000000000000000000000000	0000000000000000000000000	0000000000000000000100	00010000000000000000010	00000001000010000000000000000
00010000000000000000000	000000001000000000000000000	0000000010010000000000000	0001000000100000000000	00000000100000000000000	00000000000000000000000010110
00000000110000000000000	000100000000000000000000000	0000000000000000000000000	0000100000000000000000	00000000000000000000000	00000000000000000000000000000
00000010000000010000000	000000000000000000000000010	0000000000000000000000000	0000000000000000000000	00000000000000000000000	00000000000000000000000000000
00000000000001000000000	000000000000000000000000000	0000000000000000000000000	0000000000000000000100	00011000000000000000010	00000001000000000000000000000
00000000000000000000001	000000000000000100000000000	0000100000000000001000000	0100000000000000001000	00000000000000000000000	00000100000000000000000000000
00000000000001000000000	000000000000000000000000000	0000000000000000000000000	0000000000000000000100	00011000000000000000010	00000001000000000000000000000
00000010000100000000000	000000000000000000000000000	0001000000000000000011000	0000000000000000000000	00100000000000000000001	00000000000000000000000000000
01000011000000000000000	000000000000000000000000000	1000000000000000000000000	0000000000000000000000	00000000000000000000000	00000000000001000000000001000
00000000000000000000000	000000000100000000000000000	0000000000000000000000000	0000000000000000000100	00010000000000000000010	00000001000000000000000000000
00000000000000000010000	000000000000000000000000000	0000001000000000000000000	0000000000000000010000	00000000000001000000000	01000000000000000000000000000
00000000000000000000000	000000000000000000000000000	0000001000000000000000000	0000000000000000010000	00000000000001000000000	11000000000000000000000000000
00000000000000000000000	000000000000100000000000000	0000000000000000000000001	0000000000000000000010	00000001000000100000000	00000000010000000010000000000
01000011000000000000000	000000000000000000000000000	1000000000000000000000000	0000000000000000000000	00000100000000000000000	00000000000000000000000001000
00000010000000010000000	000000000000000000000000010	0000000001000000000000000	0000000000000000000000	00000000000000000000000	00000000000000000000000000000
00000000000000000000001	000000000000000100000000000	0000000000000000001000000	0100010100000000001000	00000000000000000000000	00000100000000000000010000000
01000011000000000000000	000000000000000000000000000	1000000000000000000000000	0000000000000000000000	00000100000000000000000	00000000000000000000000001000
00000010000000000000000	000000000000000001000000000	0000000000000000000000000	0000000000000000000000	00000000000000000000000	00000010000000000000000000000
00000000000000000000001	000000000000000100000100000	0000000000000000001000000	0100000000000010001000	00000000000000000000000	00000100000000000000000000000
00000000000000000000000	000000100000000000000000000	0000001000000000000000000	0000000000000000010000	00000000000001000000000	00000000000000000000000000000
00000010000100000000000	000000000000000000000000000	0001000000000000000001000	0000000000000000000000	00100000000000000000001	00000000000000000000000000000
00000010000100000000000	000000000000000000000000000	0001000000000000000001000	0000000000000000000000	00100000000000000000001	00000000000000000000000000000
00010000000000000000000	000000001000000000000000000	0000000010010000000000000	0001000000100000000000	00000000100000000000000	00000000000000000000000010110
00000000110000000000000	000100000000000000000000000	0000000100000000000000000	0000100000000000000000	00000000000000000000000	00000000000000000000000000000
00000000000000000000000	000000000100000000000000000	0000000000000000000000000	0000000000000000000100	00010000000000000000010	00000001000000000000000000000
01000011000000000000000	000000000000000000000000000	1000000000000000000000000	0000000000000000000000	00000000000000000000000	00000000000000000000000001000
00010000000000000000000	000000001000000000000000000	0000000010010000000000000	0001000000100000000000	00000000100000000000000	00000000000000000000000010110
00000000000000000000000	100000000000000000000000000	0000000000000000000000000	0000000000000100110000	00000010000001000000000	00000000000000000000000000000
00000000000001000000000	000000000000000000000000000	0000000000001000000000000	1000000000000000000100	00010000000000000000010	00000001000000000000000000000
00000000111000000000000	000100000000000000000000000	0000000000000000000000000	0000100000000000000000	00000000000000000000000	00000000000000000000000000000
00000010000000000000000	000000000000000000000000000	0000000000000000000000000	0000000000000000000000	00000000000000000000000	00000010000000000000000000000
00000000000000000000000	000000000000100000000000000	0000000000000000000000000	0010000000000000000010	00000001000000000000000	00000000010000000000000000001
00000000000000000000000	000000000000000000000000000	0000001000000000000000000	0000000000000000010000	00000000000001000000000	01000000000000000000000000000
00000010000000010000000	000000000000000000000000010	0000000000000000000000000	0000000000000000000000	00000000000000000000100	00000000000000000000000000000
00000000000000000000000	000000000000100000000000000	0000000000000000000000000	0010000000000000000010	00000001000000000000000	00000000110000000000000000001
00000000000000000000000	001000000000000000000001000	0000000000000000000000000	0000000000000100110000	00000010000001000000000	00000000000000000000000000000
00000000111000000000000	000100000000000000000000000	0000000000000000000000000	0000100000000000000000	00000000000000000000000	00000000000000000000000000000
00010000000000000000000	000000001000000000000000000	0000000010010000000000000	0001000001000000000000	00000000000000000000000	00000000000000000000000000110
00010000000000000000000	000000001000000000000000000	0000000010010000000000000	0001000000100000000000	00000000100000000000000	00000000000000000000000010110
00010000000000000000000	000000001000000000000000000	0000000010010000000000000	0001000000100000000000	00000000100000000000000	00000000000000000000000010110
00000000000001000000000	000000000000000000000000000	0000000000001000000000000	0000000000000000000100	00010000000000000000010	00000001000000000000000000000
01000011000000000000000	000000000001000000000000000	1000000000000000000000000	0000000000000000000000	00000100000000000000000	00000000000000000000000001000
00000000000000000000000	000000000000100000001000000	0010000000000000000000000	0010000000000000000010	00000001000000000000000	00000000010000001000000000001
00000010000000110000000	000000000000000000000000010	0000000000000000000000000	0000000000000000000000	00000000000000001000000	00000000000000000000000000000
00000000000000000000000	000000000000100000000000000	0000000000000000000000000	0000000000000000000010	00000001000000000000000	00000000010000000000000000000
00010000000000000000000	000000001000000000000000000	0000000010010000000000000	0001000000100000000000	00000000100000000000000	00000000000000000000000010110
00000000000001000000000	000000000000000000000000000	0000000000000000000000000	0000000000000000000100	00010000000000000000010	00000001000000000000000000000
00000000111000000000000	000100000000000000000000000	0000000000000000000000000	0000100000000000000000	00000000000000000000000	00000000000000000000000000000
00000000000001000000000	000000000000000000000000000	0000000000000000000000000	0000000000000000000100	00011000000000000000010	00000001000000000000000000000
00000000000000000000000	000000000000100000001000000	0010000000000000000000000	0010000000000000000010	00000001000000000000000	00000000010000000000000000001
00000000000001000000000	000000000000000000000000000	0000000000001000000000000	0000000000000000000100	00010000000000000000010	00000001000000000000000000000
00000000000001000000000	000000000000000000000000000	0000000000000000000000000	0000000000000000000100	00011000000000000000010	00000001000000000000000000000
00000010000000000000000	000000000000000001000000000	0000000000000000000000000	0000000000000000000000	00000000000000000000000	00000010000000000000000000000
00000010000000010000000	000000000000000000000000010	0000000000000000000000000	0000000000000000000000	00000000000000000000100	00000000000000000000000000000
00000000000000000000000	000010010000000000110000000	0000010000100000000000000	0000001000000000000000	10000000000000000000000	00000000000000000000000000000
01000011000000000000000	000000000000000000000000000	1000000000000000000000000	0000000000000000000000	00000100000000000000000	00000000000000000000001001000
00000010000000010000000	000000000000000000000000010	0000000000000000000000000	0000000000000000000000	00000000000000000000100	00000000000000000000000000000
00000000000000000000011	000000000000000100000000000	0000000000000000001000000	0100000000000000001000	00000000000000000000000	00000100000000000001000000000
00000000000000000000000	000000000000011010000000000	0100000000000000000000000	0000000000000000000000	00000000010000010000000	00000000001000000000000000000
00001000000000000000000	001000000000000000000000000	0000000000000000000000000	0000000000000100110000	00000010000001000000000	00000000000000000000000000000
00000000110000000000000	000100000000000000000000000	0000000000000000000000000	0000100000000000000000	00000000000000000000000	00000000000000000000000000000
00000000000000000000000	000000000000100000000000000	0000000000000000000000000	0010000000000000000010	00000001000000000000000	00000000110000000000000000001
00000000111000000001000	000100000000000000000000100	0000000000000000000000000	0000100000000000000000	00000000000000000000000	00000000000000000000000000000
00000000000000000000000	000000000000100000001000000	0010000000000000000000000	0010000000000000000010	00000001000000000000000	00000000010000000000000000001
01000011000000000000000	000000000000000000000000000	1000000000000000000000000	0000000000000000000000	00000000000000000000000	00000000000000000000000001000
00000000000000000000000	000000001000000000000000000	0000000000010000000000000	0001000000000000000000	00000000001000000000000	00000000000100000000000000000
00000000000000000000000	000010010000000000110000000	0000010000100000000000000	0000001000000000000000	10000000000000000000000	00000000000000000000000000000
00010000000000000000000	000000001000000000000010000	0000000010010000000000000	0001000000000000000000	00000000000000000100000	00000000000000000000000000110
01000011000000000000000	000000000000000000000000000	1000000000000000000000000	0000000000000000000000	00000100000000000000000	00000000000000010000000001000
00000000000000000000000	001000000000000000000000000	0000000000000000000000000	0000000000000100110000	00000010000001000000000	00000000000000000000000000000
00000000111000000000000	000100000000000000000000000	0000000000000000000000000	0000100000000000000000	00000000000000000000000	00000000000000000000000000000
00000000000000000000001	000000000000000100000000000	0000000000000000001000000	0100000000000000001000	00000000000000000000000	00000100000000000000000000000
00000010000100000000000	000000000000000000000000000	0001000000000000000001000	0000000000000000000000	00100000000000000000001	00000000000000000000000000000
00000000000010000000001	000000000000000100000000000	0000000000000000001000000	0100000000000000001000	00000000000000000000000	00000100000000000000000000000
00000000000001000000000	000000000000000000000000000	0000000000000000000000000	0000000000000000000100	00010000000000000000010	00000001000000000000000000000
00000010000000010000000	000000000000000000000000010	0000000000000000000000000	0000000000000000000000	00000000000000000000100	00000000000000000000000000000
00000010000000010000000	000000000000000000000000010	0000000000000000000000000	0000000000000000000000	00000000000000000000000	00000000000000000000000000000
00000000000001000000000	000000000000000000000000000	0000000000001000000000000	0000000000000000000100	00010000000000000000010	00000001000000000000000000000
00000010000000000000000	000000000000000000000000000	0000000000000000000000000	0000000000000000000000	00000000000000000000000	00000010000000000000000000000
00000000000000000000000	000010010000000000110000000	0000010000100000000000000	0000001000000000000000	10000000000000000000000	00000000000000000000000000000
10000100000000000000000	000001000000100000000000000	0000000000000001010000010	0000000000000000000010	00000001000000000000000	00110000010000000100000000000
00000000000000000000000	100000000000000000000000000	0000000000000000000000000	0000000000000100110000	00000010000001000000000	00000000000000000000000000000
00000000111000000001000	000100000000000000000000100	0000000000000000000000000	0000100010000000000000	00000000000000000000000	00000000000000000000000000000
00000000000000000000001	000000000000000100000000000	0000000000000000001000000	0100000100000000001000	00000000000000000000000	00000100000000000000000000000
00000010000000000000000	000000000000000000000000000	0000000000000000000000100	0000000000000000000000	00000000000000000000000	00000000000000000000000100000
00000010000000010000000	000000000000000000000000010	0000000000000000000000000	0000000000000000000000	00000000000000000000100	00000000000000000000000000000
00010000000000000000000	000000001000000000000000000	0000000010010000000000000	0001000001000000000000	00000000000000000000000	00000000000000000000000000110
00000000000000000000000	000000001000000000000000000	0000000000010000000000000	0001000000000000000000	00000000001000000000000	00000000000100000000000000000
00000000000000000010000	000000000000000000000000000	0000001000000000000000000	0000000000000000010000	00000000000001000000000	01000000000000000000000000000
00000000000001000000000	000000000000000000000000000	0000000000000000000000000	0000000000000000000100	00010000000000000000010	00000001000000000000000000000
00000000000000000000000	100000000000000000000000000	0000000000000000000000000	0000000000000100110000	00000010000001000000000	00000000000000000000000000000
00000000000000001000000	000000100000000000000000000	0000001000000000000000000	0000000000000000010000	00000000000001000000000	00000000000000000000000000000
00000000000000000000000	000000000000100000000000000	0000000000000000000000000	0010000000000000000010	00000001000000000000000	00000000010000000000000000001
00000000000000000000000	000000000000100000000000000	0000000000000000000000001	0000000000000000000010	00000001000000100000000	00000000010000000010000000000
00000000000000000000000	100000000000000000000000000	0000000000000000000000000	0000000000000100110000	00000010000011000000000	00000000000000000000000000000
00000000000000000000001	000000000000000100000000000	0000000000000000001000000	0100010100000000001000	00000000000000000000000	00000100000000000000010000000
00000010000100000000000	000000000000000000000000000	0001000000000000000001000	0000000000000000000000	00100000000000000000001	00000000000000000000000000000
00010000000000000000000	000000001000000000000000000	0000000010010000000000000	0001000000100000000000	00000000100000000000000	00000000000000000000000010110
01000011000000000000000	000000000000000000000000000	1000000000000000000000000	0000000000000000000000	00000100000000000000000	00000000000000000000000001000
00000000000000000000000	001000000000000000000000000	0000000000000010000000000	0000000000000100110000	00000010000001000000000	00000000000000000000000000000
00000000000001000000000	000000000000000000000000000	0000000000000000000000000	0000000000000000000100	00011000000000000000010	00000001000000000000000000000
00000000111000000000000	000100000000000000000000000	0000000000000000000000000	0000100000001000000000	00000000000000000000000	00000000000000000000000000000
00000000000000000000000	011000000000000000000001000	0000000000000000000000000	0000000000000100110000	00000010000001000000000	00000000000000000000000000000
00000010000000010000000	000000000000000000000000010	0000000000000000000000000	0000000000000000000000	00000000000000000000000	00000000000000000000000000000
00000010000000110000000	000000000000000000000000010	0000000000000000000000000	0000000000000000000000	00000000000000001000000	00000000000000000000000000000
00000010000000010000000	000000000000000000000000010	0000000000000000000000000	0000000000000000000000	00000000000000000000000	00000000000000000000000000000
00000010000000000100000	000000000000000000000000000	0000000000000000000000000	0000000000000000000000	00000000000000000000000	00000000000000000000000000000
00000000000000000000000	001000000000000000000001000	0000000000000000000000000	0000000000000100110000	00000010000001000000000	00000000000000000000000000000
00000000000000000000001	000000000000000100000000000	0000000000000000101000000	0100000000000000001000	00000000000000000000000	00000100000000000000000000000
00000010000000110000000	000000000000000000000000010	0000000000000000000000000	0000000000000000000000	00000000000000001000000	00000000000000000000000000000
00000000000000000000000	000010010000000000110000000	0000010000100000000000000	0000001000000000000000	10000000000000000000000	00000000000000000000000000000
00000000000000000000000	000000001000000000000000000	0000000000010000000000000	0001000000000000000000	00000000001000000000000	00000000000100000000000000000
00000000000000000000000	000000000000100000001000000	0010000000000000000000000	0010000000000000000010	00000001000000000000000	00000000010000000000000000001
00000010000000010000000	000000000000000000000000010	0000000000000000000000000	0000000000000000000000	00000000000000000000100	00000000000000000000100000000
00010000000000000000000	000000001000000000000000000	0000000010010000000000000	0001000001000000000000	00000000000000000000000	00000000000000100000000000110
00010000000000000000000	000000001000000000000000000	0000000010010000000000000	0001000001000000000000	00000000000000000000000	00000000000000000000000000110
00000000000001000000000	000000000000000000000000000	0000000000000000000000000	0000000000000000000100	00011000000000000000010	00000001000000000000000000000
00000000000000000000000	000000000000000000000000001	0000001000000000000100000	0000000000000000010000	01000000000001000001000	00001000000000000000000000000
00000010000100000000100	000000000000000000000000000	0001000000000000000001000	0000000000000000000000	00100000000000000000001	00000000000000000000000000000
00000010000000010000000	000000000000000000000000010	0000000000000000000000000	0000000000000000000000	00000000000000000000000	00000000000000000000000000000
00010000000000000000000	000000001000000000000000000	0000000010010000000000000	0001000001000000000000	00000000000000000000000	00000000000000000000000000110
00000010000000110000000	000000000000000000000000010	0000000000000000000000000	0000000000000000000000	00000000000000001000000	00000000000000000000000000000
00000010000000000000000	000000000000000000000000000	0000000000000000000000100	0000000000000000000000	00000000000000000000000	00000000000000000000000100000
00000010000000000000000	000000000000000000000000000	0000000000000000000000100	0000000000000000000000	00000000000000000000000	00000000000000000000000100000
00000000000000000000001	000000000000000100000000000	0000000000000000001000000	0100010100000000001000	00000000000000000000000	00000100000000000000010000000
00000000000000000010000	000000000000000000000000000	0000001000000000000000000	0000000000000000010000	00000000000001000000000	01000000000000000000000000000
00000000111000000000000	000100000000000000000000000	0000000000000000000000000	0000100000000000000000	00000000000000000000000	00000000000000000000000000000
00010000000000000000000	000000001000000000000000000	0000000010010000000000000	0001000001000000000000	00000000000000000000000	00000000000000000000000000110
00000010000000000000000	000000000000000000000000000	0000000000000000000000100	0000000000000000000000	00000000000000000000000	00000000000000000000000100000
00000010000000000000000	000000000000000000000000000	0000000000000000000000000	0000000000000000000000	00000000000000000000000	00000010000000000000000000000
01000011000000000000000	000000000000000000000000000	1000000000000000000000000	0000000000000000000000	00000100000000000000000	00000000000000000000000001000
00000000000000000000000	001000000000000000000001000	0000000000000000000000000	0000000000000100110000	00000010000001000000000	00000000000000000000000000000
00000000000000000000001	000000000000000100000000000	0000100000000000001000000	0100000000000000001000	00000000000000000000000	00000100000000000000000000000
00000000000000000000000	000000000000000000000000000	0000001000000000000000000	0000000000000000010000	00000000000001000000000	11000000000000000000000000000
00000010000000000100000	000000000000000000000000000	0000000000000000000000000	0000000000000000000000	00000000000000000000000	00000000000000000000000000000
01000011000000000000000	000000000000000000000000000	1000000000000000000000000	0000000000000000000000	00000000000000000000000	00000000000000000000000001000
00000000000000000000000	000000000100000000000000000	0000000000000000000000000	0000000000000000000100	00010000000000000000010	00000001000000000000000000000
00000000000000000000000	000000000000000000000000000	0000001000000000000000000	0000000000000000010000	00000000000001000000000	11000000000000000000000000000
00010000000000000000000	000000001000000000000000000	0000000010010000000000000	0001000000100000000000	00000000100000000000000	00000000000000000000000010110
00000010000100000000000	000000000000000000000000000	0001000000000000000001000	0000000000000000000001	00100000000100000000001	00000000000000000000000000000
00000010000000000000000	000000000010000000000000000	0000000000000100000000000	0000000000000000000000	00000000000000000010000	00000000000000000000000000000
01000011000000000000000	000000000000000000000000000	1000000000000000000000000	0000000000000000000000	00000000000000000000000	00000000000000000000000001000
00000000000000000000001	000000000000000100000100000	0000000000000000001000000	0100000000000010001000	00000000000000000000000	00000100000000000000000000000
00100010000000000000000	000000000000000000000000000	0000000000000000000000000	0000000000010000000000	00000000000000000000000	00000000000000000000000100000
00000000000000000000001	000000000000000100000000000	0000000000000000001000000	0100000100000001001000	00000000000000000000000	00000100000000000000000000000
00000010000000000000000	000000000000000000000000000	0000000000000000000000100	0000000000000000000000	00000000000000000000000	00000000000000000000000100000
00000010000100000000000	000000000000000000000000000	0001000000000000000001000	0000000000000000000000	00100000000000000000001	00000000000000000000000000000
00000010000000000000000	000000000010000000000000000	0000000000000100000000000	0000000000000000000000	00000000000000000010000	00000000000000000000000000000
