000000000001000000000000000000	00000000000000000000000	00000000100000000100000000000010	0000000000000000000000	000000100100100000000000000	000000000000000010000000
100000000000010000000000000000	00000000000000000010000	00000000000000000000000000000000	0000000000000000000100	000000000000010000000000000	000000000000000000000000
000000000000000000000000000000	00000100000000000000000	00000000000000010000010000000000	0000000000000000000000	000000000100000000010000000	000000000000000000010000
101000001000010000000000000000	00000000000000000010000	00000000000000000000000000000000	0000000000000000000100	000000000000010000000000000	000000000000000000000000
000100010000000000000000000000	00000000010000000000000	00000001000000000001000000000000	0000000001000000000000	000000000100000010000000000	000000000000000000000000
010010000000100000010000000010	00000000000000000000000	00000000000001000000000000000000	0000000000000000000000	000100000100000000000000000	000000000000000000000000
010010000000100000000000000000	00000000000000000000000	00000000000000000000000000010000	0000000000000000000000	000000000101000000000000000	000000000000000000000000
000100000000000001000000000000	00000000010000000000000	00000001000000000001000000000000	0000100001000000000000	000000000100000000000000000	000000000010000000000000
010010000000100000010000000010	00000000000000000000000	00000000000001000000000000000000	0000000000000000000000	000000000100000000000000000	000000000100000000000000
000001000000000000000000000000	00001000000000000000100	00000000000000000000000100000000	0000000000000000000000	000000000000001000000000000	000000100000000000000001
000001000000000000000000000000	00001000000000000000100	00000000000000000000000100000000	0000000000000000000000	000000000000001000000000000	000000100000000000000001
000000000100000000000000000000	00000000000000000000000	00000000000000000000000000000100	1000000000000000000000	000000000100000001000010000	000000000000000000000000
000000000000000000000000000000	00001000000000000000000	00000000000000000000000000000000	0000000010000000010000	000000000000001000000000000	000000100000000000000001
000000000100000000000000000000	00000000000000000000000	00000000000000000000000000000000	1000000000100000000000	000010000100000001000010000	000000000000100000000000
000100000000000001000000000000	00000000010000000000000	00000001000000000001000000000000	0000100001000000000000	000000000100000000000000000	000000000010000000000000
000000000000000000000000000000	00000010100000000000000	00000000000000000010000000000000	0000000000000000000000	000000000100000000000001000	000000000000000000000000
000000000100000000000000000000	00000000000000000000000	00000000000000000000000000000000	1000000000100000000000	000010000100000001000010000	000000000000100000000000
000000000000000000100000000000	00000000000000000000000	00000000000000000000100000000000	0000000000000000000001	010000000100000000000000000	000000000000001000000000
100000000000010000000000000000	00000000000000000010000	00000000000000000000000000000000	0000000000000000000100	000000000000010000000000000	000000000000000000000000
000000000000000000000000000000	00000000000000000000001	00001000000000000000000010100000	0100000000000000000100	000000010000000000000000000	000000001001000000000000
010010000000100000010000000010	00000000000000000000000	00000000000001000000000000000000	0000000000000000000000	000000000100000000000000000	000000000100000000000000
000000000000000000000000000000	00001000000000000000000	00000000000000000000000000000000	0000010000000000000000	000000000000001000000000000	000000100000010000000001
100000000000010000000000000000	00000000000000000010000	00000000000000000000000000000000	0000000000000000000100	000000000000010000000000000	000000000000000000000000
000000000000000000100000000000	00000000000000000000000	00000000000000000000100000000000	0000000000000000000000	111000000100000000001000000	000000000000001000000000
000000100010000000000000100000	00000000000000000000000	01000000000000100000000000000000	0010000000001001000000	000000000100000000000000001	000001000000000000000000
100000000000010000001000000000	00000000000000000010000	00000000000000000000000000000000	0000000000000000000100	000000000000010000000000000	000000000000000000000000
000100010000000000000000000000	00000000010000000000000	00000001000000000001000000000000	0000000001000000000000	000000000100000010000000000	000000000000000000000000
010010000000100000000000000000	00000000000000000000000	00000000000000000000000000010000	0000000000000000000000	000000000101000000000000000	000000000000000000000000
010010000000100000000000000000	00000000000000000000000	00000000000000000000000000010000	0000000000000000000000	000000000101000000000000000	000000000000000000001000
010010000000100000010000000010	00000000000000000000000	00000000000001000000000000000000	0000000000000000000000	000000000100000000000000000	000000000000000000000000
010010000000100000000000000000	00000000000000000000000	00000000000000000000000000010000	0000000000000000000000	000000000101000000000000000	000000000000000000000000
000000000100000000000000000000	00000000000000000000000	00000000000000000000000000000000	1000000000100000000000	000010000100000001000010000	000000000000100000000000
000000000000000000000000000000	00000000000000000100000	00000000000000000000000000000000	0000000000000000000000	000000000000001000000000000	000000000000000000000001
100000000000010000000000000000	00000000000000000010000	00000000000000000000000000000000	0000000000000000000100	000000000000010000000000000	000000000000000000000000
000000000100000000000000000000	00000000000000000000000	00000000000000000000000000000000	1000000000000010000000	000000000100000001000010000	000000000000000000000000
100000000000010000000000000000	00000001000000000010000	00000000000000000000000000000000	0000000000000000000100	000000000000010000000000000	000000000000000000000000
000000000100000000000000000000	00000000000000000000000	00000000000000000000000000000000	1000000000000010000000	000000000100000001000010000	000000000000000000000000
000000000000000100000000000000	00000000000000000000000	00000000000000000000000000000000	0000000000010000000000	000000000100000000100100000	000000000000000000000000
000001000000000000000000000000	00001000000000000000100	00000000000000000000000100000000	0000000000000000000000	000000000000001000000000000	000000100000000000000001
000000000001000000000000000000	00000000000000000000000	00000000100000000000000000000010	0001000000000100000000	000000000100100000000000000	000000000000000000000000
101000001000010000000000000000	00000000000000000010000	00000000000000000000000000000000	0000000000000000000100	000000000000010000000000000	000000000000000000000000
000000000100000000000000000000	00000000000001000000010	00000000000000000000000000000000	1000000000100000000000	000010000100000001000010000	000000000000100000000000
000100010000000000000000000000	00000000010000000000000	00000001000000000001000000000000	0000000001000000000000	000000000100000010000000000	000000000000000000000000
000000000100000000000000000000	00000000000000000000000	00000000000000000000000000000100	1000000000000000000000	000000000100000001000010000	000000000000000000000000
000000000000000000100000000000	00000000000000000000000	00000000000000000000100000000000	0000000000000000000001	010000000100000000000000000	000000000000001000000000
000000000000000100000000000000	00000000000000000000000	00000000000000000000000000000000	0000000000010000000000	000000000100000000000000000	000000000000000000000000
000100010000000000000000000000	00000000010000000000000	00000001000000000001000000000000	0000000001000000000000	000000000100000010000000000	000000000000000000000000
010010000000100000010000000010	00000000000000000000000	00000000000001000000000000000000	0000000000000000000000	000000000100000000000000000	000000000000000000000000
000000000001000000000000000000	00000000000000000000000	00000000000000000000000000000010	0000000000000000000000	000000000100000000000000000	000000000000000000000000
000001000000000000000000000000	00001000000000000000100	00000000000000000000000100000000	0000000000000000000000	000000000000001000000000000	000000100000000000000001
000100010000000000000000000000	00000000010000000000000	00000001000000000001000000000000	0000000001000000000000	000000000100000010000000000	000000000000000000000000
010010000000100000000000000000	00000000000000000000000	00000000000000000000000000010000	0000000000000000000000	000000000101000000000000000	000000000000000000000000
000000000100000000000000000000	00000000000000000000000	00000000000000000000000000000000	1000000000100000000000	000010000100000001000010000	000000000000100000000000
000000000000000000000000000000	00000100000000000000000	00000000000000010000010000000000	0000000000000000000000	000000000100000000010000000	000000000000000000010000
000000000001000000000000000000	00000000001000100000000	00000000000000000000000000000010	0000000000000000000000	000000000100000000000000000	000000010000000000000100
000000000100000000000000000000	00000000000000000000000	00000000000000000000000000000000	1000000000000000100000	000000000100000001000010000	000000000000000000100000
010010000000100000000000000000	00000000000000000000000	00000000000000000000000000010000	0000000000000000000000	000000000101000000000000000	000000000000000000000000
000100010000000000000000000000	00000000010000000000000	00000001000000000001000000000000	0000000001000000000000	000000000100000010000000000	000000000000000000000000
000000000001000000000000000000	00000000000000000000000	00000000100000000000000000000010	0000000000000000000000	000000000100100000000000000	000000000000000000000000
000000000000000000000000000000	00001000000000000000000	00000000000000000000000000000000	0000010000000000000000	000000000000001000000000000	000000100000010000000001
000000000001000000000000000000	00000000000000000000000	00000000000000000000000000000010	0000000000000000000000	000000000100000000000000000	000000000000000000000000
000000000100000000000000000000	00000000000000000000000	00000000000000000000000000000000	1000000000100000000000	000010000100000001000010000	000000000000100000000000
000000000100000000000000010001	00000000000000000000000	00000000000000000000000000000000	1000000000100000000000	000000000100000001000010000	000000000000100001000000
000000000000000000000000000000	00000000000000000000000	00000000010000000000000001000001	0000000000000000000000	000000000100000100000000000	001000000000000000000000
000000000000000000000000000000	00000000000100000000000	00100000000000000001000000001000	0000000000000000000010	000000000100000000000000010	000000000000000000000000
000000000000000000000000000000	00000000000000000100000	00000000000000000000000000000000	0000000000000000000000	000000000000001000000000000	000000000000000000000001
000100000000000001000000000000	00000000010000000000000	00000001000000000001000000000000	0000100001000000000000	000000000100000000000000000	000000000010000000000000
000000000000000000000000000000	00000000000000000000001	00001000000000000000000010000000	0100000000000000000100	000000000000000000000000000	000000001000000000000000
000000000100000000000001000000	00000000000000000000000	00000000000000000000000000000000	1000000000000000000000	000000000100000001000010000	000000000000000000000000
000000000000000000000000000000	00000000000100000000000	00100000000000000001000000001000	0000000000000000000010	000000000100000000000000010	000000000000000000000000
100000000000010000000000000000	00000000000000000010000	00000000000000000000000000000000	0000000000000000000100	000000000000010000000000000	000000000000000000000000
000000000001000000000000000000	00000000000000000000000	00000000100000000000000000000010	0000000000000000000000	000000000100100000000000000	000000000000000000000000
100000000000010000000000000000	00000000000000000010000	00000000000000000000000000000000	0000000000000000000100	000000000000010000000000000	000000000000000000000000
000000000001000000000000000000	00000000001000100000000	00000000000000000000000000000010	0000000000000000000000	000000000100000000000000000	000000010000000000000100
010010000000100000010000000010	00000000000000000000000	00000000000001000000000000000000	0000000000000000000000	000000000100000000000000000	000000000000000000000000
000000000100000000000000010001	00000000000000000000000	00000000000000000000000000000000	1000000000100000000000	000000000100000001000010000	000000000000100001000000
000000000100000000000000000000	00000000000000000000000	00000000000000000000000000000100	1000000000000000000000	000000000100000001000010000	000000000000000000000000
000000000001000000000000000000	00000000000000000000000	00000000000000000000000000000010	0000000000000000000000	000000000100000000000000000	000000010000000000000000
000000000001000000000000000000	00000000000000000000000	00000000100000000000000000000010	0000000000000000000000	000000000100100000000000000	000000000000000000000000
000000000001000000000000000000	00000000001000100000000	00000000000000000000000000000010	0000000000000000000000	000000000100000000000000000	000000010000000000000100
000100010000000000000000000000	00000000010000000000000	00000001000000000001000000000000	0000000001000000000000	000000000100000010000000000	000000000000000000000000
010010000000100000010000000010	00000000000000000000000	00000000000001000000000000000000	0000000000000000000000	000000000100000000000000000	000000000000000000000000
000000000001000000000000000000	00000000000000000000000	00000000100000000000000000000010	0000000000000000000000	000000000100100000000000000	000000000000000000000000
000000000000000000000000000000	00001000000000000000000	00000000000000000000000000000000	0000010000000000000000	000000000000001000000000000	000000100000010000000001
000000000100000000000000010001	00000000000000000000000	00000000000000000000000000000000	1000000000100000000000	000000000100000001000010000	100000000000100001000000
000100010000000000000000000000	00000000010000000000000	00000001000000000001000000000000	0000000001000000000000	000000000100000010000000000	000000000000000000000000
000000000001000000000000000000	00000000000000001000000	00000000000000000000000000000010	0000000000000000000000	000000000100000000000000000	000010000000000000000000
000000000100000000000000000000	00000000000000000000000	00000000000000000000000000000000	1000000000100000000000	000010000100000001000010000	000000000000100000000000
000100000000000001000000000000	00000000010000000000000	00000001000000000001000000000000	0000100001000000000000	000000000100000000000000000	000000000010000000000000
010010000000100000000000000000	00000000000000000000000	00000000000000000000000000010000	0000000000000000000000	000000000101000000000000000	000000000000000000000000
000000000000000000100000000000	00000000000000000000000	00000000000000000000100000000000	0000000000000000000000	111000000100000000001000000	000000000000001000000000
010010000000100000010000000010	01000000000000000000000	00000000000001000000000000000000	0000000000000000000000	000000000100000000000000000	000000000000000000000000
000000000000000000000000000000	00000000000100000000000	00100000000000000001000000001000	0000000000000000000010	000000000100000000000000010	000000000000000000000000
000000000000000000100000000000	00000000000000000000000	00000000000000000000100000000000	0000000000000000000000	111000000100000000001000000	000000000000001000000000
000100000000000001000000000000	00000000010000000000000	00000001000000000001000000000000	0000100001000000000000	000000000100000000000000000	000000000010000000000000
000000000001000000000000000000	10000000000000000000000	10000000100000000000000000000010	0000000000000000000000	000000000100100000000000000	000000000000000000000000
000000000001000000000000000000	00000000000000001000000	00000000000000000000000000000010	0000000000000000000000	000000000100000000000000000	000010000000000000000000
100000000000010000000000000000	00000001000000000010000	00000000000000000000000000000000	0000000000000000000100	000000000000010000000000000	000000000000000000000000
000000000100000000000000000000	00000000000000000000000	00000000000000000000000000000000	1000000000000000000000	000000000100000001000010000	000000000000000000000000
000000000100000000000000000000	00000000000000000000000	00000000000000000000000000000000	1000000000000000000000	000000000100000001000010000	000000000000000000000000
000000000000000100000000000000	00000000000000000000000	00000000000000000000000000000000	0000000000010000000000	000001000100000000000000000	000000000000000000000000
000100010000000000000000000000	00000000010000000000000	00000001000000000001000000000000	0000000001000000000000	000000000100000010000000000	000000000000000000000000
000100010000000000000000000000	00000000010000000000000	00000001000000000001000000000000	0000000001000000000000	000000000100000010000000000	000000000000000000000000
000000000001000000000000000000	00000000000000000000000	00000000100000000100000000000010	0000000000000000000000	000000000100100000000000000	000000000000000010000000
000000000000000010000000000000	00000000000000000000000	00000000000000000000010000000000	0000000000000000000000	000000000110000000010000100	000100000000000000000010
000100010000000000000000001000	00000000010000000000000	00000001000000000001000000000000	0000000001000000000000	000000000100000010000000000	000000000000000000000000
000001000000000000000000000000	00001000000000000000100	00000000000000000000000100000000	0000000000000000000000	000000000000001000000000000	000000100000000000000001
101000001000010000000000000000	00000000000000010010000	00000000000000000000000000000000	0000000000000000000100	000000000000010000000000000	000000000000000000000000
000100000000000001000000000000	00000000010000000000000	00000001000000000001000000000000	0000100001000000000000	000000000100000000000000000	000000000010000000000000
000000000001000000000000000000	00000000000000000000000	00000000100000001000000000000010	0000000000000000000000	000000000100100000000000000	000000000000000000000000
000000000000000000000000000000	00000010100000000000000	00000000000000000010000000000000	0000000000000000000000	000000000100000000000001000	000000000000000000000000
100000000000010000000000000000	00000000000010000010000	00000000000000000000000000000000	0000000000000000000100	000000000000010000000000000	000000000000000000000000
000000000000000000000000000000	00000000000000000100000	00000000000000000000000000000000	0000000000000000000000	000000000000001000000000000	000000000000000000000001
000100010000000000000000000000	00000000010000000000000	00000001000000000001000000000000	0000000001000000000000	000000000100000010000000000	000000000000000000000000
000000000001000000000000000000	10000000000000000000000	10000000100000000000000000000010	0000000000000000000000	000000000100100000000000000	000000000000000000000000
000100000000000001000000000000	00000000010000000000000	00000111000000000001000000000000	0000100001000000000000	000000000100000000000000000	000000000010000000000000
010010000000100000000000000000	00000000000000000000000	00000000000000000000000000010000	0000000000000000000000	000000000101000000000000000	000000000000000000000000
000000000000000010000000000000	00000000000000000000000	00000000000000000000010000000000	0000000000000000000000	000000000110000000010000100	000100000000000000000010
100000000000010000000000000000	00000000000000000010000	00000000000000000000000000000000	0000000000000000000100	000000000000010000000000000	000000000000000000000000
000000000100000000000000010001	00000000000000000000000	00000000000000000000000000000000	1000000000100000000000	000000000100000001000010000	100000000000100001000000
000000000100000000000000000000	00000000000000000000000	00000000000000000000000000000000	1000000000000000000000	000000000100000001000010000	000000000000000000000000
000000000001000000000000000000	00000000000000000000000	00000000100000000100000000000010	0000000000000000000000	000000000100100000000000000	000000000000000010000000
000000000001000000000000000000	00010000000000000001000	00000000100100000000000000000010	0000000000000000000000	000000000100100000000000000	000000000000000000000000
000001000000000000000000000000	00001000000000000000100	00000000000000000000000100000000	0000000000000000000000	000000000000001000000000000	000000100000000000000001
010010000000100000000000000000	00000000000000000000000	00000000000000000000000000010000	0000000000000000000000	000000000101000000000000000	000000000000000000000000
010010000000100000000000000000	00000000000000000000000	00000000000000000000000000010000	0000000000000000000000	000000000101000000000000000	000000000000000000000000
000000000000000000000000000000	00000100000000000000000	00000000000000010000010000000000	0000000000000000000000	000000000100000000010000000	000000000000000000010000
010010000000100000000000000000	00000000000000000000000	00000000000000000000000000010000	0000000000000000000000	000000000101000000000000000	000000000000000000000000
000100010000000000000000001000	00000000010000000000000	00000001000000000001000000000000	0000000001000000000000	000000000100000010000000000	000000000000000000000000
000100010000000000000000000000	00000000010000000000000	00000001001010000001000000000000	0000000001000000000000	000000000100000010000000000	000000000000000000000000
000100010000000000000000000000	00000000010000000000000	00010001000000000001000000000000	0000000001000000000000	000000000100000000000000000	000000000000000000000000
100000000000010000000000000000	00000000000000000010000	00000000000000000000000000000000	0000000000000000001100	000000000000010000000000000	000000000000000000000000
000000000001000000000000000000	00000000000000000000000	00000000100000000100000000000010	0000000000000000000000	000000000100100000000000000	000000000000000010000000
000000000000000000000000000000	00001000000000000000000	00000000000000000000000000000000	0000010000000000000000	000000000000001000000000000	010000100000010000000001
000001000000000000000000000000	00001000000000000000000	00000000000000000000000100000000	0000000000000000000000	000000000000001000000000000	000000100000000000000001
000100010000000000000000000000	00000000010000000000000	00000001000000000001000000000000	0000000001000000000000	000000000100000010000000000	000000000000000000000000
000000000001000000000000000000	00000000000000000000000	00000000000000000000000000000010	0000000000000000000000	000000000100000000000000000	000000000000000000000000
000000000000000000000000000100	00000000000000000100000	00000000000000000000001000000000	0000000000000000000000	000000000000001000000000000	000000000000000000000001
000000000000000000000000000100	00000000000000000100000	00000000000000000000001000000000	0000000000000000000000	000000000000001000000000000	000000000000000000000001
000001000000000000000000000000	00001000000000000000000	00000000000000000000000100000000	0000000000000000000000	000000000000001000000000000	000000100000000000000001
000000000100001000000000000000	00100000000000000000000	00000000000000000000000000000000	1000001100000000000000	000000000100000001000010000	000000000000000000000000
000000000100000000000100000000	00000000000000000000000	00000000000000000000000000000100	1000000000000000000000	000000000100000001000010000	000000000000000000000000
000000000000000000000000000000	00000000000100000000000	00100000000000000001000000001000	0000000000000000000010	000000000100000000000000010	000000000000000000000000
000100010000000000000000000000	00000000010000000000000	00000001001010000001000000000000	0000000001000000000000	000000000100000010000000000	000000000000000000000000
000000000000000000000000000000	00000000000000000000000	00000000000000000000000001000001	0000000000000000000000	000000000100000100000000000	001000000000000000000000
000000000000000000000000000000	00000000000000000000001	00001000000000000000000010000000	0100000000000000000100	000000000000000000000000000	000000001000000000000000
010010000000100000000000000000	00000000000000000000000	00000000000000000000000000010000	0000000000000000000000	000000000101000000000000000	000000000000000000000000
000000000001000000000000000000	00000000000000000000000	00000000100000000100000000000010	0000000000000000000000	000000100100100000000000000	000000000000000010000000
000000000100000000000000000000	00000000000000000000000	00000000000000000000000000000000	1000000000000000100000	000000000100000001000010000	000000000000000000100000
100000000000010000000010000000	00000000000000000010000	00000000000000000000000000000000	0000000000000000000100	000000001000010000000000000	000000000000000100000000
