0000000000001000000100000000000	00000000000000000	0100000000000000000	00001000000000	0000101000000	0000000000000000000000
0000010000000000101000001000000	00000010000000000	0000000000000000000	00000000000000	0000000000000	0000000000000000000000
0000000000000010000000000000000	00010000101000000	0000000000000000000	00000000000000	0000001000001	0000000000000000000000
0000000000000000000000000000010	00001000000000000	0000000000010000000	00000000000000	0001000000000	0000010100010000000001
0000000000000010000000000000100	00010000101000000	0000000000000000100	00000000000000	1000001000001	0000000000000000000000
0100000000001000000000000000000	00000000000000000	0100000000000000000	00000000000000	0000101000000	0000000000000000000000
0000000000000000010000000000000	00001000000000000	0000000000010000000	00000000000000	0001000000000	0000000100010000000011
0000000010000000000000000000000	10000000000000000	1000000000001000000	10000001000000	0100000000000	0000000000100000100000
0000000000000010000000000000000	00010000101000000	0000000100000000100	00000000000000	0000001000001	0000000000000000000000
0000000000000000000000000000000	00000000000000000	0000000000100000000	00010000000110	0000001000000	0000000001000000000000
0000000010000000000000000000000	10000000000000000	1000000000000000000	10000001000000	0100000000000	0000000000100000100000
0000000000011000000000000000000	00000000000000000	0000000000000000000	00000000000000	0000101000000	0000000000001000000000
0000000000000000000000000000001	00001000000000000	0001000000010000000	00000000010000	0001010000000	0000000100010000000001
0000000000000000000000000000010	00101000000000000	0000000000010000000	00000000000000	0001000000000	0000000100010000010001
0001000000000000000000000000000	00000000000000000	0000001000000000001	00100000000000	0010000001100	1000000000000000000100
0000000010000000000000000000000	10000000000000000	1000000000000000000	10000001000000	0100000000000	0000000000100000100000
0000000000000000000000000000000	00000000000000010	0000000000000000000	00010000000110	0000001000000	0000000001000000000000
0000000000000001000000000100000	00001001000000000	0000000000010000000	00000000000000	0001000010000	0000000100010000000001
0000000010000000000000000000000	10000100000000000	1000000000000000000	10000000001000	0000000000000	0000000000000000000000
0000000000000010000000000000000	00010000101000000	0000000000000000000	00000000000000	0000001000001	0000000000000000000000
0000000000000010000010000000000	00000000101000000	0000000000000000000	00000000000000	0000001000001	0000000000000000000000
0000000010000000000000000010000	10000000000000000	1000000000000000000	10000000000000	0000000000000	0000000000000000000000
0000000000000010000000000000000	00000000101000000	0000000000000000000	00000000000000	0000001000001	0000000000000000000000
0000000010000000000000000010000	10000000000000000	1000000000000000000	10000000000000	0000000000000	0000000000000000000000
0000010000000000100000001000000	00000010000000000	0000000000000000000	00000010000000	0000000000000	0000000000000000000000
0001000000000000000000000000000	00000000000000000	0000101000000000001	00100000000000	0010000001000	1000000000000000000100
0000010000000000101000001000000	00000010000000000	0000000000000000000	00000000000000	0000000000000	0000000000000000000000
0000010000000000101000001000000	00000010000000000	0000000000000000000	00000000000000	0000000000000	0000000000000000000000
0000000000000010000000000000000	00000000101000000	0000000000000000000	00000100000000	0000001000001	0000000000000000000000
0000000000000010000010000000000	00000000101000000	0000000000000000000	00000000000000	0000001000001	0000000000000000000000
0000000000000010000000000000000	00010000101000000	0000000000000000000	00000000000000	0000001000001	0000000000000000000000
0000000000001000000000000000000	00000000000000000	0000000000000000000	00000000000000	0000101000000	0000000000001000000000
0000000000000010000000000000000	00010000101000000	0000000000000000000	00000000000000	0000001000001	0000000000000000000000
0000000000000010000000000000000	00010000101000000	0000000000000000000	00000000000000	0000001000001	0000000000000000000000
0000000010000000000000000000000	10000100000000000	1000000000000000000	10000000001000	0000000000000	0000000000000000000000
0000000000000010000000000000000	00000000101000000	0000000000000000000	00000000000000	0000001000001	0001000000000000000000
0000000000001000000100000000000	00000000000000000	0100000000000000000	00001000000000	0000101000000	0000000000000000000000
0000000000000010000000000000000	00000000101000000	0000000000000000000	00000100000000	0000001000001	0000000000000000000000
0010000000001000000000000000000	00000000000000000	0000000000000000000	00000000000000	0000101000000	0000001000001000000000
0000000000000010000000000000000	00010000101000000	0000000000000000100	00000000000000	0000001000001	0000000000000000000000
0000000000000000000000100000000	00001000000100000	0000000000010000000	00000000000000	0001000000000	0000000100010000000001
0000000000000010000000000000000	00010000101000000	0000000000000000000	00000000000000	0000001000001	0000000000000000000000
0000000010000000000001000000000	11000000000000000	1000000000000000000	10000000000000	0000000000000	0000000000000000000000
0000000000011000000000000000000	00000000000000000	0000000000000000000	00000000000000	0000101000000	0000000000001000000000
0000000000000000000000000000010	00001000000000000	0000000000010000000	00000000000000	0001000000000	0000010100010000000001
0000010000000000100000001000000	00000010000000000	0000000000000000000	00000000000000	0000000000000	0000000000000000000000
0000000000000000000000000000000	00000000000000010	0000000000000000000	00010000000110	0000001000000	0000000001000000000000
0000101010000000000000000010000	10000000000000000	1000000000000000000	10000000000000	0000000000000	0000000000000000000000
0000000101100000000000010000000	00001000000000000	0000000000000010000	00000000000000	0000000000000	0000000110010110000001
0000000010000000000000000000000	10000000000000000	1000000000000000000	10000001000000	0100000000000	0000000000100000100000
1000000001100000000000010000000	00001000010000101	0010000000000010000	00000000000000	0000000000000	0000000100010001000001
0000000000000010000000000000000	00000000101000000	0000000000000000000	00000000000000	0000001000001	0001000000000000000000
0000000000000000000000000000000	00000000000000000	0000000000100000000	00010000000110	0000001000000	0000000001000000000000
0000000000000010000000000000000	00010000101000000	0000000100000000100	00000000000000	0000001000001	0000000000000000000000
0000000000001000000000000000000	00000000000000000	0000000010000000000	00000000000000	0000101000000	0000000000001000000000
0000000000000000010000000000000	00001000000000000	0000000000010000000	00000000000000	0001000000000	0000000100010000000011
0000000000000010000000000000000	00000000101000000	0000000000000000000	01000000000000	0000001000001	0001000000000000000000
0000000000001000000100000000000	00000000000000000	0100000000000000000	00001000000000	0000101000000	0000000000000000000000
0000000010000000000000000010000	10000000000000000	1000000000000000000	10000000000000	0000000000000	0000000000000000000000
0000000000011000000000000000000	00000000000000000	0000000000000000000	00000000000000	0000101000000	0000000000001000000000
0000000000000001000000000100000	00001000000000000	0000000000010000000	00000000000000	0001000010000	0000000100010000000001
0000000010000000000000000000000	10000000000000000	1000000000001000000	10000001000000	0100000000000	0000000000100000100000
0010000000001000000000000000000	00000000000000000	0000000000000000000	00000000000000	0000101000000	0000001000001000000000
0000000001100000000000010000000	00001000000000000	0000000000000010000	00000000000000	0000000000010	0000000100010000000001
0100000000001000000000000000000	00000000000000000	0100000000000000000	00000000000000	0000101000000	0000000000000000000000
0000000000000010000000000000000	00000000101000000	0000000000000000000	00000000000000	0000001000001	0001000000000000000000
0000000010000000000000000010000	10000000000000000	1000000000000000000	10000000000000	0000000000000	0000000000000000000000
0000000000011000000000000000000	00000000000000000	0000000000000000000	00000000000000	0000101000000	0000000000001000000000
0000000000000000000000000000000	00000000000010000	0000000000100000000	00010000000110	0000001000000	0000000001000000000000
0000000000000010000000000000000	00000000101000000	0000000000000000000	00000000000000	0000001000001	0001000000000000000000
0000000000000010000000000000000	00000000101000000	0000000000000000000	00000100000000	0000001000001	0000000000000000000000
0000000101100000000000010000000	00001000000000000	0000000000000010000	00000000000000	0000000000000	0000000110010110000001
0000000010000000000000000000000	10000000000000000	1000000000000000000	10000001000000	0100000000000	0000000000100000100000
0000000000011000000000000000000	00000000000000000	0000000000000000000	00000000000000	0000101000000	0000000000001000000000
0000000101100000000000010000000	00001000000000000	0000000000000010000	00000000000000	0000000000000	0000000110010110000001
0000000000000000000000000000000	00000000000000000	0000000001000000000	00010000000110	0000001000000	0000000001000000000000
0000000000000010000000000000000	00010000101000000	0000000100000000100	00000000000000	0000001000001	0000000000000000000000
0001000000000000000000000000000	00000000000000000	0000101000000000001	00100000000000	0010000001000	1000000000000000000100
0000010000000000100000001000000	00000010000000000	0000000000000000010	00000000000000	0000000000000	0000000000000000000000
0000000000001000000100000000000	00000000000000000	0100000000000000000	00001000000000	0000101000000	0000000000000000000000
0000000000000000000000000000000	00000000000000000	0000000000100000000	00010000000110	0000001000000	0000000001000000000000
0001000000000000000000000000000	00000000000000000	0000001000000000001	00100000000000	0010000001100	1000000000000000000100
0000000000000010000000000000000	00010000101000000	0000000000000000100	00000000000000	0000001000001	0000000000000000000000
0000000000001000000000000000000	00000000000000000	0000000000000000000	00000000000000	0000101000000	0000000000001000000000
0000000000000010000010000000000	00000000101000000	0000000000000000000	00000000000000	0000001000001	0000000000000000000000
0000000010000000000000000010000	10000000000000000	1000000000000000000	10000000000000	0000000000000	0000000000000000000000
0000000010000000000000000000000	10000100000000000	1000000000000000000	10000000001000	0000000000000	0000000000000000000000
0000000000000000010000000000000	00001000000000000	0000000000010000000	00000000000000	0001000000000	0000000100010000000011
0010000000001000000000000000000	00000000000000000	0000000000000000000	00000000000000	0000101000000	0000001000001000000000
0000010000000000100000001000000	00000010000000000	0000000000000000000	00000010000000	0000000000000	0000000000000000000000
0000000000000010000010000000000	00000000101000000	0000000000000000000	00000000000000	0000001000001	0000000000000000000000
0000010000000000100000001000000	00000010000000000	0000000000000000000	00000010000000	0000000000000	0000000000000000000000
0000000000000010000000000000000	00010000101000000	0000000000000000000	00000000000000	0000001000001	0000000000000000000000
0000000000000001000000000100000	00001000000000000	0000000000010000000	00000000100000	0001000010000	0000000100010000000001
0000000000000000000000000000000	00000000000000000	0000000000100000000	00010000000110	0000001000000	0000000001000000000000
0000000000001000000000000000000	00000000000000000	0000000000000000000	00000000000000	0000101000000	0000000000001000001000
0000000000000010000000000000000	00000000101000000	0000000000000100000	00000000000000	0000001000001	0000000000000000000000
0100000000001000000000000000000	00000000000000000	0100000000000000000	00000000000000	0000101000000	0000000000000000000000
0000000000000010000000000000000	00000000101000000	0000000000000000000	00000000000000	0000001000001	0000000000000000000000
0000000000000010000000000000000	00000000101000000	0000000000000000000	00000100000000	0000001000001	0000000000000000000000
0000000000001000000000000000000	00000000000000000	0000000000000000000	00000000000000	0000101000000	0000000000001000000000
0000000000000010000000000000000	00000000101000000	0000000000000000000	00000000000000	0000001000001	0001000000000000000000
0000000000000010000000000000000	00000000101000000	0000000000000000000	00000000000000	0000001000001	0001000000000000000000
0000010000000000100000001000000	00000010000000000	0000000000000000000	00000000000000	0000000000000	0000100000000000000000
0000000010000000000000000000000	10000000000001000	1000000000000000000	10000000000000	0000000100000	0100000000000000000000
0000010000000000101000001000000	00000010000000000	0000000000000000000	00000000000000	0000000000000	0000000000000000000000
0000000000000010000000000000000	00010000101000000	0000000000000000100	00000000000000	0000001000001	0000000000000000000000
0000000010000000000000000010000	10000000000000000	1000000000000000000	10000000000000	0000000000000	0000000000000000000000
0000000000000000000000000000000	00000000000000000	0000000000100000000	00010000000110	0000001000000	0000000001000000000000
0000000000001000000000000000000	00000000000000000	0000000000000000000	00000000000000	0000101000000	0000000000001000000000
0000000000000010000000000000000	00000000101000000	0000000000000000000	00000000000000	0000001000001	0001000000000000000000
0000000000000000000000000000000	00000000000000000	0000000000100000000	00010000000110	0000001000000	0000000001000000000000
0000010000000000100000001000000	00000010000000000	0000000000000000000	00000000000000	0000000000000	0000100000000000000000
0000100010000000000000000010000	10000000000000000	1000000000000000000	10000000000000	0000000000000	0000000000000000000000
0000000000000010000000000000000	00010000101000000	0000000000000001100	00000000000000	0000001000001	0000000000000000000000
0000000010000000000000000000000	10000000000000000	1000000000000000000	10000001000000	0100000000000	0000000000100000100000
0000000000000000000000000000010	00001000000000000	0000000000010000000	00000000000000	0001000000000	0000010100010000000001
0010000000001000000000000000000	00000000000000000	0000010000000000000	00000000000000	0000101000000	0000001000001000000000
0000000000001000000000000000000	00000000000000000	0000000000000000000	00000000000000	0000101000000	0000000000001000000000
0000000000001000000000000000000	00000000000000000	0000000000000000000	00000000000000	0000101000000	0000000000001000000000
0000010000000000100000001000000	00000010000000000	0000000000000000000	00000000000000	0000000000000	0000000000000000000000
0000000000001000000000000000000	00000000000000000	0000000000000000000	00000000000000	0000101000000	0000000000001000000000
0000000000000000000000100000000	00001000000100000	0000000000010000000	00000000000000	0001000000000	0000000100010000000001
0000000000001000000000000000000	00000000000000000	0000000000000000000	00000000000001	0000101000000	0000000000001000000000
0010000000001000000000000000000	00000000000000000	0000000000000000000	00000000000000	0000101000000	0000001000001000000000
0000000000000010000000000000000	00010000101000000	0000000000000000000	00000000000000	0000001000001	0000000000000000000000
0001000000000000000000000000000	00000000000000000	0000101000000000001	00100000000000	0010000001000	1000000000000000000100
0000000000011000000000000000000	00000000000000000	0000000000000000000	00000000000000	0000101000000	0000000000001000000000
0000000000000001000000000100000	00001000000000000	0000000000010000000	00000000000000	0001000010000	0000000100010000000001
0000000000000010000000000000000	00010000101000000	0000000100000000100	00000000000000	0000001000001	0000000000000000000000
0000000000000100000000000000000	00000000000000000	0000000000000000000	00010000000110	0000001000000	0010000001000000000000
0000000000000010000000000000000	00010000101000000	0000000000000000000	00000000000000	0000001000001	0000000000000000000000
0000000000000000000000000000010	00001000000000000	0000000000010000000	00000000000000	0001000000000	0000010100010000000001
0000000010000000000000000000000	10000000000001000	1000000000000000000	10000000000000	0000000100000	0100000000000000000000
0000000000011000000000000000000	00000000000000000	0000000000000000000	00000000000000	0000101000000	0000000000001000000000
0000000000000010000000000000000	00000000101000000	0000000000000000000	00000000000000	0000001000001	0001000000000000000000
0000000000000001000000000100000	00001000000000000	0000000000010000000	00000000000000	0001000010000	0000000100010000000001
0000000000001000000000000001000	00000000000000000	0000000000000000000	00000000000000	0000101000000	0000000000001000000000
0000000000000010000000000000000	00000000101000000	0000000000000000000	00000100000000	0000001000001	0000000000000000000000
0000000010000000000000000010000	10000000000000000	1000000000000000000	10000000000000	0000000000000	0000000000000000000000
0000000000011000000000000000000	00000000000000000	0000000000000000000	00000000000000	0000101000000	0000000000001000000000
0000010000000000100000001000000	00000010000000000	0000000000000000000	00000000000000	0000000000000	0000000000000000000000
0000000000000000000000000000000	00000000000000000	0000000000100000000	00010000000110	0000001000000	0000000001000000000000
0000010000000000100000001000000	00000010000000000	0000000000000000000	00000000000000	0000000000000	0000100000000000000000
0010000000001000000000000000000	00000000000000000	0000000000000000000	00000000000000	0000101000000	0000001000001000000000
0000000000000000000000000000010	00001000000000000	0000000000010000000	00000000000000	0001000000000	0000010100010000000001
0000000010000000000000000000000	10000100000000000	1000000000000000000	10000000001000	0000000000000	0000000000000000000000
0000000000000010000000000000000	00010000101000000	0000000000000000000	00000000000000	0000001000001	0000000000000000000000
0000000000000010000000000000000	00010000101000000	0000000000000000000	00000000000000	0000001000001	0000000000000000000000
0000000010000000000000000000000	10000000000000000	1000000000000000000	10000001000000	0100000000000	0000000000100000100000
