0000000000000010001000	000000000110100000010000	0000001000000000000	00000000000000	100000000000000000010000000	01000010010000
0000000000000010001000	000000000000100000000000	0000001000000000000	00000000100000	100000000000000000110000000	01000010000000
0000000000000010001000	000000000000100000000000	0100001000000000000	00000000000000	100000000000000010010000000	01000010000000
0000000000000000000000	000000000000000101000000	0000001000000000000	00000000000000	000000000000000001010000001	01000010000000
0000000000100000000000	001000000000000010000101	0000000000000100100	01000100000000	000000000000000000000001000	00000000000000
0000000000000010001000	000000000000100000000000	0100001000000000000	00000000000000	100000000000000000010000000	01000010000000
0000000000000010001000	000000000000100000000000	0000001000000000000	00000000000000	100000000000000000010000000	01000010000000
0000000000000010001000	000000000000100000000000	0100001000000000000	00000000000000	100000000000000000010000000	01000010000000
0000000000000010001000	000000000000100000000000	0000001000000000000	00000000000000	100000000000000000010000000	01000010000000
1000000000100000000000	001000000000000010000101	0000000000000100100	01000100000000	000000000000000000000000000	00000000000000
0000000000000000000000	000000000000001100000000	0000001000000010000	00010000000000	000000000000000001010000000	01000010000000
0001000001000000001000	000001100000100000000000	0000001000000000000	00000000000000	000000000000000000010000000	01000010000000
0000000000000010001000	000000000110100000010000	0000001000000000000	00000000000000	100000000000000000010000000	01000010010000
0000000000010000000000	000000000000000000000000	0000000010000000000	00000001000010	001000000000000000000100000	00000000000000
0000000000000000000000	000000000000000100000000	0000001000000000000	00010000000000	000000000000000001010000000	01000010000000
0000000000000000000000	000000000000000100000000	0000001000000000000	00010000000000	000000000000000001010000000	01000010000000
0000000000000010001000	000000000110100000010000	0000001000000000000	00000000000000	100000000000000000010000000	01000010010000
0000100000000001000100	000010001000000000000000	0000000000000001001	00001000010000	000000101000010000000000000	00010000000000
0001000000000000001000	000001100000100000000000	0000001000000000000	00000000000000	000000000000001000010000010	01000010000000
0000000000000000000000	000000000000001100000000	0000001000000010000	00010000000000	000000000000000001010000000	01000010000000
0010000000000000000000	000000001000000000001000	0000000000010001001	00000000010000	000000000000000000000000100	00010000000100
0010000000000000000000	000000001000000000001000	0000000000010001001	00000000010000	000000000000000000000000100	00010000000100
0000000000000000000000	000000000000000100000000	0000001000000000000	00010000000000	000000000000000001010000000	01000010000000
0000000000000010001000	000000000000100000000000	0000001000000000000	00000000000000	100000000000000000010000000	01000010000000
0001000000000000001000	000001100000100000000000	0000001000000000000	00000000000000	000000000000000000010000000	01000010000000
1000000000100000000000	001000000000000010000101	0000000000000100100	01000100000000	000000000000000000000000000	00000000000000
1000000000100000000000	001000000000000010000101	0000000000000100100	01000100000000	000000000000000000000000000	00000000000000
0000000000000010001000	000000000010100000010000	0000001000000000000	00000000000000	100000000000000000010000000	01000010010000
0000000000000010001000	000000000000100000000000	0100001000000000000	00000000000000	100000000000000000010000000	01000010000000
0001000000000000001000	000000100000100000000000	0000001000000000000	10000000000000	000000000000000100010000000	01001010000001
0000001000000010001000	000000000010100000010000	0000001000000000000	00000000000000	100000000000000000010000000	01000010010000
0000000000100000000000	001000000000000010000101	0000000000000100100	01000100000000	000000000000000000000001000	00000000000000
0001000000000000001000	000000100000100000000000	0000011000000000000	10000000000000	000000000000000100010000000	01000010000000
0000000000000000100010	000000000000000000000000	0000000000000000000	00000000000001	000000010000000000000000000	00000000100000
1000000000100000000000	001000000000000010000101	0000000000000100100	01000100000000	000000000000000000000000000	00000000000000
0000000000000010001000	000000000010100000010000	0000001000000000000	00000000000000	100000000000000000010000000	01000010010000
0000000000000110001000	000000000000100000000000	0100001000000000000	00000000000000	100000000000000000010000000	01000010000000
0001000000000000001000	000001100000100000000000	0000001000000000000	00000000000000	000000000000000000010000000	01000010000000
1000000000100000000000	001000000000000010000101	0000000000000100100	01000100000000	000000000100000000000000000	00000000000000
0000000000000010001000	000000000010100000010000	0000001000000000000	00000000000000	100000000000000000010000000	01000010010000
0000000000000000000000	000000000000000000000000	0000001000000000000	00000000001000	000000000000000000010000000	01000010000000
0001000000000000001000	000001100000100000000000	0000001000000000000	00000000000000	000000000000001000010000010	01000010000000
0000001000000010001000	000000000010100000010000	0000001000000000000	00000000000000	100000000000000000010000000	01000010010000
0001000000000000001000	000001100000100000000000	0000001000000000000	00000000000000	000000000000001000010000010	01000010000000
0000000000000010001000	000000000010100000000000	0000001000000000000	00000000000000	100000000000000000010000000	01000010000000
0000000000000010001000	000000000000100000000000	0100001000001000000	00000000000000	100000000000000000010000000	01000010001000
0010000000000000000000	000000001000000000001000	0000000000010001001	00000000010000	000000000000000000000000100	00010000000100
0000000000000000000100	000000011000000000000000	0000000000100001001	00001010010000	000000101000010000000000000	00010000000000
0000100000000001000100	000010001000000000000000	0000000000000001001	00001000010000	000000101000010000000000000	00010000000000
0000100000000001000100	000010001000000000000000	0000000000000001001	00001000010000	000000101000010000000000000	00010000000000
0000000000000010001000	000000000110100000010000	0000001000000000000	00000000000000	100000000000000000010000000	01000010010000
0000000000100000000000	001000000000000010000101	0001000000000100100	01000100000000	000000000000000000001000000	00000000000000
0000010000000010001000	000000000010100000000010	0000001000000000000	00000000000000	100000000000000000010000000	01000010000000
0000000000000010001000	000000000010100000000000	0000001000000000000	00000000000000	100000000000000000010000000	01000010000000
0000000000000010001000	000000000000100000000000	0000001000000000000	00000000000000	100000000000000000010000000	01000010000000
0000000000000010001000	000000000000100000000000	0100001000000000000	00000000000000	100000000000000000010010000	01000010000000
0000000000000000000001	000000000000000000000000	0000001000000000000	00000000000000	000000000000000000010000000	01000010000000
0000000000000010001000	000000000010100000010000	0000001000000000000	00000000000000	100100000000000000010000000	01000010010000
0000000000000010001000	000000000000100000000000	0000001000000000000	00000000000000	100000000000000000010000000	01000010000000
0000000000000000000000	000000000000000100000000	0000001000000000000	00010000000000	000000000000000001010000000	01000010000000
0000000000000010001000	000000000000100000000000	0000001000000000000	00000000000000	100000000000000000010000000	01000011000000
0001000000000000001000	000001100000100000000000	0000001000000000000	00000000000000	000000000000001000010000010	01000010000000
1000000000100000000000	001000000000000010000101	0000000000000100100	01000100000000	000000000100000000000000000	00000000000000
0000000000000010001000	000000000000100000000000	0100001000000000000	00000000000000	100000000000000000010000000	01100010000000
0000000000000000000000	000000000000000100000000	0000001000000000000	00010000000000	000000000000000001010000000	01000010000000
0000000000000010001000	000000000011100000010000	0000001000000000000	00000000000000	100000000000000000010000000	01000010010000
0000000000000010001000	000000000010100000000000	0000001000000000000	00000000000000	100000000000000000010000000	01000010000000
0000000000010000000000	000000000000000000000000	0000000010000000000	00000001000010	001000000000000000000100000	00000000000000
0000000000000000000000	000000000000000000100000	0000001000000000000	00000000000000	000000000000000000010000000	01000010000000
0000000000000010001000	000000000000100000000000	0100001000000000010	00000000000000	100000000000000000010000000	01000010000000
0000000000000000000000	000000000000001100000000	0000001000000010000	00010000000000	000000000000000001010000000	01000010000000
0000000000000010001000	000000000010100000010000	0000001000000000000	00000000000000	100000000000000000010000000	01000010010000
0000000000000010001000	000000000010100000010000	0000001000000000000	00000000000000	100010000000000000010000000	01000010010000
0000000000000010001000	000000000000100000000000	0100001000000000000	00000000000000	110000000000000000010000000	01000010000000
1000000000100000000000	001000000000000010000101	0000000000000100100	01000100000000	000000000000000000000000000	00000000000000
1000000000100000000000	001000000000000010000101	0000000000000100100	01000100000000	000000000000000000000000000	00000000000000
0000001000000010001000	000000000010100000010000	0000001000000000000	00000000000000	100000000000000000010000000	01000010010000
1000000000100000000000	001000000000000010000101	0000000000000100100	01000100000000	000000000000000000000000000	00000000000000
0001000100000000001000	000101100000100000000000	0000001000000000000	00000000000000	000000000000000000010000000	01000010000000
0000000000000010001000	000000000010100000010000	0000001000000000000	00000000000000	100010000000000000010000000	01000010010000
0000000000010000000000	000000000000010000000000	0000000010000000000	00000001000010	001001000000000000000100000	00000000000000
0000000000000110001000	000000000000100000000000	0100001000000000000	00000000000000	100000000000000000010000000	01000010000000
0001000000000000001000	000000100000100000000000	0000011000000000000	10000000000000	000000000000000100010000000	01000010000000
1000000000100000000000	001000000000000010000101	0000000000000100100	01000100000000	000000000100000000000000000	00000000000000
0000000000000010001000	000000000000100000000000	0100001000000000000	00000000000000	100000000000000000010000000	01000010000000
0000000000000010001000	000000000000100000000000	0000001001000000000	00000000000000	100000000000000000010000000	01000010000000
0000000000010000000000	000000000000000000000000	0000000010000000000	00000001000010	001000000000000000000100000	00000000000000
0010000000000000000000	000000001000000000001000	0000000000010001001	00000000010000	000000000000000000000000100	00010000000100
1000000000100000000000	001000000000000010000101	0000000000000100100	01000100000000	000000000000000000000000000	00000000000000
0000000000000000000001	000000000000000000000000	0000001000000000000	00000000000000	000000000000000000010000000	01000010000000
0000000000000010001000	000000000000100000000000	0100001000000000000	00000000000000	100000000000000000010000000	01000010000000
0000000000000000000000	000000000000000000100000	0000001000000000000	00000000000000	000000000000000000010000000	01000010000000
0000000000000010001000	000000000010100000010000	0000001000000000000	00000000000000	100000000000000000010000000	01000010010000
0000001000000010001000	000000000010100000010000	0000001000000000000	00000000000000	100000000000000000010000000	01000010010000
0010000000000000000000	000000001000000000001000	0000000000010001001	00000000010000	000000000000000000000000100	00010000000100
1000000000100000000000	001000000000000010000101	0000000000000100100	01000100000000	000000000000000000000000000	00000000000000
0000000000000000000000	000000000000000000000000	0000001000000000000	00000000001000	000000000000000000010000000	01000010000000
0000000000000010001000	000000000010100000000000	0000001000000000000	00000000000000	100000000000000000010000000	01000010000000
0000000000000010011000	000000000000100000000000	0100001000000000000	00000000000000	100000000000000000010000000	01000010000000
1000000000100000000000	001000000000000010000101	0000000000000100100	01000100000000	000000000000000000000000000	00000000000000
0000000000000010001000	000000000000100000000000	0100001000000000000	00000000000000	100000000000000000010000000	01000010000000
0000000000000010001000	000000000010100000010000	0000001000000000000	00000000000100	100000000000000000010000000	01000010010000
0000010000000010001000	000000000010100000000000	0000001000000000000	00000000000000	100000000000000000010000000	01000010000000
0000000000000010001000	000000000000100000000000	0100001000000000010	00000000000000	100000000000000000010000000	01000010000000
0000000000000000000000	000000000000000000000000	0000001000000000000	00000000001000	000000000000000000010000000	01000010000000
0000000000010000000000	110000000000000000000000	0010000010000000000	00000001000010	001000000000000000000100000	10000100000000
0000000000000000000000	000000000000000100000000	0000001000000000000	00010000000000	000000000000000001010000000	01000010000000
0001000000000000001000	000000100000100000000000	0000011000000000000	10000000000000	000000000000000100010000000	01000010000000
0000000000000000000000	000000000000000000000000	0000001000000000000	00000000001000	000000000000000000010000000	01000010000000
0000000000000010011000	000000000000100000000000	0100001000000000000	00000000000000	100000000000000000010000000	01000010000000
0000000000000010001000	000000000000100000000000	0100001000000000000	00000000000000	110000000000000000010000000	01000010000000
1000000000100000000000	001000000000000010000101	0000000000000100100	01000100000000	000000000000000000000000000	00000000000000
0000000000000010001000	000000000010100000000000	0000001100000000000	00000000000000	100000000000000000010000000	01000010000000
0000000000100000000000	001000000000000010000101	0000000000000100100	01000100000000	000000000000000000000001000	00000000000000
0000000000000010001000	000000000000100000000000	0100001000000000000	00000000000000	100000000010000000010000000	01000010000000
0100000000001010001000	000000000010100000000000	0000001000000000000	00000000000000	100000000000000000010000000	01000010000000
0000000000000010001000	000000000000100000000000	0100001000000000000	00000000000000	100000000000000000010000000	01000010000000
0000000000000010001000	000000000010100000000000	0000001000000000000	00000000000000	100000000000000000010000000	01000010000000
0000000000010000000000	000000000000000000000000	0000000010000000000	00000001000010	001000000000000000000100000	00000000000000
0001000000000000001000	000000100000100000000000	0000011000000000000	10000000000000	000000000000000100010000000	01000010000000
0000000000000010001000	000000000010100000010000	0000001000000000000	00000000000000	100000000000000000010000000	01000010010000
1000000000100000000000	001000000000000010000101	0000000000000100100	01000100000000	000000000000000000000000000	00000000000000
0000000000000010001000	000000000010100000010000	0000001000000000000	00000000000000	100000000000000000010000000	01000010010000
0000000000000010001000	000000000000100000000000	0100001000000000000	00000000000000	100000000010000000010000000	01000010000000
0000000000000010001000	000000000000100000000000	0100001000000000000	00000000000000	100000000010000000010000000	01000010000000
0000000000000000000000	000000000000000100000000	0000101000000000000	00010000000000	000000000000000001010000000	01000010000000
0000000000000010001000	000000000000100000000000	0000001000000000000	00000000000000	100000000000000000010000000	01000011000000
1000000000100000000000	001000000000000010000101	0000000000000100100	01000100000000	000000000000000000000000000	00000000000000
0000100000000001000100	000010001000000000000000	0000000000000001001	00001000010000	000000101000010000000000000	00010000000000
0000000000000000000000	000000000000000100000000	1000001000000000000	00010000000000	000000000000000001010000000	01000010000000
0000000000000000000000	000000000000000000000000	0000001000000000000	00000000001000	000000000000000000010000000	01000010000000
0000000000000010001000	000000000000100000000000	0000001000000000000	00100000000000	100000000000000000010000000	01000010000000
1000000000100000000000	001000000000000010000101	0000000000000100100	01000100000000	000000000000000000000000000	00000000000000
0000000000000010001000	000000000010100000010000	0000001000000000000	00000000000000	100010000000000000010000000	01000010010000
1000000000100000000000	001000000000000010000101	0000000000000100100	01000100000000	000000000000000000000000000	00000000000000
0000000000000010001000	000000000010100000000000	0000001000000000000	00000000000000	100000000000000000010000000	01000010000000
0000000000000010001000	000000000000100000000000	0000001000000000000	00000000000000	100000000000000000010000000	01000010000000
0000000000000000000000	000000000000000000000000	0000001000000000000	00000000001000	000000000000000000010000000	01000010000000
0000000000010000000000	000000000000000000000000	0000000010000000000	00000001000010	001000000000000000000100000	00000000000000
0000000000000010001000	000000000000100000000000	0000001000000000000	00000000000000	100000000000000000010000000	01000010000010
0000000000000010001000	000000000000100000000000	0100001000000000000	00000000000000	100000000000000000010000000	01000010001000
0000000000000010001000	000000000000100000000000	0000001000000000000	00000000000000	100000000000000000010000000	01000011000000
0000000000000000000100	000000011000000000000000	0000000000100001001	00001010010000	000000101000010000000000000	00010000000000
0001000000000000001000	000000100000100000000000	0000001000000000000	10000000000000	000000000001000100010000000	01000010000000
0000000000000010001000	000000000000100000000000	0000001000000000000	00000000000000	100000000000000000010000000	01000010000000
1000000000100000000000	001000000000000010000101	0000000000000100100	01000100000000	000000000100100000000000000	00000000000000
0000000010000010001000	000000000000100000000000	0000001000000000000	00000000000000	100000000000000000010000000	01000010000000
0000000000000010001000	000000000010100000010000	0000001000000000000	00000000000000	100000000000000000010000000	01000010010000
0000000000000000000000	000000000000000000000000	0000001000000000000	00000000001000	000000000000000000010000000	01000010000000
0000000000000010001000	000000000010100000010000	0000001000000000000	00000000000000	100000000000000000010000000	01000010010000
