0000000000000000000	10001010000000000	0000000000000000000000	0000000000000000000000000	00100000000000000	0000000110000
0000000000000000100	01100000000000100	0100001000000000010100	0100000100000000000000001	00000000100000000	0000010000000
0000000000000000100	01100000000000100	0100001000000000010100	0100000100000000000000001	00000000100000000	0000010000000
0000000000000000100	01100000000000000	0100001000000000010100	0100000100000000000000001	00000000100010000	0000010000100
0000000000000000100	01100000000000000	0100001000000000010100	0100000100000000000000001	00000000100010000	0000010000100
0000000000000000100	01100000000000000	0100001000000000010100	0100000100100000000000001	00000000100000000	0000010000000
0000000001000000000	00001010000000000	0000000000000000000000	0000000000000000000000000	00100000000000000	0000000100000
0000000000000000100	01100000000000000	0000001000000000000000	0100000000000000000000001	00010000100000000	0000010000000
0100000000000000000	00000000000000000	0000000000000000000000	0000000000000000000000000	00000000000000101	1000000000000
0000000000000000000	00001010000000000	0000000000000000000000	0000000000000000000000000	00100000000000010	0000000100000
0000001000000001101	00100000000010000	0000001000000000000000	0100000000000000000000001	00000000000100000	0000000000000
0001000000000000100	01100000000000000	0000001000000000000000	0100000000000000000000001	00000000100000000	0000010000000
0000000001000000000	00001010000000000	0000000000000000000000	0000000000000000000000000	00100000000000000	0000000100000
0000000000000000000	00001010000000000	0000000000000000000000	0000000000010010000000000	00100000000000000	0000000100000
0001000000000000100	01100000000000000	0000001000000000000000	0100100000000000000000001	00000000100000000	0000010000000
0000000010000000000	00000000010000000	0000000001000000000010	0000000000000000000000010	00000000001000000	0000000000000
0000000001000000000	00001010000000000	0000000000000000000000	0000000000000000000000000	00101000000000000	0000000100000
0000000000000000010	00001010001000000	0000000000000101000000	0010000000000001100000000	00000000000000000	0000000000000
0000000000000000000	00000000010000000	0000000000000000000010	0000000001000000001000010	00000000001000000	0000000000001
0000000001000000000	00001010000000000	0000000000000000000000	0000000000000000000000000	00100000000000000	0000000100000
0000001000000011101	00100000000010000	0000001000000000000000	0100000000000000000000001	00000000000100000	0000000000000
0000000000000000100	01100000000000000	0000001000000000000000	0100000000000000000000001	00010000100000000	0000010000000
0000000001000000000	00001010000000000	0000000000000000000000	0000000000001000000000000	10100000000000000	0000000100000
0000000000000000100	01100000000000000	0100001000000000010100	0100000100100000000000001	00000000100000000	0000010000000
0000000000001000000	00001011001000000	0000000000100000000001	0000010000000000000000000	00000001000000000	0000000000010
0000000000000000000	00000000010000000	0000000000000000000010	0000000001000000001000010	00000000001000000	0000000000001
0000000000000100100	01100000000000000	0000001000000000000000	0100000000000000000000001	00000000100000000	0000010000000
0000000000000000100	01100000000000000	0000001000000000000000	0100000000000000000000001	00010000100000000	0000010000000
0000000000000000100	01100000000000000	0100001000000000010100	0100000100100000000000001	00000000100000000	0000010000000
0000000000000100100	01100000000000000	0000001000000000000000	0100000000000000000000001	00000000100000000	0000010000000
0000000000000000000	00000000010001000	0000000000000000000010	0000000001000000001000010	00000000001000000	0000000000001
0001000000000000100	01100000000000000	0000001000000000000000	0100000000000000000000001	00000000100000000	0000010000000
0000000000000000000	00000000010001000	0000000000000000000010	0000000001000000001000010	00000000001000000	0000000000001
0000000000000000100	01100000000000000	0100001000000000010100	0100000100000000000000001	00000000100000000	0000010000100
1000000000000000100	00100000100000001	0000001000000010000000	0100000000000000000000001	00000000000000000	0000000000000
0000000000000000100	01100000000000000	0000001000000000000000	0100000000000000000000001	00010000100000000	0000010000000
0000000000000000000	00000000010001000	0000000000000000000010	0000000001000000001000010	00000000001000000	0000000000001
0000000000000000010	00001010001000000	0000000000000101000000	0010000000000001100000000	00000000000000000	0000000000000
0001000000000000100	01100000000000000	0000001000000000000000	0100000000000000000000001	00000000100000000	0000010000000
0000000000000000010	00001010001000000	0001000000000101000000	0010000000000001100000000	00000000000000000	0000100000000
0000000000000100100	01100000000000000	0000001000010000000000	1100000000000000000001001	00000000100000000	0000010000000
0000000000001000000	00001011001000000	0000000000000000000001	0000010000000000000000000	00000000000000000	0001000000010
0000000000001000000	00001011001000000	0000000000100000000001	0000010000000000000000000	00000001000000000	0000000000010
0000000000000000000	00001010000000000	0000000000000000000000	0000000000010010000000000	00100000000000000	0000000100000
0000000000000000100	01100000000100000	0100001000000000010100	0100000100000000000010001	00000000100000000	0000010000100
0000000000000000000	00011010000000000	0000000000000000000000	0000000000000000000000000	00100000000000010	0000000100000
0000000000000000000	10001010000000000	0000000000000000000000	0000000000000000000000000	01100000000000000	0000000110000
0000000000000000000	00001010000000000	0000000000000000000000	0000000000000000000000000	00100000000000010	0000000100000
0000000000000100100	01100000000000000	0000001100000000000000	0100000000000000000000001	00000000100000000	0000010000000
0000000001000000000	00001010000000000	0000000000000000000000	0000000000000000000000000	00100000000000000	0000000100000
0000000000000000010	00001010001000000	0001000000000101000000	0010000000000001100000000	00000000000000000	0000100000000
0000000000000000100	01100000000000000	0100001000000000010100	0100000100100000000000001	00000000100000000	0000010000000
0000000000000000000	00000000010001000	0000000000000000000010	0000001001000000001000010	00000000011000000	0000000000001
0000000000000000010	00001010001000000	0000000000001101000000	0010000000000001000000000	00000000000000000	0000000000000
0000000000001000000	00001011001000000	0000000000100000000001	0000010000000000000000000	00000001000000000	0000000000010
0000000000001000000	00001011001000000	0000000000000000000001	0000010000000000000000000	00000000000000000	0000000000010
0000000000000000100	01100000000000000	0100001000000000010100	0100000100100000000000001	00000000100000000	0000010000000
0000000000000000010	00001010001000000	0000000000000101100000	0010000000000001100000000	00000000000000000	0000000000000
0000000000001000000	00001011001000000	0000000000000000000001	0000010000000000000000000	00000000000000000	0000000000010
0010000000110000100	00100000000000010	0000111000000000000000	0100000000000000000000101	00000010000000000	0010000000000
0000000100000000100	01100000000000000	0100001000000000010100	0100000100000000000000001	00000000100000000	0000010000100
0000000000000000000	00000000010000000	0000000000000000000010	0000000001000000001000010	00000000001000000	0000000000001
0000000000001000000	00001011001000000	0000000000000000000001	0000010000000000000000000	00000000000000000	0001000000010
0001000000000000100	01100000000000000	0000001000000000000000	0100000000000000000000001	00000000100000000	0000010000000
0001000000000000100	01100000000000000	1000001000000000000000	0100000000000000000000001	00000000100000000	0000010000000
0000000000000100100	01100000000000000	0000001000000000000000	0100000000000000000000001	00000000100000000	0000010000000
0000000000000000100	01100000000000000	0100001000000000010100	0100000100000000000000001	00000000100000000	0000010001000
0000000100000000100	01100000000000000	0100001000000000010100	0100000100000000000000001	00000000100000000	0000010000100
0001000000000000100	01100000000000000	0000001000000000000000	0100000000000000000000001	00000000100000000	0000010000000
0000000000000000000	00001110000000000	0000000000000000000000	0000000000000000000000000	00100000000000010	0000000100000
0000000001000000000	00001010000000000	0000000000000000000000	0000000000000000000000000	00100000000000000	0000000100000
0000001000000001101	00100000000010000	0000001000000000000000	0100000010000000000000001	00000000000100000	0000000000000
0000000000000000100	01100000000000000	0100001000000000010100	0100000100100000000000001	00000000100000000	0000010000000
0000000000000100100	01100000000000000	0000001000000000000000	0100000000000000000000001	00000000100000000	0000010000000
0000000000000000100	01100000000000000	0100001000000000010100	0101000100000000000000001	00000000100000000	0000010000100
0000000001000000000	00001010000000000	0000000000000000000000	0000000000000000000000000	00100000000000000	0000000100000
0000000000000000000	10001010000000000	0000000000000000000000	0000000000000000000000000	00100000000000000	0000000110000
0000000001000000000	00001010000000000	0000000000000000000000	0000000000000000000000000	00100000000000000	0000000100000
0000000000000100100	01100000000000000	0000001000010000000000	1100000000000000000001001	00000000100000000	0000010000000
0000000000000000000	00000000010000000	0000000000000000000010	0000000001000000001000010	00000000001000000	0000000000001
0000000000000000010	00001010001000000	0001000000000101000000	0010000000000001100000000	00000000000000000	0000100000000
0000000000000100100	01100000000000000	0000001100000000000000	0100000000000000000000001	00000000100000000	0000010000000
0000000000001000000	00001011001000000	0000000000000000000001	0000010000000000000000000	00000000000000000	0001000000010
0000000001000000000	00001010000000000	0000000000000000000000	0000000000000000000000000	00100000000000000	0000000100000
0000000000000000000	00001110000000000	0000000000000000000000	0000000000000000000000000	00100100000000010	0000000100000
0001100000000000100	01100000000000000	0000001000000000000000	0100000000000000000000001	00000000100001000	0000010000000
0000000001000000000	00001010000000000	0000000000000000000000	0000000000000000000000000	00100000000000000	0000000100000
0001000000000000100	01100000000000000	0000001000000000000000	0100000000000000000000001	00000000100000000	0000010000000
0000000000000000100	01100000000000000	0100001000000000010100	0100000100000000000000001	00000000100010000	0000010000100
0000000000000000100	01100000000000100	0100001000000000010100	0100000100000000000000001	00000000100000000	0000010000000
0000000000000100100	01100000000000000	0000001000000000000000	0100000000000000000000001	00000000100000000	0000010000000
0000000000001000000	00001011001000000	0000000000000000000001	0000010000000000000100000	00000000000000000	0000000000010
0000000000000000000	10001010000000000	0000000000000000000000	0000000000000000000000000	00100000000000000	0000000110000
0000000000000000010	00001010001000000	0000000010000101000000	0010000000000001100000000	00000000000000000	0000000000000
0000000000000000010	00001010001000000	0000000000001101000000	0010000000000001000000000	00000000000000000	0000000000000
0000000000000100100	01100000000000000	0000001000000000000000	0100000000000000000000001	00000000100000000	0000010000000
0000000000000000000	10001010000000000	0000000000000000000000	0000000000000000000000000	00100000000000000	0000000110000
0000000000000000010	00001010001000000	0000000000000101100000	0010000000000001100000000	00000000000000000	0000000000000
0000000000000000100	01100000000000100	0100001000000000010100	0100000100000000000000001	00000000100000000	0000010000000
0000000000000000100	01100000000000000	0110001000000000010100	0100000100000000000000001	00000000100000000	0000010000100
0000000000000000100	01100000000000100	0100001000000000010100	0100000100000000000000001	00000000100000000	0000010000000
0000000000000000000	00001110000000000	0000000000000000000000	0000000000000000000000000	00100000000000010	0000000100000
0000000000000000000	00000000010001000	0000000000000000000010	0000000001000000001000010	00000000001000000	0000000000001
0000000000001000000	00001011001000000	0000000000100000000001	0000010000000000000000000	00000001000000000	0000000000010
0000000000000100100	01100000000000000	0000001000010000000000	1100000000000000000001001	00000000100000000	0000010000000
0000000000001000000	00001011001000000	0000000000100000000001	0000010000000000000000000	00000001000000000	0000000000010
0000000000000000100	01100000000000000	0110001000000000010100	0100000100000000000000001	00000000100000000	0000010000100
0000000000000000000	00000000010000000	0000000000000000000010	0000000001000000001000010	00000000001000000	0000000000001
0001000000000000100	01100000000000000	1000001000000000000000	0100000000000000000000001	00000000100000000	0000010000000
0000000000000000010	00001010001000000	0000000000000101001000	0010000000000001100000000	00000000000000000	0000000000000
0000000000000000000	10001010000000000	0000000000000000000000	0000000000000000000000000	00100000000000000	0000000110000
0000000100000000100	01100000000000000	0100001000000000010100	0100000100000100000000001	00000000100000000	0000010000100
0000000001000000000	00001010000000000	0000000000000000000000	0000000000000000000000000	00100000000000000	0000000100000
0000000000001000000	00001011001000000	0000000000000000000001	0000010000000000000000000	00000000000000000	0000000000010
0000000001000000000	00001010000000000	0000000000000000000000	0000000000000000000000000	00100000000000000	0100000100000
0000000000000100100	01100000000000000	0000001000000000000000	0100000000000000000000001	00000000100000000	0000010000000
0000000000000000000	00000000010000000	0000000000000000000010	0000000001000000001000010	00000000001000000	0000000000001
0000000000000000000	00000000010001000	0000000000000000000010	0000000001000000001000010	00000000001000000	0000000000001
0000000000000000100	01100000000000000	0000001000000000000000	0100000000000000000000001	00010000100000000	0000010000000
0000000000000000100	01100000000000000	0000001000000000000000	0100000000000000000000001	00010000100000000	0000010000000
0000010000000000100	01100000000000000	0100001000000000010100	0100000100100000000000001	00000000100000000	0000010000000
0000000000000000100	01100000000000000	0100001000000000010100	0100000100000000000000001	00000000100000000	0000010000100
0000000001000000000	00001010000000000	0000000000000000000000	0000000000000000000000000	00100000000000000	0000000100000
0000000000000000100	01100000000000000	0000001000000000000000	0100000000000000000000001	00010000100000000	0000010000000
0000000000000000100	01100000000000000	0100001000000000010100	0100000100100000000000001	00000000100000000	0000010000000
0001000000000000100	01100000000000000	0000001000000000000000	0100000000000000000000001	00000000100000000	0000010000000
0000000000000000100	01100000000000000	0100001000000000010100	0100000100000000000000001	00000000100000000	0000010001000
0000000000000100100	01100000000000000	0000001000000000000000	0100000000000000000000001	00000000100000000	0000010000000
0001000000000000100	01100000000000000	0000001000000000000000	0100000000000000000000001	00000000100000000	0000010000000
0000000000000000000	00001110000000000	0000000000000000000000	0000000000000000000000000	00100000000000010	0000000100000
0001000000000000100	01100000000000000	0000001000000000000000	0100100000000000000000001	00000000100000000	0000010000000
0000000000000000100	01100000000000000	0100001000000000010100	0100000100000000000000001	00000000100000000	0000010000100
0000000000000000100	01100000000000000	0000001000000000000000	0100000000000000000000001	00010000100000000	0000010000000
0000000001000000000	00001010000000000	0000000000000000000000	0000000000000000000000000	00100000000000000	0000000100000
0000000000000000000	10001010000000000	0000000000000000000000	0000000000000000000000000	01100000000000000	0000000110000
0000000001000000000	00001010000000000	0000000000000000000000	0000000000000000000000000	00100000000000000	0000000100000
0000001000000001101	00100000000010000	0000001000000000000000	0100000000000000000000001	00000000000100000	0000000000000
0000000000001000000	00001011001000000	0000000000000000000001	0000010000000000000000000	00000000000000000	0001000000010
0000000000000000100	01100000000000000	0100001000000000010100	0100000100000000000000001	00000000100000000	0000011000100
0000000000000000010	00001010001000000	0001000000000101000000	0010000000000001100000000	00000000000000000	0000100000000
0000000001000000000	00001010000000000	0000000000000000000000	0000000000000000000000000	00100000000000000	0100000100000
0000000000000000000	10001010000000000	0000000000000000000000	0000000000000000000000000	00100000000000000	0000000110000
0000000100000000100	01100000000000000	0100001000000000010100	0100000100000000000000001	00000000100000000	0000010000100
0000000000000000000	10001010000000000	0000000000000000000000	0000000000000000010000000	00100000000000000	0000000110000
0000000000000100100	01100000000000000	0000001100000000000000	0100000000000000000000001	00000000100000000	0000010000000
0000000000000000000	00000000010000000	0000000000000000000010	0000000001000000001000010	00000000001000000	0000000000001
0000000000000000100	01100000000000000	0100001000000000010100	0100000100000000000000001	00000000100000000	0000011000100
0000000000000000010	00001010001000000	0001000000000101000000	0010000000000001100000000	00000000000000000	0000100000000
0000000000000000100	01100000000000000	0100001000000000010100	0100000100100000000000001	00000000100000000	0000010000000
0000000000000000000	10001010000000000	0000000000000000000000	0000000000000000000000000	00100000000000000	0000000110000
