00000000000100000100	000100000100000000000	00000000000000000000	00000000000000000	00000000000000000000	00000000000000000100
00000000000000000000	000000000010000000000	00000000000000000000	00000000000000000	00000000000000100000	00000000000000000000
00000000000000000000	000000000000000000000	01000001000000000000	00100000000010000	00000000000000000100	00000000000001100010
00000000010000000000	000000000000000100000	00000000000000001000	00000000000000000	00100000000000000000	00000000010000000000
00010000000000010000	000000000000000000000	01100000000000000000	00000000000000000	00000000000000000000	00000000000000110010
00000000000000000000	000000000000000010000	00000000000000000000	00000000100000000	00000000000000000000	00100000000000000000
01000000000000000000	010000000000000000000	00010000000010000010	00000100000000001	00000000001101000000	00000000000010000000
00000000000100000101	000000000000000000000	00000000000000000001	00000000000000100	01000000000000000000	00000000000000000100
00000000000000010010	000000000000000000000	01100000000000000000	00000000000001000	00000000000000000000	00000000000000100010
00000000000000010000	001000000000000000000	01100000000000010000	00000000000001000	00000000000000000000	00000000000000100010
00000010000000000000	000000000001000000000	00000000000000000000	00000000000000000	00010000010000000000	00000100000000000000
00000000000000000000	000000000000010010001	00000010000000000000	01000000100000000	00000000000010000000	00100001000000000000
00000000000000000000	000000000000000010000	00000000001000000000	10000010110000000	00000000000000000000	00100000000000000000
00000000000000000000	000000000000000000000	01000001000000000000	00100000000010000	00000000000000000100	00000000000001100010
00000000000000000000	000000000000000000000	00000000000000000000	00010000000000010	00000000000000000000	00000000000000000000
00000000000100000100	000100000100000000000	00000000000000000000	00000000000000000	00000000000000000000	00000000000000000100
00000000000101000100	000100100000000000000	00000000000000000000	00000000000000000	00000000000000000000	00000000000000000100
00000000000000000000	000000000010000000000	00000000000000000000	00000000000000000	00000000000000100000	00000000000000000000
01000000000000000000	010000010000000000000	00010000000000000010	00000100000000001	00000000001101000000	00000000000010000000
00000000000100000100	000100000000000000000	00000000000000000000	00000000000000000	00000000000000000000	00010000000000001100
00000000000000000000	000000000000000000000	01000001000000000000	00000000000000000	00000000000000000100	00000000000001100010
00000000000000000000	000000000000000000000	01000001000000000000	00100000000010000	00000000000000000100	00000000000001100010
01000000000000000000	010000000000000000000	00010000000010000010	00000100000000001	00000000001101000000	00000000000010000000
00000000000010010000	000000000000000000000	01100000000000000000	00000000000001000	00000000000000000000	00000000100000100010
00000000000100000100	000100000000000000000	00000000000000000000	00000000000000000	00000000000000000000	00000000000000000100
00000000000000010000	000000000000000000000	01100000000000000000	00000000000001000	00000000000000000000	00000000000000100010
00010000000000010000	000000000000000000000	01100000000000000000	00000000000000000	00000000000000000000	00000000000000110010
00000000000000000000	000000000010000000000	00000000000000000000	00000000000000000	00000000000000100000	00000000000000000000
00000000000000000000	000000000010000000000	00000000000000000000	00000000000000000	00000000000000100000	00000000000000000000
00000000100000000000	000000000000000000000	00000000100000000000	00000000000000000	00000000000000001000	00000000000000000000
00000000000000000000	000000000000010010001	00000010000000000000	01000000100000000	00000000000010000000	00100001000000000000
00000000001000000000	000010000000000000000	01100000000000000000	00000000000000000	00000000000000000000	00001000000000100010
11000000000000000000	100000000000000000000	00010000000000000000	00000101000000001	00000000001101000010	00000000000010000000
00000000000000000000	000000000000000000000	01000001000000000000	00100000000010000	00000000000000000100	00000000000001100010
00000000001000000000	000010000000000000000	01100000000000000100	00000000000000000	00000000000000000000	00000010000000100010
00000000000000000000	000000000000000000000	01000001000000100000	00000000000000000	00000000000000000000	00000000000000100010
00000000000000000000	000000000000000000000	01000001000000100000	00000000000000000	00000000000000000000	00000000000000100010
00000001000000010000	000000000000000000100	01100000000001000000	00000000000000000	00000100000000000000	00000000000000100010
00000000000100000100	000100000100000000000	00000000000000000000	00000000000000000	00000000000000000000	00000000000000000100
00000000000000000000	000000000010000000000	00000000000000000000	00000000000000000	00000000000000100000	00000000000000000000
00000000000101000100	000100000000000000000	00000000000000000000	00000000000000000	00000000000000000000	00000000000000000100
00000000000000000000	000000000000000100000	00000000000000001000	00000000000000000	00100000000000000000	00000000000000000000
00000000000100000100	000100000100000000000	00000000000000000000	00000000000000000	00000000000000000000	00000000000000000100
00000000000100000101	000000000000000000000	00000000000000000001	00000000000000100	01000000000000000000	00000000000000000100
00000000000101000100	000100100000000000000	00000000000000000000	00000000000000000	00000000000000000000	00000000000000000100
00000000000101000100	000100100000000000000	00000000000000000000	00000000000000000	00000000000000000000	00000000000000000100
00000000000000010000	001000000000000000000	01100000000000000000	00000000000001000	00000000000000000000	00000000000000100010
00000000000000000000	000000000000000010000	00000000000000000000	00000000100000000	00000000000000000000	00100000000000000000
00000000001000000000	000010000000000000000	01100000000000000000	00000000000000000	00000000000000000000	00001000000000100010
00000000000000000000	000000000010000000000	00000000000000000000	00000000000000000	00000000000000100000	00000000000000000000
00000000000100000100	000100000100000000000	00000000000000000000	00000000000000000	00000000000000000000	00000000000000000100
00000000000000000000	000000000000000010000	00000000001000000000	10000010110000000	00000000000000000000	00100000000000000000
00000000000000000000	000000000000000000000	01000001000000000000	00000000000000000	00000000000000000000	00000000000001100011
00000000000010010000	000001000000000000000	01100000000000000000	00000000000001000	00000000000000000000	00000000100000100010
00000000010000000000	000000000000000100000	00000000000000001000	00000000000000000	00100000000000000000	00000000010000000000
00000000000000010000	000000000000000000000	01100000000000000000	00000000000001000	00000000000000000000	00000000000000100010
00000000000100000100	000100000100000000000	00000000000000000000	00000000000000000	00000000000000000000	00000000000000000100
00000000000000000000	000000000000000000000	00000000000000000000	00010000000000010	00000000000000000000	00000000000000000000
00000000000100000100	000100000000000000000	00000000000000000000	00000000000000000	00000000000000000000	00010000000000001100
00000000000000000000	000000000010000000000	00000000000000000000	00000000000000000	00000000000000100000	00000000000000000000
00000000000000000000	000000000000000000000	01000001000000000000	00000000000000000	00000000000000000000	00000000000001100011
00000000000100000101	000000000000000000000	00000000000000000001	00000000000000100	01000000000000000000	00000000000000000100
00001010000000000000	000000000001000000000	00000000000000000000	00000000000000000	00010000010000000000	00000100000000000000
00010000000000010000	000000000000000000000	01100000000000000000	00000000000000000	00000000000000000000	00000000000000110010
00000000000000000000	000000000000000000000	00001000100000000000	00000000000000000	00000010000000000000	00000000000000000000
00000001000000010000	000000000000000000100	01100000000001000000	00000000000000000	00000100000000000000	00000000000000100010
00000000000000010000	000000000000000000000	01100000000000000000	00000000000000000	00000000000000000000	00000000000000100010
00000000000000000000	000000000010000000000	00000000000000000000	00000000000000000	00000000000000100000	00000000000000000000
00000000000100000100	000100000100000000000	00000000000000000000	00000000000000000	00000000000000000000	00000000000000000100
00010000000000010000	000000000000000000000	01100000000000000000	00000000000000000	00000000000000000000	00000000000000110010
00000000000000010000	000000000000000000000	01100000000000000000	00000000000001000	00000000000000000000	00000000000000100010
00000000000100000101	000000000000000000000	00000000000000000001	00000000000000100	01000000000000000000	00000000000000000100
00000000000000000000	000000000000000010000	00000000000000000000	00000000100000000	00000000000000000000	00100000000000000000
00000000000000010000	001000000000000000000	01100000000000010000	00000000000001000	00000000000000000000	00000000000000100010
00000000001000000000	000010000000000000000	01100000000000000000	00000000000000000	00000000000000000000	00001000000000100010
00000000000101000100	000100100000000000000	00000000000000000000	00000000000000000	00000000000000000000	00000000000000000100
00000000000000010000	000000000000000000000	01100000000000000000	00000000000000000	00000000000000000000	00000000000000100010
00000000000000000000	000000000000010010001	00000010000000000000	01000000100000000	00000000000010000000	00100001000000000000
00000000000100000100	000100000000000000000	00000000000000000000	00000000000000000	00000000000000000000	00010000000000001100
00000000000100000101	000000000000000000000	00000000000000000001	00000000000000100	01000000000000000000	00000000000000000100
01000000000000000000	010000000000000000000	00010000000010000010	00000100000000001	00000000001101000000	00000000000010000000
00000001000000010000	000000000000000000100	01100000000001000000	00000000000000000	00000100000000000000	10000000000000100010
00000000000000100000	000000000000000000000	00000000000000000000	00000000000000000	00000001000000000001	00000000000100000000
00000000000000000000	000000000000100000000	01000001000000000000	00000000000000000	00000000000000000000	00000000000001100011
01000000000000000000	010000000000000000000	00010000000010000010	00000100000000001	00000000001101000000	00000000000010000000
11000000000000000000	100000001000000000000	00010000000000000000	00000101000000001	00000000001101000000	00000000000010000000
00000100000100000100	000100000000000000000	00000000000000000000	00000000000000000	00000000000000000000	00010000000000001100
00000000000000000000	000000000000000000000	00001000100000000000	00000000000000000	00000010000000000000	00000000000000000000
00000000000000010000	001000000000000000000	01100000000000010000	00000000000001000	00000000000000000000	00000000000000100010
00000000000100000100	000100000100000000000	00000000000000000000	00000000000000000	00000000000000000000	00000000000000000100
00000000000000000000	000000000000000000000	01000001000000000000	00100000000010000	00000000000000000100	00000000000001100010
00000000000000000000	000000000000000000000	00000000100000000000	00001000000000000	00000000000000000000	00000000001000000000
01000000000000000000	010000000000000000000	00010000000010000010	00000100000000001	00000000001101000000	00000000000010000000
00000000000100000100	000100000100000000000	00000000000000000000	00000000000000000	00000000000000000000	00000000000000000100
01000000000000000000	010000000000000000000	00010000000010000010	00000100000000001	00000000001101000000	00000000000010000000
01000000000000000000	010000000000000000000	00010000010010000010	00000100000000001	00000000001101000000	00000000000010000000
00000000000000000000	000000000010000000000	00000100000000000000	00000000000000000	00000000000000100000	00000000000000000000
00000000010000000000	000000000000000100000	00000000000000001000	00000000000000000	00100000000000000000	00000000010000000000
00000000000100000100	000100000100000000000	00000000000000000000	00000000000000000	00000000000000000000	00000000000000000100
00001010000000000000	000000000001000000000	00000000000000000000	00000000000000000	00010000010000000000	00000100000000000000
01000000000000000000	010000000000000000000	00010000000010000010	00000100000000001	00000000001101000000	00000000000010000000
00000000000000000000	000000000000010010001	00000010000000000000	00000000100000000	00000000000010000000	00100000000000000000
00100000000000010000	000000000000000000000	01100000000000000000	00000000000001000	00000000000000000000	00000000000000100010
00000000000000010000	000000000000000000000	01100000000000000000	00000000000000000	00000000000000000000	01000000000000100010
00000000000000000000	000000000010000000000	00000000000000000000	00000000000000000	00000000000000100000	00000000000000000000
00000000000100000100	000100000100000000000	00000000000000000000	00000000000000000	00000000000000000000	00000000000000000100
00000000000000000000	000000000000000000000	01000001000000100000	00000000000000000	00000000000000000000	00000000000000100010
00000000000000010000	000000000000000000000	01100000000000000000	00000000000000000	00000000000000000000	00000000000000100010
00000000000100000100	000100000100000000000	00000000000000000000	00000000000000000	00000000000000000000	00000000000000000100
00000000000000000000	000000000000000000000	01000001000000000000	00000000000000000	00000000000000000000	00000000000001100010
00000000000000000000	000000000000000100000	00000000000000001000	00000000000000000	00100000000000000000	00000000010000000000
00000000000000010000	001000000000000000000	01100000000000010000	00000000000001000	00000000000000000000	00000000000000100010
00000000000100000100	000100000000000000000	00000000000000000000	00000000000000000	00000000000000000000	00000000000000000100
00000000000000000000	000000000000100000000	01000001000000000000	00000000000000000	00000000000000000000	00000000000001100011
00000000000000010000	000000000000000000000	01100000000000000000	00000000000000000	00000000000000000000	00000000000000100010
00000000000100000101	000000000000000000000	00000000000000000001	00000000000000100	01000000000000000000	00000000000000000100
00000000000000000000	000000000010000000000	00000000000000000000	00000000000000000	00000000000000100000	00000000000000000000
00000000000000000000	000000000000000000000	00001000100000000000	00000000000000000	00000000000000000000	00000000000000000000
00000000000000000000	000000000000100000000	01000001000000000000	00000000000000000	00000000000000000000	00000000000001100011
00000000000000010000	001000000000000000000	01100000000000010000	00000000000001000	00000000000000000000	00000000000000100010
00000000000000000000	000000000000000000000	01000001000000000000	00100000000010000	00000000000000000100	00000000000001100010
00000000000000000000	000000000000000000000	01000001000000000000	00000000000000000	00000000000000000100	00000000000001100010
01000000000000000000	010000000000000000000	00010000000010000010	00000100000000001	00000000001101000000	00000000000010000000
01000000000000000000	010000000000000000000	00010000000010000010	00000100000000001	00000000001101000000	00000000000010000000
00000000000100000100	000100000100000000000	00000000000000000000	00000000000000000	00000000000000000000	00000000000000000100
00000000000100000100	000100000000000000000	00000000000000000000	00000000000000000	00000000000000000000	00000000000000000100
00000000000000000000	000000000000000000000	01000001000000000000	00000000000000000	00000000000000000000	00000000000001100011
00000000000100000100	000100000000000000000	00000000000000000000	00000000000000000	00000000000000000000	00010000000000001100
00000000000000000000	000000000000000000000	01000001000000000000	00000000000100000	00000000100000010000	00000000000001100010
00000000000000000000	000000000000000010000	00000000000000000000	00000000100000000	00000000000000000000	00100000000000000000
11000000000000000000	100000000000000000000	00010000000000000000	00000101000000001	00000000001101000010	00000000000010000000
00000000000100000101	000000000000000000000	00000000000000000001	00000000000000100	01000000000000000000	00000000000000000100
00000000001000000000	000010000000000000000	01100000000000000000	00000000000000000	00000000000000000000	00001000000000100010
00000000000000000000	000000000010000000000	00000000000000000000	00000000000000000	00000000000000100000	00000000000000000000
00000000000000001000	000000000000000000000	00001000100000000000	00000000000000000	00000000000000000000	00000000000000000000
00000001000000010000	000000000000000000100	01100000000001000000	00000000000000000	00000100000000000000	00000000000000100010
00000000000100000101	000000000000000000000	00000000000100000001	00000000000000100	01000000000000000000	00000000000000000100
00000001000000010000	000000000000000000100	01100000000001000000	00000000000000000	00000100000000000000	00000000000000100010
00000000000000000000	000000000000000000000	01000001000000000000	00100000000010000	00000000000000000100	00000000000001100010
00010000000000010000	000000000000000000000	01100000000000000000	00000000000000000	00000000000000000000	00000000000000110010
00000000000000000000	000000000000000100000	00000000000000001000	00000000000000000	00100000000000000000	00000000010000000000
00000000000000000000	000000000000001011000	00000000000000000000	00000000100000000	00000000000000000000	00100000000000000000
00000000000100000100	000100000100000000000	00000000000000000000	00000000000000000	00000000000000000000	00000000000000000100
00000000000000010000	001000000000000000000	11100000000000010000	00000000000001000	00000000000000000000	00000000000000100010
00000000000100000100	000100000100000000000	00000000000000000000	00000000000000000	10000000000000000000	00000000000000000100
01000000000000000000	010000000000000000000	00010000000010000010	00000100000000001	00000000001101000000	00000000000010000000
00000000100000000000	000000000000000000000	00000000100000000000	00000000000000000	00000000000000001000	00000000000000000000
00000000000000000000	000000000000000000000	00000000000000000000	00010000000000010	00001000000000000000	00000000000000000000
11000000000000000000	100000000000000000010	00010000000000000000	00000101000000001	00000000001101000010	00000000000010000000
00000000000000000000	000000000000000010000	00000000000000000000	00000000101000000	00000000000000000000	00100000000000000000
