000000000000000000	00000100000000000000000	000000000000000000000	00000000000000000	00000000000000000000	00100000000000
000000000000000000	00010000000000000000000	000000000000000000000	00000000001000000	00000000000000000000	00000000101000
000000000000000000	00000000000000000000000	000000000000100000001	00000000000000000	00000000000000010000	00000000000000
000000000000000000	00000000000000000000000	010000000000000000000	00010010000000000	00000000000000000000	00000000101000
000000000000000000	00000000000000000000000	000000010100010000010	00000000000000001	00000000000000000000	00000000000000
000001000000000000	00000000000010000000000	000000000010000000000	00000000000001000	00000000001000000000	10000100000000
010010000000000010	01000000000000010100000	100000000001000000000	00000000000000000	00000000000001000000	00000001000000
000000000000000000	00000000000000000000000	000000000000000000000	00000000000000000	00000000000000010000	00000000000000
000000000000000000	00010000000000000000000	000000000000000000000	00000000001000000	00010000000000001000	00001000101000
000100000000000000	00000000000000000000100	000000000000000000000	00000000000000000	00000000000000010000	00000000000000
100000000000001000	00000001000000000000000	000000000000001000000	10000000000000000	00000000000000000010	00000000000000
000001000000000000	00000000000010000001000	000000000010000000000	00000000000001000	00000000000000000000	10000100000000
100000000000001000	00000001000000000000000	000000000000001000000	10000000000000000	00000000000000000010	00000000000000
000000000000000000	00000000000000000000000	000000000000100000001	00000000000000000	00000000000000010000	00000000000000
000000000000000000	00000100000000000000000	000000100000000001000	00000000000000000	00000000100000000000	00100000000000
000000000000000000	00000000000000000000000	000000000000000000000	00000000000000000	00000000000000010000	00000000000000
000001000000000000	00000000000010000001000	000000000010000000000	00000000000001000	00000000000000000000	10000100000000
000000000000000000	00000100000000000000000	000000000000000000000	00000000000000000	00000000000000000000	00100000000000
000000000000000000	00000000000000000000000	000000000000000000000	00000000000000010	00000000000000010000	00000000000000
000000000000000000	00010000000000000000000	000000000000000000000	00000000001000000	00000000000000000000	00000000101000
000000000000000000	00000000000000000000000	000000000000000000000	00000000000000010	00000000000000010000	00000000000000
100000001000001000	00000000000000000000000	000000000000001000000	10000000000000000	00000000000000000000	00000000000000
000000000000000000	00000000000000000000000	000000010100010000010	00000000000000001	00000000000000000000	00000010000000
000001000000000000	00000000000010000000000	000000000010000000000	00000000000001000	00000000001000000000	10000100000000
100000000000001000	00000000001000000000000	000000000000001000000	10000000000000000	00000000000000000000	00000000000000
000000000000000000	00000100000000000000000	000000000000000000000	00000000000000000	00000000000000000000	00100000000000
000000000000000000	00000100000000001010000	000000000000000000000	00000100100000000	00000001000000000000	00000000000000
000000000000000000	00000000000000000000000	000000010100010000000	00000000000000001	00000000000000000000	00000000000000
000000000000000000	00000000000000000000000	000000000000000000000	00000000000000000	00000000000000010000	00000000000000
000000000000000000	00010000000000000000000	000001000000000000000	00000000001000000	00000000000000000000	00000000101000
000000000000000000	00010000000000000000000	000000000000000000000	00000000001000000	00010000000000001000	00001000101000
000000000000000000	00010000000000000000000	000000000000000000000	00000000001000000	00000000000000000000	00000000111000
000000000000000000	00000000000000000000000	000000000000000000000	00000000000000000	00000000000000010000	00000000000000
000000000000000001	00000000000010000000000	000010000010000000000	00000000000001100	00000100000000000000	00000100000000
000000000000000000	00000100000000000000000	000000000000000001000	00000000000000000	00000000000000000000	00100000000000
000000000000000000	00010000000000000000000	000000000000000000000	00000000001000000	00010000000000001000	00001000101000
000000000000000000	00000000000000000000000	010000000000000000000	00010010000000000	00000000000000000000	00000000101000
000000010000000000	00000000010000000000000	000100000000000010000	00001000000000000	00000000000000010000	00000000000000
000100000000000000	00000000000000000000100	000000000000000000000	00000000000000000	00000000000000010000	00000000000001
100000000000001000	00000001000000000000000	000000000000001000000	10000000000000000	00000000000000000010	01000000000000
000000000000000001	00000000000010000000000	000010000010000000000	00000000000001100	00000100000000000000	00000100000000
000000000000000000	00000000000000000000000	000000000000000000000	00010010000000000	00000000000010000000	00000000101000
100000001000001000	00000000000000000000000	000000000000001000000	10000000000000000	00000000000000000000	00000000000000
000000000000000000	00000000000000000000000	010000000000000000000	00010010000000000	00000000000000000000	00000000101000
000001000000000000	00000000000010000000000	000000000010000000000	00000000000001000	00000000001000000000	10000100000000
000100000000000000	00000000000000000000100	000000000000000000000	00000000000000000	00000000000000010000	00000000000000
000000000000000000	00000000010000000000000	000000000000000000000	00001000000000000	00000000000000010000	00000000000000
000000000000000000	00010000000000000000000	000000000000000000000	00000000001000000	00000000000000000000	00000000101000
100000001000001000	00000000000000000000000	000000000000001000000	10000000000000000	00000000000000000000	00000000000000
000000000000000000	00000100000000000000000	000000000000000001000	00000000000000000	00000000000000000000	00100000000000
000000000000000000	00000000000100000000000	000000000000000000000	00000000000000000	00000000000000010000	00000000000000
100000001000001000	00000000000000000000000	000000000000001000000	10000000000000000	00100000000000000000	00000000000000
000000000000000000	00000100000000000000000	000000000000000000000	00000000000000000	00000000000000000000	00100000000010
100000000000001000	00000001000000000000000	000000000000001000000	10000000000000000	00000000000000000010	00000000000000
000000100000000100	00000000000000000000000	001000000000000000001	00100000000000000	00000000000000010000	00000000000000
000000000000000000	00000100000000000010000	000000000000000000000	00000100000000000	00000000000000000000	00000000000000
000000000000000000	00000100000000000000000	000000000000000001000	00000000000000000	00000000100000000000	00100000000000
100000000000001000	00000001000000000000000	000000000000001000000	10000000000000000	00000000000000000010	00000000000000
100000000000001000	00000001000000000000000	000000000000001000000	10000000000000000	00000000000000000010	00000000000000
000000000000000000	00000000000000000000000	000000000000000000000	00000000000000010	00000000000000010000	00000000000000
000000000000000000	00010000000000000000000	000000000000000000000	00000000001000000	00000000000000000000	00000000111000
000000000000000000	00001000000100000000000	000000000000000000000	00000000000000000	00000000000000010000	00000000000000
000000000000000000	00000100000000000000000	000000000000000000000	00000000000000000	00000000000000000000	00100000000000
000001000000000000	00000000000010000001000	000000000010000000000	00000000000001000	00000000000000000000	10000100000000
000000000000000000	00000100000000000000000	000000000000000000000	00000000000000000	00000000000100000000	00100000000000
000000000000000000	00000000000000000000000	000000010100010000010	00000000000000001	10000000000000000000	00000000000000
000000000000000000	00010000000000000000000	000000000000000000000	00000000001000000	00010000000000001000	00001000101000
100000000000001000	00000001000000000000000	000000000000001000000	10000000000000000	00000000000000000010	00000000000000
100000000000001000	00000000001000000000000	000000000000001000000	10000000000000000	00000000000000000000	00000000000000
000000000000000000	00000000000000000000000	000000010100010000000	00000000000000001	00000000000000000000	00000000000000
000000000000000000	00000000000000000000000	000000000000000000000	00000000000000010	00000000000000010000	00000000000000
000001000000000000	00000000000010000000000	000000000010000000000	00000000000001000	00000000001000000000	10000100000000
000001000000000000	00000000000010000000000	000000000010000000000	00000000000001000	00000000001000000000	10000100000000
000000000000000000	00000000000000000000000	000000010100010000000	00000000000000001	00000000000000000000	00000000000000
000000000000000000	00010000000000000000000	000000000000000000000	00000000001000000	00010000000000001000	00001000101000
000000000000000000	00000100000000000000000	000000000000000001000	00000000000000000	00001010000000000000	00100000000000
000001000000000000	00000000000010000000001	000000000010000000000	00000000000001000	00000000001000000000	10000100000000
000000000000000000	00000100000000000010000	000000000000000000000	00000100000000000	00000000000000000000	00000000000000
000000000000000000	00010000000000000000000	000000000000000000000	00000000001000000	00010000000000001000	00001000101000
000000000000000000	00000000000000000000000	000000000000000000000	00000000000000000	00000000000000010000	00000000000000
000000000000000000	00000100000000001010000	000000000000000000000	00000100100100000	00000001000000000000	00000000000000
000000000000000000	00000000010000000000000	000000000000000000000	00001000000000000	00000000000000010000	00000000000000
000100000000000000	00000000000000000000100	000000000000000000000	00000000000000000	00000000000000010000	00000000000000
000000000000000000	00000100000000000000000	000000000000000000000	00000000000000000	00000000000000000000	00100000000010
000000000000000000	00000000000000000000000	000000000000000000000	00000000000000000	00000000000000010000	00000000000000
000001000000000000	00000000000010000000000	000000000010000000000	00000000000001000	00000000001000000000	10000100000000
000000000000000001	00000000000010000000000	000000000010000000000	00000000000001000	00000100000000100000	00000100000000
000000000000000000	00000000000000000000000	000000000000100000001	00000000000000000	00000000000000010001	00000000000000
000000000000000000	00010000000000000000000	000000000000000000000	00000000001000000	00010000000000001000	00001000101000
000000000000000000	00000000000000000000000	000000000000100000001	00000000000000000	00000000000000010000	00000000000000
000000000000000000	00000100000000001010000	000000000000000000000	00000100100000000	00000001000000000000	00000000000000
000000000001000000	00000100000000000000000	000000000000000000000	00000000000000000	00000000000100000000	00100000000000
100000000000001000	00000000000000000000000	000000000000001000000	10000000000000000	00000000000000000000	00000000000000
000000000000000000	00010000000000000000000	000000000000000000000	00000000001000000	00000000000000000000	00000000101000
000100000000000000	00000000000000000000100	000000000000000000000	00000000000000000	00000000000000010000	00000000000000
000000000000000000	00000000000000000000000	000000000000100000001	00000000000000000	00000000000000010000	00000000000000
000000000000000001	00000000000010000000000	000000000010000000000	00000000000001000	00000100000000000000	00000100000000
000000000000000000	00000100100000100000000	000000000000000000000	00000000010000000	00000000000000000000	00010000000000
100000000000001000	00000001000000000000000	000000000000001000000	10000000000000000	00000000000000000010	01000000000000
000000000000000000	00000100000000000000000	000000000000000000000	00000000000000000	00000000000000000000	00100000000010
000000000000000000	00000100000000000000000	000000000000000000000	00000000000000000	00000000000000000000	00100000000100
000000000000000000	00000100000000000000000	000000000000000000000	00000000000000000	00000000000000000000	00100000000000
000000000000000000	00000100000000000000000	000000000000000000000	00000000000000000	00000000000100000000	00100000000000
000000000000000000	00000100000000000010000	000000000000000000000	00000100000000000	00000000000000000000	00000000000000
000000000000000001	00000000000010000000000	000000000010000000000	00000000000001000	00000100000000100000	00000100000000
000001000000000000	00000000000010000000000	000000000010000000000	00000000000001000	00000000001000000000	10000100000000
000000000000000001	00000000000010000000000	000000000010000000000	00000000000001000	00000100000000100000	00000100000000
000000000000000000	00000000000000000000000	000000000000000000000	00001000000000000	00000000010000010000	00000000000000
000100000000000000	00000000000000000000100	000000000000000000000	00000000000000000	00000000000000010000	00000000000000
000000000000000000	00000000000000000000000	000000000000100000001	00000000000000000	00000000000000010000	00000000000000
000001000000000000	00000000000010000001000	000000000010000000000	00000000000001000	00000000000000000000	10000100000000
000000000000000000	00000000010000000000000	000000000000000100000	00001000000000000	00000000000000010000	00000000000000
000000000000000000	00000100000000000010000	000000001000000000000	00000100000000000	00000000000000000000	00000000000000
000000000000000000	00010000000000000000000	000000000000000000000	00000000001000000	00010000000000001000	00001000101000
100000001000001000	00000000000000000000000	000000000000001000000	10000000000000000	00000000000000000000	00000000000000
000000000000000000	00010000000000000000000	000000000000000000000	00000000001000000	00010000000000001000	00001000101000
000000000000000000	00000000000000000000000	000000000000100000001	00000000000000000	00000000000000010000	00000000000000
100000000000001000	00000000000000000000000	000000000000001000000	10000000000000000	00000000000000000000	00000000000000
000000000000000000	00000000000000000000000	010000000000000000000	00010010000000000	00000000000000000000	00000000101000
000001000000000000	00000000000010000000000	000000000010000000000	00000000000001000	00000000001000000000	10000100000000
000001000000000000	00000000000010000000000	000000000010000000000	00000000000001000	00000000001000000000	10000100000000
000000000000000000	00000000010000000000000	000000000000000100000	00001000000000000	00000000000000010000	00000000000000
000000000000000001	00000000000010000000000	000000000010000000000	00000000000001000	00000100000000100000	00000100000000
000000000000010000	10000000000000000000000	000000000000000000000	00000000000000010	01000000000000010000	00000000000000
000000000000000000	00010000000000000000000	000001000000000000000	00000000001000000	00000000000000000000	00000000101000
000001000000000000	00000000000010000000000	000000000010000000000	00000000000001000	00000000001000000000	10000100000000
000000000000000000	00010000000000000000000	000000000000000000000	00000000001000000	00000000000000000000	00000000101000
001000000000000000	00000000000000000000000	000000010100010000010	00000000000000001	00000000000000000000	00000000000000
000000000000000000	00000000000000000000000	000000000000000000000	00000000000000000	00000000000000010000	00000000000000
000000000000000000	00000000000000000000000	000000000000100000001	00000000000000000	00000000000000010000	00000000000000
000000000100100000	00100010000001000000000	000000000000000000000	01000001000000000	00000000000000000100	00000000000000
000000000000000000	00000100100000100000000	000000000000000000000	00000000010000000	00000000000000000000	00010000000000
000000000000000000	00000000000000000000000	000000000000100000001	00000000000000000	00000000000000010000	00000000000000
100000000000001000	00000001000000000000000	000000000000001000000	10000000000000000	00000000000000000010	00000000000000
000000000000000000	00000000000000000000000	010000000000000000000	00010010000000000	00000000000000000000	00000000101000
000000000000000000	00000100000000000010000	000000000000000000000	00000100000000000	00000000000000000000	00000000000000
000000000000000000	00000100000000000000000	000000000000000001000	00000000000000000	00000000100000000000	00100000000000
000000000000000000	00000100000000000000000	000000000000000000100	00000000000000000	00000000000000000000	00100000000000
100000000000001000	00000000000000000000000	000000000000001000000	10000000000000000	00000000000000000000	00000000000000
000000000110100000	00100010000001000000000	000000000000000000000	01000001000000000	00000000000000000100	00000000000000
000000000000000000	00000000000000000000000	000000000000000000000	00001000000000000	00000000000000010000	00000000000000
000001000000000000	00000000000010000000000	000000000010000000000	00000000000001000	00000000001000000000	10000100000000
000000000000000000	00000100000000000000000	000000000000000000000	00000000000000000	00000000000000000000	00100000000010
100000000000001000	00000000000000000000000	000000000000001000000	10000000000000000	00000000000000000000	00000000000000
000000010000000000	00000000010000000000000	000000000000000010000	00001000000000000	00000000000000010000	00000000000000
000000000000000000	00000000000000000000000	000000000000000000000	00000000000000010	00000000000000010000	00000000000000
000000000000000000	00000100000000000000000	000000000000000000000	00000000000000000	00000000000000000000	00100000000100
000000000000000000	00000000000000000000000	000000010100010000010	00000000000000001	00000000000000000000	00000000000000
000000000000000000	00000000000000000000010	000000010100010000000	00000000000010001	00000000000000000000	00000000000000
000001000000000000	00000000000010000000000	000000000010000000000	00000000000001000	00000000001000000000	10000100000000
