1000000000000000000	00000000010000	1001000000000	000000000000000000	000000000100100001	0100010000000000000
0001000000000000001	00000010000001	0000000000000	000000000000000000	000000000000000000	0000000000000000000
0001000000000000001	00000010000001	0000000000000	000000000000000000	000000000000000000	0000000000001000000
0000010000000001000	01000000000000	0000000000000	000000000000000000	000000110000010000	0001000000000000100
0000000000000010000	00000000000000	0000000000000	000000101000000001	000000000000000000	0000000100000000001
0000000000000000000	00100000000000	0000000000000	000000000000000000	000000000000000000	0000000000000000000
0000010000000001000	01000000000000	0000000000000	000000000000000000	000000110000010000	0001000000000010100
0000000010000100000	00010000000000	0100000000000	000000000001000100	000100000000000000	0010000000000000000
0000100000000010000	00000000000000	0000010000001	000000100000000000	000000000000000000	0000000000000000011
0000000000000010000	00000000000000	0000100000010	000000100000000000	000000000000000000	0000000000000000000
0001000000000000001	00000010000001	0000000000000	000000000000000000	000000000000000000	0000000000000000000
0000000000000100000	00010000000000	0100000000000	000000000000001100	000000000000000010	1010000000100001000
0001000000000000001	00000010000001	0000000000000	000000000000000000	000000000000000000	0000000000000000000
0000000000000010000	00000000000000	0000100000010	000000100000000000	000000000000000000	0000000000000000000
1000000000000000000	00000000010000	1001000000000	000000000000000000	000000000100100000	0100010000000000000
0000010000000000000	00000000000000	0000000000000	000001000000000000	000000001000010000	0000001000000000000
0001000000000000001	00000010000001	0000000000000	000000000000000000	110000000000000000	0000000000001000000
0000000000000010000	00000000000000	0000000000000	000000100000000001	000000000000000000	0000000000000000001
0000010000000000000	00000001000000	0000000000000	000001000000000000	000000001000010000	0000001000000000000
0000000000000100000	00010000000000	0100000000000	000000000000001100	000000000000000010	1010000000100001000
1000000000000000000	00000000010000	1001000000000	000000000000000000	000000000100100000	0100010000000000000
0000000000000010000	00000000000000	0000100000010	000000100000000000	000001000000000000	0000000000000000000
0010010000100000000	00000000000000	0000000000000	000001000000000000	000000001000010000	0000000000000100000
0001000000000000001	00000010000001	0000000000000	000000000000000000	000000000000000000	0000000000001000000
0000000000000100000	00010000000000	0100000000000	000000000000001100	000000000000000010	1010000000100001000
0000000000000100000	00010000000000	0100000000000	000000000000001100	000000000000000010	1010000000100001000
0000010000000000100	00000000000000	0000000000000	000001000000000000	000000001000010000	0000001000000000000
0001000000000000001	00000010000001	0000000000000	000000000000000000	000000000000000000	0000000000000000000
0001000000000000001	00000010000001	0000000000000	000000000000000000	000000000000000000	0000000000001000000
0000000000000010000	00000000000000	0000100000010	000000100000000000	000000000000000000	0000000000000000000
0000010000000001000	01000000000000	0000000000000	000000000000000000	000010110000010000	0001000000000000100
0000000000000010000	00000000000000	0000000000000	000000100000000001	000000000000000000	0000000000000000001
0001000000000000001	00000010000001	0000000000000	000000000000000000	100000000000000000	0000000000001000000
0000000000000100000	00010000000000	0100000000000	000000000000001100	000000000000000010	1010000000100001000
0000000000000000000	00000000001010	0010000000000	000000000000000000	000000000010000000	0000000000000000000
0000010000000000000	00000000000000	0000000000000	000001000000000000	000000001000010000	0000001000000000000
0001001000000000001	00000010000001	0000000000000	000000000000000000	000000000000000100	0000000000000000000
0000000000001100000	00010000000000	0100000000000	000000000001000100	000000000000000000	0010000000000000000
1000000000000000000	00000000010000	1001000000000	000000000000000000	000000000100100000	0100010000000000000
0001000000000000001	00000010000001	0000000000000	000000000000000000	100000000000000000	0000000000001000000
0000000000000000000	00000000001010	0010000000000	000000000000000000	000000000010000000	0000000000000000000
0000010000000000000	00000000000000	0000000000000	000001000000000000	000000001000010000	0000001000000000000
0000000000000010000	00000000000000	0000000000000	000000101000000001	000000000000000000	0000000100000000001
0000000000000010000	00000000000000	0000000000000	000000100000000001	000000000000000000	0000000000000000001
0000000000000010000	00000000000000	0000000000000	000000101000000001	000000000000000000	0000000100000000001
1000000000000000000	00000000010000	1001000000000	000000000000000000	000000000100100000	0100010000000000000
0000000000000010000	00000000000000	0000100000010	000000100000000000	000001000000000000	0000000000000000000
0000000000000010000	00000000000000	0000100000010	000000100000000000	000000000000000000	0000000000000000000
0000000000000100000	00010000000000	0100000000000	000000000000001100	000000000000000010	1010000000100001000
0000010000000001000	01000000000000	0000000000000	000000000000000000	000000110000010000	0001000000000000100
0000100000000010000	00000000000000	0000000000001	110000100000000000	000000000001000000	0000000000000000001
0000100000000010000	00000000000000	0000010000001	000000100000000000	000000000000000000	0000000000000000011
0000000000000010000	00000000000000	0000100000110	000000100000000000	000000000000000000	0000000000000000000
1000000000000000000	00000000010000	1001000000000	000000000000000000	000000000100100001	0100010000000000000
0001000000000000001	00000010000001	0000000000000	000000000000000000	100000000000000000	0000000000001000000
0001000000000000001	00000010000001	0000000000000	000000000000000000	000000000000000000	0000000000000000000
0000000000000100000	00010000000000	0100000000000	001000000000001100	000000000000000010	1010000000100001000
0000000000000010000	00000000000000	0000000000000	000000101000000001	000000000000000000	0000000100000000001
0000000000000100000	00010000000000	0100000000000	001000000000001100	000000000000000010	1010000000100001000
0001000000000000001	00000010000001	0000000000000	000000000000000000	100000000000000000	0000000000001000000
0001000000000000001	00000010000001	0000000000000	000100000000000000	000000000000000000	0000000000000000000
0000000000001100000	00010000000000	0100000000000	000000000001000100	000000000000000000	0010000000000000000
0001001000000000001	00000010000001	0000000000000	000000000000000000	000000000000000100	0000000000000000000
1000000000000000000	00000000010000	1001000000000	000000010000000000	000000000100100000	0100010000000000000
0000010000000000000	00000001000000	0000000000000	000001000000000000	000000001000010000	0000001000000000000
0000100000000010000	00000000000000	0000010000001	000000100000000000	000000000000000000	0000000000000000011
1000000000000000000	00000000010000	1001000000000	000000000000000000	000000000100100000	0100010000000000000
0000000000000100000	00010000000000	0100000000000	000000000000001100	000000000000000010	1010000000100001000
0001000000000000001	00000010000001	0000000000000	000000000000000000	000000000000000000	0000000000000000000
0000010000010001000	11000000100000	0000000000000	000000000000000000	001000000000010000	0001000000000000100
0000000000000010000	00000000000000	0000100000010	000000100000000000	000000000000000000	0000000000000000000
0001001001000000001	00000010000001	0000000000000	000000000000000000	000000000000000100	0000000000000000000
0001000000000000001	00000010000001	0000000000000	000000000000000000	000000000000000000	0000000000000000000
0000000000000010000	00000000000000	0000000000000	000000100000000001	000000000000000000	0000000000000000001
1000000000000000000	00000000010000	1001000000000	000000000000000000	000000000100100000	0100010000000000000
0000000000000100000	00010000000000	0100000000000	000000000000001100	000000000000000010	1010000000100001000
0000000000000100000	00010000000000	0100000000000	000000000000001100	000000000000000010	1010000000100001000
0000000000000100000	00010000000000	0100000000000	000000000000001110	000000000000000010	1010000000100001000
0000000000000010000	00000000000000	0000100000010	000000100000000000	000000000000000000	0000000000000000000
0000000000000010000	00000000000000	0000100000010	000000100000000000	000000000000000000	0000000000000000000
0000000000000100000	00010000000000	0100000000000	000000000001000100	000100000000000000	0010000000010000000
0000000000000100000	00010000000000	0100000000000	001000000000001100	000000000000000010	1010000000100001000
0001000000000000001	00000010000001	0000000000000	000000000000000000	100000000000000000	0000000000001000000
0001001000000000001	00001010000001	0000000000000	000000000100000000	000000000000000100	0000000000000000000
0100000000000010000	00000100000000	0000000000000	000000100000000001	000000000000000000	0000000000000000001
0000000000000000000	00000000001010	0010000000000	000000000000000000	000000000010000000	0000000000000000000
0000000000000010000	00000000000000	0000000000000	000000101000000001	000000000000000000	0000000100000000001
0001000000000000001	00000010000001	0000000000000	000000000000000000	000000000000000000	0000000000001000000
0000000000000010000	00000000000000	0000000000000	000000100000000001	000000000000000000	0000000000000000001
0000000000000100000	00010000000000	0100000000000	001000000000001100	000000000000000010	1010000010100001000
0001001000000000001	00001010000001	0000000000000	000000000100000000	000000000000000100	0000000000000000000
1000000000000000000	00000000010000	1001000000000	000000000000000000	000000000100100000	0100010000000000000
1000000000000000000	00000000010000	1001000000000	000000000000000000	000000000100100000	0100010000000000000
0000100000000010000	00000000000000	0000010000001	000000100000000000	000000000000000000	0000000000000000011
0000010000000000000	00000000000000	0000000000000	000001000000000000	000000001000011000	0000001000000000000
0001000000000000001	00000010000001	0000000000000	000000000000000000	000000000000000000	0000000000000000000
0000100000000010000	00000000000000	0000000000001	110000100000000000	000000000001000000	0000000000000000001
0001001000000000001	00001010000001	0000000000000	000000000100000000	000000000000000100	0000000000000000000
0000000000000010000	00000000000000	0000000000000	000000100000000001	000000000000000000	0000000000000000001
0000000000000010000	00000000000000	0000100000010	000000100000000000	000000000000000000	0000000000000000000
0000010000000000000	00000000000000	0000000000000	000001000000000000	000000001000010000	0000001000000000000
0001001000000000001	00000010000001	0000000000000	000000000000000000	000000000000000100	0000000000000000000
0000010000000001000	01000000000000	0000000000000	000000000000000000	000000110000010000	0001000000000000100
0001000000000000001	00000010000001	0000000000000	000000000000000000	000000000000000000	0000000000000000000
0001000000000000001	00000010000001	0000000000000	000000000000000000	100000000000000000	0000000000001000000
0001000000000000001	00000010000001	0000000000000	000000000000000000	100000000000000000	0000000000001000000
0000000100000010000	00000000000000	0000100000010	000010100000000000	000000000000000000	0000000000000000000
0000000000000010000	00000000000000	0000100000110	000000100000000000	000000000000000000	0000000000000000000
0001000000000000001	00000010000001	0000000000000	000000000000000000	000000000000000000	0000000000000000000
0000010000000001000	01000000000000	0000000000000	000000000000000000	000000110000010000	0001000000000000100
0001001000000000001	00000010000001	0000000000000	000000000000000000	000000000000000100	0000000000000000000
0001000000000000001	00000010000001	0000000000000	000000000000000000	000000000000000000	0000000000000000000
0000000000000010000	00000000000000	0000000000000	000000100000000001	000000000000000000	0000000000000000001
0000000000000100000	00010000000000	0100000000000	000000000000001100	000000000000000010	1010000000100001000
0000010000000001000	01000000000000	0000000000000	000000000000000000	000000110000010000	0001000000000000100
0000000000000010000	00000000000000	0000100000010	000000100000000000	000000000000000000	0000000000000000000
1000000000000000000	00000000010100	1001000000000	000000000000000000	000000000100100000	0100010000000000000
0100000000000010000	00000100000000	0000000000000	000000100000000001	000000000000000000	0000000000000000001
0000000000000100000	00010000000000	0100000000000	000000000000001100	000000000000000010	1010000000100001000
0000000000000010000	00000000000000	0000100000010	000000100000000000	000000000000000000	0000100000000000000
0000000000000010000	00000000000000	0000000010000	000000101010000001	000000000000000000	0000000000000000001
1000000000000000000	00000000010000	1001000000000	000000000000000000	000000000100100000	0100010000000000000
0000000000000010000	00000000000000	0000000000000	000000100000000001	000000000000000000	0000000000000000001
0000000000000010000	00000000000000	0000100000010	000000100000000000	000000000000000000	0000000000000000000
0000000000000010000	00000000000000	0000000000000	000000100000000001	000000000000000000	0000000000000000001
0001000000000000001	00000010000001	0000000000000	000000000000000000	000000000000000000	0000000000001000000
0000000000000010000	00000000000000	0000000000000	000000100000000001	000000000000000000	0000000000000000001
0001001000000000001	00001010000001	0000000000000	000000000100000000	000000000000000100	0000000000000000000
0000000000000100000	00010000000000	0100000000000	000000000000001100	000000000000000010	1010000000100001000
0000100000000010000	00000000000000	0000001101001	000000100000010000	000000000000000000	0000000001000000001
0000000000000100010	00010000000000	0100000000000	000000000000001100	000000000000000010	1010000000100001000
0000000100000010000	00000000000000	0000100000010	000010100000000000	000000000000000000	0000000000000000000
0001001000000000001	00000010000001	0000000000000	000000000000000000	000000000000000100	0000000000000000000
0000100000000010000	00000000000000	0000010000001	000000100000000000	000000000000000000	0000000000000000011
0000010000000000000	00000001000000	0000000000000	000001000000000000	000000001000010000	0000001000000000000
0000000000000010000	00000000000000	0000100000010	000000100000000000	000000000000000000	0000000000000000000
0001000000000000001	00000010000001	0000000000000	000000000000100000	100000000000000000	0000000000001000000
0000010000000000000	00000000000000	0000000000000	000001000000000000	000000001000010000	0000001000000000000
0000000000000010000	00000000000000	0000100000010	000000100000000000	000000000000000000	0000000000000000000
0001000000000000001	00000010000001	0000000000000	000000000000000000	000000000000000000	0000000000001000000
0000000000000010000	00000000000000	0000000000000	000000100000000001	000000000000000000	0000000000000000001
0000100000000010000	00000000000000	0000010000001	000000100000000000	000000000000000000	0000000000000000011
0000000000000010000	00000000000000	0000000000000	000000100000000001	000000000000000000	0000000000000000001
0000010000000001000	01000000000000	0000000000000	000000000000000000	000000110000010000	0001000000000000100
0000010000000001000	01000000000000	0000000000000	000000000000000000	000000110000010000	0001000000000000100
0000000000000100000	00010000000000	0100000000000	000000000000001100	000000000000000010	1010000000100001000
0001000000000000001	00000010000001	0000000000000	000000000000000000	000000000000000000	0000000000001000000
0001000000000000001	00000010000001	0000000000000	000000000000000000	000000000000000000	0000000000001000000
0000000000000010000	00000000000000	0000000000000	000000100000000001	000000000000000000	0000000000000000001
0000000000000010000	00000000000000	0000100000010	000000100000000000	000000000000000000	0000000000000000000
