100000000000000000	00000001000000001	00000100000000000100000	0000000000000000000000110	000000000100000000000	000000000100010000000
000000000000100001	00000000000010100	00000000000000000000000	0000000100000000000000000	000010000010000000000	000000000000000010000
000000000000000000	00000000000000001	00000000000000000100001	0000000000000000000000000	000000000001000000000	000000000000010000000
010001000000000000	00000000000000000	00100000000000000000000	0000000001000000001000000	000000000000010000000	000000000001000000000
000000000000000000	01000000100000000	00001000010000000000010	0000000000000000010000000	000000000000001001001	010000000000000000000
000000000000000000	01010000000000000	00001000010000010000000	0000000000000000000000000	000000000000001001001	010000000000000000000
000000000000100101	00000000000010100	00000000000000000000000	0000000100000000000000000	000010000010000000000	000000000000000010000
000000000000100101	00000000000010100	00000010000000000000000	0000000100000000100000000	000010000010000000000	000000000000000010000
000000000000100001	00000000000010100	00000000000000000000000	0000000100000000000000000	000010000010000000000	000000000000000010000
010001000000000000	00000000000000000	00100000000000000000000	0000000001000100001000000	000000000000010000000	000000000001000000000
000000000000100001	00000000000010100	00000000000000000000000	0000000100000000000000000	000010000010000000000	000000000000000010000
000000000000000000	00001000000000000	00000000000000000000000	0000010000000010000000000	000000000000000000110	000000000000000000010
010001000000000000	00000000000000000	00100000000000000000000	0000000001000000001000000	000000000000010000000	000000000001000000000
000000000000000000	00001000000000000	00000000000000000000000	0000011000000010000000000	100000000000000000010	000000010000000000110
000000000000100001	00000000000010100	00000000000000000000000	0000000100000000000000000	000010000010000000000	000000000000000010000
010001000001000000	00000000000000000	00100000000000000000000	0000000001000000001000000	000000000000010010000	000000000001000000000
000000000000000000	00000000000000011	00000000100000000100001	0000000000000000000000000	000000100000000000000	000000000000010001000
010001000000000000	00000000000000000	00100000000000000000000	0000000001000000001000000	000000000000010000000	000000000001000000000
000000000000000000	01000000000000000	00001000010000000000000	0000000000000000000000000	000100000000001001001	010000000000000000000
000000000000000000	01000000100000000	00001000010000000000010	0000000000000000010000000	000000000000001001001	010000000000000000000
000000000000100101	00000000000010100	00000000000000000000000	0000000100000000000000000	000010000010000000000	000000000000000010000
000000000000000000	00001000000000000	00000000000000000000000	0000011000000010000000000	100000000000000000010	000000010000000000110
000000000000100001	00000000000010100	00000000000000000000000	0000000100000000000000000	000010000010000000000	000000000000000010000
000000000000100101	00000000000010100	00000000000000000000000	0000000100000000000000000	000010000010000000000	000000000000000010000
000000000000100001	00000000000010100	00000000000000000000000	0000000100000000000000000	000010000010000000000	000000000000000010000
000000000000000000	00000000000001000	00000001000010001011100	0010000000000000000000000	000000001010000000000	000000000000001000000
000000000000000000	00001000000000000	00000000000000000000000	0000010000010010000000000	000000000000000000010	000000000000000000010
000000000000100001	00000000000010100	00000000000000000000000	0000000100000000000000000	000010000010000000000	000000000000000010000
000000000000000000	00000000000000000	00001000010000000000000	0000000000000000000010000	000000000000001001001	011000000000000000000
000000000000000000	01000000100000000	00001000010000000000010	0000000000000000010000000	000000000000001001001	010000000000000000000
000000000000000010	00000000000000000	01000000010000000000000	0000000000100000000000000	000000000000000000000	000000000000000000000
010001000000000000	00000000000000000	00100000000000000000000	0000000001000000001000000	000000000000010000000	000000000001000000000
000000000000000000	00001000000000000	00000000000000000000000	0000010000000010000000000	000000000000000000010	000000000000000000010
100000000000000000	00000001000000001	00000100000000000100000	0000000000000000000000110	000000000100000000000	000000000100010000000
000000000000000000	00000010000001000	00000000000010000010000	0000000000000000000000000	000000001010000000000	000000000000000000000
000000000000000000	00000000000000000	00001000010000000000000	0000000000000000000010000	000000000000001001001	011000000000000000000
000000000000000000	00000000000000000	00001000010000000000000	0000000000000000000010000	000000000000001001001	010000000000000000000
000000000000000000	00000000000001000	00000001000010000011000	0010000000000000000000000	000000001010000000000	000000000000001000000
000000000000100001	00000000000010100	00000000000000000000000	0000000100000000000000000	000010000010000000000	000000000000000010000
000000000000000000	00000000000000000	00010000000000000000000	0000100000000000000100000	000001000000000000000	000011001010000000000
010001000000000000	00000000000000000	00100000000000000000000	0000000001000100001000000	000000000000010000000	000000000001000000000
000001000100000000	00000000001000000	00100000000100000000000	0000000001000000000000001	001000000000000000000	100000000000000000000
000000000000101001	00000000000010100	00000000000000000000000	0001000100000000000000000	000010000010000000000	000000000000000010000
000000000000000010	00000000000000000	01000000010000000000000	0000000000100000000000000	000000000000000000000	000000000000000000000
000000000000000000	01000000000000000	00001000010000000000000	0000000000000000000000000	000000000000001001001	010000000000000000000
000000000000000000	00000000000000000	00001000010000000000000	0000000000000000000010000	000000000000001001001	010000000000000000000
001000000000000000	00000010000001000	00000000000010000010000	0000000000000000000000000	000000011010000000000	000000000000000000000
000000000000000000	00001000000000000	00000000000000000000000	0000011000000010000000000	100000000000000000010	000000010000000000110
000000000000000000	00000000000000011	00000000100000000100001	0000000000000000000000000	000000100000000000000	000000000000010001000
000000000000000000	00000000000001000	00000001000010000011000	0010000000000000000000000	000000001010000000000	000000000000001000000
000000000000000000	00000000000000011	00000000100000000100001	0000000000000000000000000	000000100000000000000	000000000000010001000
100000000000000000	00000001000000001	00000100000000000100000	0000000000000000000000110	000000000100000000000	000000000100010000000
000010000000100001	00000000000010100	00000000000000000000000	0000000100000000000000000	000010000010000000000	000000000000000010000
000000000000100101	00000000000010100	00000000000000000000000	0000000100000000000000000	000010000010000000000	000000000000000010000
000000000000100001	00000000000010100	00000000000000000000000	0000000100000000000000000	000010000010000000000	000000000000000010000
000000000000000000	00001000000000000	00000000000000000000000	1000010000000010000000000	000000000000000000010	000000000000000000010
000000000000000000	00000000000000000	01000000010000000000000	0000000000000000000000000	000000000000000000000	000000000000000000000
000000000000000000	00001000000000000	00000000000000000000000	0000010000000010000000000	000000000000000000010	000000000000000000010
000000000000000000	00000000000001000	00000001000010001011100	0010000000000000000000000	000000001010000000000	000000000000001000000
000000000000000000	00001000000000000	00000000000000000000000	0000010000000010000000000	000000000000000000110	000000000000000000010
000000000000100101	00000000000010100	00000000000000000000000	0000000100000000000000000	000010000010000000000	000000000000000010000
000000000000100001	00000000000010100	00000000000000000000000	0000000100000000000000000	000010000010000000000	000000000000000010000
000000000000000000	00001000000000000	00000000000000000000000	0000010000000010000000000	000000000000000000110	000000000000000000010
000000000000000000	00000000000001000	00000001000010000011000	0010000000000000000000000	000000001010000000000	000000000000001000000
000000000000100001	00000000000010100	00000000000000000000000	0000000100000000000000000	000010000010000000000	000000000000000010000
000000001000000000	00000000000100000	00000000001001000000000	0000000000001000000000000	000000000000000000000	000000000000000000000
000000000000000000	00000000000000000	01000000010000000000000	0000000000000000000000000	000000000000000000000	000000000000000000000
000000000000000000	00000000000000000	00000000000000000000000	0000000000000000000100000	000001000000000000000	000011001010000000000
000000000000000000	00001000000000000	00000000000000000000000	0000010000000010000000000	000000000000000000110	000000000000000000010
000000000000000000	00000000000001000	00000001000010000011000	0010000000000000000000000	000000001010000000000	000000000000001100000
000000000000000000	00001000000000000	00000000000000000000000	0000011000000010000000000	100000000000000000010	000000010000000000110
010001000000000000	00000000000000000	00100000000000000000000	0000000001000000001000000	000000000000010000000	000000000001000000000
000000000000000000	01000000000000000	00001000010000000000000	0000000000000000000000000	010000000000001001001	010100000000000000000
000000000000100101	00000000000010100	00000000000000000000000	0000000100000000000000000	000010000010000000000	000000000000000010000
000000000000000000	00000000000000000	00001000010000000000000	0000000000000000000010000	000000000000001001001	010000000000000000000
001000000000000000	00000010000001000	00000000000010000010000	0000000000000000000000000	000000011010000000000	000000000000000000000
000000000000000000	00000000000001000	00000001000010001011100	0010000000000000000000000	000000001010000000000	000000000000001000000
000000000000010000	00001000000000000	00000000000000000000000	0000010000000010000000000	000000000000000000010	000000000000000000010
000000000000000000	00000000000000000	01000000010000000000000	0000000000000000000000000	000000000000000000000	000000000000000000000
100000000000000000	00000001000000001	00000100000000000100000	0000000000000000000000110	000000000100000000000	000000000100010000000
000000000000000000	00000000000000000	00000000000000000000000	0000000000000000000101000	000001000000000100000	000011001010000000000
000000000000000000	00001000000000000	00000000000000000000000	0000010000010010000000000	000000000000000000010	000000000000000000010
000000000000100001	00000000000010100	00000000000000000000000	0000000100000000000000000	000010000010000000000	000000000000000010000
000000000000100001	00000000000010100	00000000000000000000000	0000000100000000000000000	000010000010000000000	000000000000000010000
000000000000000000	00001000000000000	00000000000000000000000	1000010000000010000000000	000000000000000000010	000000000000000000010
000000000000000000	00000000000000000	00000000000000000000000	0000000000000000000100000	000001000000000000000	000011001010000000000
000000000000000000	00000000000000000	01000000010000000000000	0000000000000000000000000	000000000000000000000	000000000000000000000
100000000000000000	00000101000000001	00000000000000000100000	0100000000000000000000100	000000000000000000000	000000000000010000000
010001000000000000	00000000000000000	00100000000000000000000	0000000001000000001000000	000000000000010000000	000000000001000000000
000001000100000000	00000000001000000	00100000000100000000000	0000000001000000000000001	001000000000000000000	100000000000000000000
100000000000000000	00000101010000001	00000000000000000100000	0000000000000000000000100	000000000000000000000	000000000000110000000
000000000000000000	00000000000000000	01000000010000000000000	0000000010000001000000000	000000000000000000000	000000000000000000000
000000000000000000	00001000000000000	00000000000000000000000	0000010000000010000000000	000000000000000000110	000000000000000000010
000001000100000000	00000000001000000	00100000000100000000000	0000000001000000000000001	001000000000000000000	100000000000000000000
000000000000000000	00000000000000000	00001000010000000000000	0000000000000000000000000	000000000000001001001	010000100000000000000
000000000000000000	00000000000000000	00000000000000000000000	0000000000000000000100000	000001000000000000000	000011001010000000000
000000100000000000	00100000000001000	00000001000010001011100	0010000000000000000000000	000000001010000000000	000000000000001000000
010001000000000000	00000000000000000	00100000000000000000000	0000000001000000001000000	000000000000010000000	000000000001000000000
000000000000000000	00000000000000000	01000000010000000000000	0000000000000000000000000	000000000000000000000	000000000000000000000
010001000000000000	00000000000000000	00100000000000000000000	0000000001000000001000000	000000000000010000000	000000000001000000000
000000000000000000	00000000000000000	01000000010000000000000	0000000000000001000000000	000000000000000000000	000000000000000000000
000000000000000000	10001000000000000	00000000000000000000000	0000010000000010000000000	000000000000000000010	000000000000000000010
000000000000000000	00001000000000000	00000000000000000000000	0000010000000010000000000	000000000000000000110	000000000000000000010
100000000000000000	00000101000000001	00000000000000000100000	0000000000000000000000100	000000000000000000000	000000000000110000000
000000000000000000	00000000000000000	00010000000000000000000	0000100000000000000100000	000001000000000000000	000011001010000000000
000000000000000000	00000000000000000	01000000010000000000000	0000000000000000000000000	000000000000000000000	000000000000000000000
000000000000000000	00001000000000000	00000000000000000000000	0000010000000010000000000	000000000000000000110	000000000000000000010
000000000000000000	00000000000000011	00000000100000000100001	0000000000000000000000000	000000100000000000000	000000000000010001000
000000000000000000	00000000000000000	00001000010000000000000	0000000000000000000000000	000000000000001001001	010000100000000000000
100000000000000000	00000001000000001	00000100000000000100000	0000000000000000000000110	000000000100000000000	000000000100010000000
000000000000000000	00000000000000000	01000000010000000000000	0000000000000000000000000	000000000000000000000	000000000000000000000
000000000000100001	00000000000010100	00000000000000000000000	0000000100000000000000000	000010000010000000000	000000000000000010000
000001000000000000	00000000001000000	00100000000000000000000	0000000001000000000000001	001000000000000000000	100000000000000000001
000000000000000000	00000000000000011	00000000100000000100001	0000000000000000000000000	000000100000000000000	000000000000010001000
000000000000100001	00000000000010100	00000000000000000000000	0000000100000000000000000	000010000010000000000	000000000000000010000
000000000000000000	00000000000000000	00010000000000000000000	0000100000000000000100000	000001000000000000000	000011001010000000000
000000000000000000	00000000000000011	00000000100000000100001	0000000000000000000000000	000000100000000000000	000000000000010001000
000000000000100001	00000000000010100	00000000000000000000000	0000000100000000000000000	000010000010000000000	000000000000000010000
000000000000000000	00000000000001000	00000001000010001011100	0010000000000000000000000	000000001010000000000	000000000000001000000
000000000000000000	00000000000001000	00000001000010000011000	0010000000000000000000000	000000001010000000000	000000000000001000000
000000000000100001	00000000000010100	00000000000000000000000	0000000100000000000000000	000010000010000000000	000000000000000010000
000000000000000000	00001000000000000	00000000000000000000000	0000010000010010000000000	000000000000000000010	000000000000000000010
000000000000000000	00000000000001000	00000001000010000011000	0010000000000000000000000	000000001010000000000	000000000000001000000
100000000010000000	00000001000000001	00000100000000000100000	0000000000000000000000110	000000000100000000000	000000000100010000000
000100000000100101	00000000000010100	00000000000000000000000	0000000100000000000000000	000010000010000000000	000000000000000010000
000000000000100001	00000000000010100	00000000000000000000000	0000000100000000000000000	000010000010000000000	000000000000000010000
000000000000000010	00000000000000000	01000000010000000000000	0000000000100000000000000	000000000000000000000	000000000000000000000
000000000000000000	00000000000001000	00000001000010000011000	0010000000000000000000000	000000001010000000000	000000000000001000000
000000100000000000	00100000000001000	00000001000010001011100	0010000000000000000000000	000000001010000000000	000000000000001000000
010001000000000000	00000000000000000	00100000000000000000000	0000000001000000001000000	000000000000010000000	000000000001000000000
000001000000000000	00000000001000000	00100000000000000000000	0000000001000000000000001	001000000000000000000	100000000000000000001
000000000000000000	00001000000000000	00000000000000000000000	0000010000000010000000000	000000000000000000010	000000000000000000010
100000000000000000	00000001000000001	00000100000000000100000	0000000000000000000000110	000000000100000000000	000000000100010000000
100000000000000000	00000001000000001	00000100000000000100000	0000000000000000000000110	000000000100000000000	000000000100010000000
000000000000100101	00000000000010100	00000010000000000000000	0000000100000000100000000	000010000010000000000	000000000000000010000
000000000000000000	00000000000000000	00001000010000000000000	0000000000000000000000000	000000000000001001001	010000100000000000000
000000010000000000	00000000000000001	00000000000000100100001	0000000000000000000000000	000000000000000000000	000000000000010000000
100000000000000000	00000101010000001	00000000000000000100000	0000000000000000000000100	000000000000000000000	000000000000110000000
000000000000000000	00000010000001000	00000000000010000010000	0000000000000000000000000	000000011010000000000	000000000000000000000
000000000000000000	00000000000000000	00000000000000000000000	0000000000000000000101000	000001000000000100000	000011001010000000000
010001000000000000	00000000000000000	10100000000000000000000	0000000001000000001000000	000000000000110000000	000000000001000000000
000000000000100001	00000000000010100	00000000000000000000000	0000000100000000000000000	000010000010000000000	000000000000000010000
010001000001000000	00000000000000000	00100000000000000000000	0000000001000000001000000	000000000000010000000	000000000001000000000
000000000000100001	00000000000010100	00000000000000000000000	0000000100000000000000000	000010000010000000000	000000000000000010000
000000000000000000	00000000000000000	00010000000000000000000	0000100000000000000100000	000001000000000000000	000011001010000000000
000000000000000000	00000000000000000	00000000000000000000000	0000000000000000000101000	000001000000000100000	000011001010000000000
000000000000100001	00000000000010100	00000000000000000000000	0000000100000000000000000	000010000010000000000	000000000000000010000
000000000000100001	00000000000010100	00000000000000000000000	0000000100000000000000000	000010000010000000000	000000000000000010000
000000000000000000	00001000000000000	00000000000000000000000	0000010000000010000000000	000000000000000000010	000000000000000000010
000000000000100001	00000000000010100	00000000000000000000000	0000000100000000000000000	000010000010000000000	000000000000000010000
