00000000000100000000000000010	10000000000000000000001001000000001	00000000000000000000000000000	000000011000000000000000000000000	000000010000000000000000	001000000000000000000000000000000
00000000000000000000000000000	00000000000000001000000000000000000	00000000000000000000100010000	000000000000001000100000000000000	000000000000000000000000	000000000000000000000000000000000
00000000000100000000000000010	10000000000000000000001001000000001	00000000000000000000000000000	000000011000000000000000000000000	000000000000000000000000	001000000000000000000000000000000
00000001010000000000000000000	00000000010000000000000000000000000	00010000000000000000000000000	000000000010010000000000010000000	000000000000100000000000	010100000000001000000000000000010
00000000000000010000000000000	00000000000000000000000000000000000	01000000001000110000000000001	001000000000000000010000000000000	000000000000000000000000	000000000000000000000000000000000
00000000000000000000000000000	00000000000000001000000000010000000	00000000000000000000000010000	000000000000000000100000000000000	000001000000000000000000	000000000000000000000000000000000
00000000000100000000000000010	10000000000000000000001001000000001	00000000000000000000000000000	000000011000000000000000000000000	000000000000000000000000	001000000000000000000000000000000
00000001010000000000000000000	00000000010000000000000000000000000	00010000000000000000000000000	000000000000010000000000000000000	000000000000100000000000	010100000000001000000000000000000
00000000000100000000000000010	10000000000000000000001001000000001	00000000000000000000000000000	000000011000000000000000000000000	000000000000000000000100	001000000000000000000000000000000
00000000000001000000000000000	00000000000000000000000000000000010	00000000000000000000000000000	000100000000000000000000000000010	000000000010000000000000	000000000000000000000100000000000
00000000000000010000000000000	00000000000000000000000000000000000	01000000001000110000000000001	001000000000000000010000000000000	000000000000000000000000	000000000000000000000000000000000
00000001000000000010000000000	00000000000000000000000000000000100	00010000000000000010000000000	000000000000010000000000000000000	000000001000110010000000	010100000001100000000000000000100
00000000000100000000000000010	10000000000000000000001001000000001	00000000000000000000000000000	000000011000000000000000000000000	000000000000000000000000	001000000000000000000000000000000
00000000000000000000000000000	00000000000000001000000000010100000	00000000000000000000000010000	000000000000000000100000000000000	000000000000000000000000	000000000000000000000000000000000
00000000000001000000000000000	00000000000000000000000000000000010	00000000000000000000000000100	000100000000000000000000000000010	000000000010000000000000	000000000000000000000100000000000
00000000000100000000000000010	10000000000000100000001001000000001	00000000000000000000010000000	000000011000000000000000000000000	000000000000000000000000	001000000000000000000000000000000
00000001000000000000000000001	00000000001000010000000000000000000	00000000000000000000000000000	000000000000100000000000000000001	001000000100000000000000	010000010000000000000000000000000
00000000000000000000000000000	00000000000000001000000000000000000	00000000000000000000000010000	000000000000000000100100000100000	000000000000000000000000	000000001000000000000000000000000
00000000000100000000000000110	10000000000000000000001001000000001	00000000000000000000000000000	000000011000000000000000000000000	000000000000000000000000	001000000000000000010000000000000
00000001000000000000000000000	00000000000000000001010000000000000	00010000000000000010000000000	000001000000010000000000100000000	000000001000100000000000	010100000000000000000000000000000
00000001010000000000000000000	00000000010000000000000000000000000	00010000000000000000000000000	000000000000010000000000000000000	000000000000100000000000	010100000000001000000000000000000
00000000000100100000000000010	10000000000000000000001001000000001	00000000000000000000000000000	000000011000000000000000000000000	000000000000000000000000	001000000000000000000000000000000
00000000000100000000000100010	00000010000000000000100000000000000	00000000000000000000000000000	000000000000000001000000000000000	100000000000000000000000	000000000000000000000000000001000
00000001000000000000000000000	00000000000000000001000000000000000	00010000000000000010000000000	000000000000010000000000000000000	000000001000100000000000	010100000000000000000000000000000
00000000000000010000000000000	00000000000000000000000000000000000	01000000001000110000000000001	001000000000000000010000000000000	000000000000000000000000	000000000000000000000000000000000
00000100000100000000000000010	10000000000000000000000000000000001	00000000000000000000000000000	000000001000000000000000000000000	000000000000001000000000	001000000000000000000000000000000
00000001000000000010000000000	00000000000000000000000000000000000	00010000000000000010000000000	000000000000010000000000000000000	000000001000110010000000	010100000001100000000000000000100
00000001000000000010000000000	00000000000000000000000000000000000	00010000000000000010000000000	000000000000010000000000000000000	000000001000110000000000	010100000000100000000000000000000
00000000000100000000000000010	10100000000000000010001001000000001	00000000000000000000000000000	000000011001000000000000000000000	000010000000000000000000	001000000000000000000000000000000
01000000000001000000000000000	00000100000000000000000000000000000	00000000000000000000000000000	000000000000000000000000000000110	000000000000000000000000	100000000000000001000100000000000
00000000000000000000001000000	00000000000000001000000000010000000	00000000000000000000000010000	000000000000000000100000000000000	000000000000000000000010	000000000000000000000000000000000
00000000000100000000000001010	10000000000000000000001001000000001	00000000000000000000000000000	000000011000000000000000000000000	000000000000000000000000	001000000000000000000000000000000
00000001010000000000000000000	00000000010000000000000000000000000	00010000000000000000000000000	000000000000010000000000000000000	000000000000100000000000	010100000000001000000000000000000
00000000000000000000000000000	01000000000000000000000000001000000	00001000000000000000000000000	000000100000000000000000000000000	000000100000000000000001	000000000010000000000000000000000
00000001010000000000000000000	00000000010000000000000000000000000	00010000000000000000000000000	000000000010010000000000010000000	000000000000100000000000	010101000000001000000000000000000
00000000000100000100000000110	10000000000000000000001001000000001	00000000000000000000000000000	000000011000000000000000000000000	000000000000000000000000	001000000000000000010000000000000
00000001000000000010000000000	00000000000000000000000000000000000	00010000000000000010000000000	000000000000010000000000000000000	000000001000110000000000	010100000001100000000000000000100
00000000000100000000000000010	10000000000000000000001001000000001	00000000000000000000000000000	000000011000000000000000000000000	000000000000000000000000	001000000000000000000000000000000
01000000000001000000000000000	00000100000000000000000000000000000	00000000000000000000000000000	000000000000000000000000000000110	000000000000000000000000	100000000000000001000100000000000
00000000000100000000000000010	10000000000000000000001001000000001	00000000000000000000000000000	000000011000000000000000000000000	000000000000000000000000	001000000000000000000000000000000
00000000000000000000000000000	01000000000000000000000000001000000	00001000000000000000000000000	010000100000000000000000000000000	000000100000000000100000	000000000010000100000000000000000
00000001000000000000000000001	00000000101000010000000000000000000	00000000000000000000000000000	000000000000100000000000000000001	001000000100000000000000	010000010000000000000000000000000
00000001000000000001000000001	00000000000000010000000000000000000	00000000000000000000000000000	100000000000000000000000000000001	001000000100000000000000	010000010000000000000000011000000
00000000000100000100000000110	10000000000000000000001001000000001	00000000000000000000000000000	000000011000000000000000000000000	000000000000000000000000	001000000000000000010000000000000
00000001000000000000000000000	00000000010000000000000000000000000	00010000000000000000000000000	000010000000010000000000000000000	000000000000100000000000	010100000000001000000000000000000
00000000000001000000000000000	00000000000000000000000000000000000	00000000000000000000000000000	000100000000000000000000000000010	000000000010000000000000	000000000000000000000100000000000
00000000000100000000000000010	10000000000001000000001001000000001	00000000000000000000000000010	000000011000000000001000000000000	000000000000000000000000	001000000000000000000000000000000
01000000000001000000000000000	00000100000000000000000000000000000	00000000000000000000000000000	000000000000000000000000000000110	000000000000000000000000	100000000000000001000100000000000
01000000000001000000000000000	00000100000000000000000000000000000	00000000000000000000000000000	000000000000000000000000000000110	000000000000000000000000	100000000000000001000100000000000
00000000000000000000000000000	00000000000000000000000000000000000	00000001100000000100000000000	000000000000000000000000000000000	000000000000000000000000	000000000000000010000000000000000
00000001000000000000000000000	00000000000000000001010000000000000	00010000000000000010000000000	000001000000010000000000000000000	000000001000100000000000	010100000000000000000000000000000
00000000000100100000000000010	10000000000000000000001001000000001	00000100000000000000000000000	000000011000000000000000000000000	000000000000000000000000	001000000000000000000000000000000
00000000000100000100000000110	10000000000000000000001001000000001	00000000000000000000000000000	000000011000000000000000000000000	000000000000000000000000	001000000000000000010000000000000
00000001010000000000000000000	00000000010000000000000000000000000	00010000000000000000000000000	000000000010010000000000010000000	000000000000100000000000	010100100000001000000000000000000
00000000000100000000000000010	10100000000000000010001001000000001	00000000000000000000000000000	000000011001000000000000000000000	000010000000000000000000	001000000000000000000000000000000
00000000000000000000000000000	00000000000000001000000000000000000	00000000000000000000000010000	000000000000000000100100000100000	000000000000000000000000	000000001000000000000000000000000
00000000000000000000100000000	00000000000000000100000000000000000	00000000000010000000001000000	000000000000000000000010000000000	000000000000000001000000	000000000000000000000001000000000
00000001010000000000000000000	00000000010000000000000000000000000	00010000000000000000000000000	000000000010010000000000010000000	000000000000100000000000	010100000000001000000000000100000
00000000000000010000000000000	00000000000000000000000000000000000	01000000001000110000000000001	001000000000000000010000000000000	000000000000000000000000	000000000000000000000000000000000
00000001000000000000000000001	00000000000000010000000000000000000	00000000000000000000000000000	100000000000000000000000000000001	001000000101000000000000	010000010000000000000000010000000
00000010000100000000000000010	10000000000000000000001001000000001	00000000000000000000000000000	000000011000000000001000000000000	000000000000000000000000	001000000000000000000000000000000
00100001000000000010000000000	00010000000000000000000000000000000	00110000010000000010000000000	000000000000010100000000000000000	000100001000100000000000	010100000100100000000000000000000
00000000000000000000000000000	00000000000000001000000000000000000	00000000000000000000000010000	000000000000000000100000000100000	000000000000000000000000	000000001000000000000000000000000
00000000000100100000000000010	10000000000000000000001001000000001	00000100000000000000000000000	000000011000000000000000000000000	000000000000000000000000	001000000000000000000000000000000
00000000000001000000000000000	00000001000000000000000000000000000	00000000000000000000000000000	000000000000000000000000000000010	000000000000000000001000	000000000000010000000100100000000
00000001000000000000000000000	00000000000000000001000000000000000	00010000000000000010000000000	000000000000010000000000000000000	000000001000100000000000	010100000000000000000000000000000
00000001000000000000000000001	00000000000000010000000000000010000	00000000000000000000000000000	100000000000000000000000000000001	001000000100000000000000	010000010000000000000000010000000
00000000000000001000000000000	00000000000000000000000000000000000	00000001100000000100000000000	000000000000000000000000000000000	000000000000000000000000	000000000000000010000000000000000
00000000000100000000000000010	10000000000000000000001001000000001	00000000000000000000000000000	000000011000000000000000000000000	000000000000000000000000	001000000000000000000000000000000
00000000000100000000000000010	10000000000000000000001001000000001	00000000000000000000000001000	000000011000000000000000000000000	000000000000000000000000	001000000000000000000000000000000
00000001000000000000000000001	00000000101000010000000000000000000	00000000000000000000000000000	000000000000100000000000000000001	001000000100000000000000	010000010000000000001000000010000
00000001011000000000000000000	00000000010000000000000000000000000	00010000000000000000000000000	000000000010010000000000010000000	000000000000100000000000	010100000000001000000000000000000
00000000000100000000000000010	10100000000000000010001001000000001	00000000000000000000000000000	000000011001000000000000000000000	000010000000000000000000	001000000000000000000000000000000
00000000000100100000000000010	10000000000000000000001001000000001	00000100000000000000000000000	000000011000000000000000000000000	000000000000000000000000	001000000000000000000000000000000
00000000000000000000100000000	00000000000000000100000000000000000	00000000000010000000001000000	000000000000000000000010000000000	000000000000000001000000	000000000000000000000001000000000
00000001010000000000000000000	00000000010000000000000000000000000	00010000000000000000000000000	000000000000010000000000000000000	000000000000100000000000	010100000000001000000000000000000
00000000000000000000100000000	00000000000000000100000000000000000	00000000000010000000001000000	000000000000000000000010000000000	000000000000000000000000	000000000000000000000001000000000
00000000000000000000000000000	01000000000000000000000000001000000	00001000000000000000000000000	000000100000000000000000000000000	000000100000000000000001	000000000010000000000000000000000
00000000000110000000000000010	10000000000000000000001001000000001	00000000000000000000000000000	000000011000000000000000000000000	000000000000000000010000	001000000000000000000000000000000
00000000000000000000000000000	00000000000000001000000000000000000	00000000000000000000100010000	000000000000001000100000000000000	000000000000000000000000	000000000000000000000000000000000
00000000000100000000000000010	10000000000000000000001001000000001	00000000000000000000000000000	000000011000000000000000000000000	000000000000000000000000	001000000000000000000000000000000
00000000000000000000000000000	00000000000000001000000000010100000	00000000000000000000000010000	000000000000000000100000000000000	000000000000000000000000	000000000000000000000000000000000
00000001010000000000000000000	00000000010000000000000000000000000	00010000000000000000000000000	000000000000010000000000000000000	000000000000100000000000	010100000000001000000000000000001
00000000000000000000000000000	01000000000000000000000000101000000	00001000000000000000000000000	000000100000000000000000000000000	000000100000000000000001	000000000010000000000000000000000
00000000000100000000000000010	10000000000000000000001001000000001	00000000000000000000000000000	000000011000000000000000000000000	000000000000000000000000	001000000000000000000000000000000
00010000000100000000010010010	10000000000000000000000001000000001	00000000000100000000000000000	000000001000000000000000000000000	000000000000000000000000	001000000000000000000000000000000
00000000000100000000000000010	10000000000000000000001001000000001	00000000000000000000000001000	000000011000000000000000000000000	000000000000000000000000	001000000000000000000000000000000
00000000000000000000000000000	01000000000000000000000000001000000	00001000000000000000000000000	000000100000000000000000000000000	000000100000000000000001	000000000010000000000000000000000
00000001010000000000000000000	00000000010000000000000000000000000	00010000000000000000000000000	000000000010010000000000010000000	000000000000100000000000	010100000000001000000000000000000
00000001000000000000000000000	00000000010000000000000000000001000	00010000000000000000000000000	000010000000010000000000000000000	000000000000100000000000	010100000000001000000000000000000
00000001000000000010000000000	00000000000000000000000000000000000	00010000010000000010000000000	000000000000010100000000000000000	000100001000100000000000	010100000100100000000000000000000
00000000000000000000001000000	00000000000000001000000000010000000	00000000000000000000000010000	000000000000000000100000000000000	000000000000000000000010	000000000000000000000000000000000
00000000000001000000000000000	00000000000000000000000000000000010	00000000000000000000000000100	000100000000000000000000000000010	000000000010000000000000	000000000000000000000100000000000
00000000000000000000100000000	00000000000000000100000000000000000	00000000000010000000001000000	000000000000000000000010000000000	000000000000000000000000	000000000000000000000001000000000
10000000000100000100000000110	10000000000000000000001001000000001	00000000000000000000000000000	000000011000000000000000000000000	000000000000000000000000	001000000000000000010000000000000
00100001000000000010000000000	00010000000000000000000000000000000	00010010010000000010000000000	000000000000010100000000000000000	000100001000100000000000	010100000100100000000000000000000
00000001000000000010000000000	00000000000000000000000000000000000	00010000000000000010000000000	000000000000010000000000000000000	000000001000110010000000	010100000001100000000000000000100
00000001010000000000000000000	00000000010000000000000000000000000	00010000000000000000000000000	000000000000010000000000000000000	000000000000100000000000	010100000000001000000000000000000
00000000000100000100000000110	10000000000000000000001001000000001	00000000000000000000000000000	000000011000000000000000000000000	000000000000000000000000	001000000000000000010000000000000
00000000000100000100000000110	10000000000000000000001001000000001	00000000000000000000000000000	000000011000000000000000000000000	000000000000000000000000	001000000000000000010000000000000
00000000000001000000000000000	00000000000000000000000000000000010	00000000000000000000000000100	000100000000000000000000000000010	000000000010000000000000	000000000000000000000100000000000
00000001000000000000000000001	00000000101000010000000000000000000	00000000000000000000000000000	000000000000100000000000000000001	001000000100000000000000	010000010000000000000000000000000
00000000000000000000100000000	00000000000000000100000000000000000	00000000000010000000001000000	000000000000000000000010000000000	000000000000000000000000	000000000000000000000001000000000
00000000000100000000000000010	10000000000000100000001001000000001	00000000000000000000010000000	000000011000000000000000000000000	000000000000000000000000	001000000000000000000000000000000
00000000000100000000000000010	10101000000000000010001001000000001	00000000000000000000000000000	000000011001000010000000000001000	000010000000000000000000	001000000000000000100000000000000
00000000000100100000000000010	10000000000000000000001011000000001	00000000000000000000000000000	000000011000000000000000000000000	000000000000000000000000	001000000000000000000000000000000
00000000000100100000000000010	10000000000000000000001001000000001	00000000000000000000000000000	000000011000000000000000000000000	000000000000000000000000	001000000000000000000000000000000
00000000000100000000000000010	10000000000001000000001001000000001	00000000000000000000000000010	000000011000000000001000000000000	000000000000000000000000	001000000000000000000000000000000
00000000000100000000000000010	10000000000000000000001001000000001	00000000000000000000000000000	000000011000000000000000000000000	000000000000000100000000	001000000000000000000000000000000
00010000000100000000010010010	10000000000000000000000001000000001	00000000000100000000000000000	000000001000000000000000000000000	000000000000000000000000	001000000000000000000000000000000
00000000000000000000100000000	00000000000000000100000000000000000	00000000000010000000001000000	000000000000000000000010000000000	000000000000000000000000	000000000000000000000001000000000
00000001000000000000000000000	00000000000000000001010000000000000	00010000000000000010000000000	000001000000010000000000000000000	000000001000100000000000	010100000000000000000000000000000
00000000000000000000000000000	00000000000000001000000000000000000	00000000000000000000000010000	000000000000000000100000000100000	000000000000000000000000	000000001000000000000000000000000
00000001000000000000000000001	00000000001000010000000000000000000	00000000000000000000000000000	000000000000100000000000001000001	011000000100000000000000	010000010000000000000000000000000
00000000000000000000000000000	00000000000000001000000000000000000	00000000000000000000000010000	000000000000000000100000000100000	000000000000000000000000	000000001000000000000000000000000
00000001000000000000000000001	00000000000000010000000000000010000	00000000000000000000000000000	100000000000000000000000000000001	001000000100000000000000	010000010000000000000000010000000
00000000000100000100000000110	10000000000000000000001001000000001	00000000000000000000000000000	000000011000000000000000000000000	000000000000000000000000	001000000000000000010000000000000
00000000000001000000000000000	00000000000000000000000000000000000	00000000000000000000000000000	000100000000000000000000000000010	000000000010000000000000	000000000000000000000100000000000
00000000000100000000000000010	10000000000000000000001001000000001	00000000000000000000000000000	000000011000000000000000000000000	000000000000000000000000	001000000000000000000000000000000
00000001010000000000000000000	00000000010000000000000000000000000	00010000000000000000000000000	000000000010010000000001010000000	000000000000100000000000	010100000000001000000000000000000
00000000000100000000000100010	00000010000000000000100000000000000	00000000000000000000000000000	000000000000000001000000000000000	100000000000000000000000	000000000000000000000000000001000
00000000000000010000000000000	00000000000000000000000000000000000	01000000001000110000000000001	001000000000000000010000000000000	000000000000000000000000	000000000000000000000000000000000
00000000100100000000000000110	10000000000110000000001101000000001	00000000000000000000000100000	000000011000000000000000000000000	000000000000000000000000	001000000000000000010000000000000
00001001000000000000000000001	00000000000000010000000000000000000	00000000000000000000000000000	100000000000000000000000000000001	001000000100000000000000	010000010000000000000000010000000
00000000000000000000100000000	00000000000000000100000000000000000	00000000000010000000001000000	000000000000000000000010000000000	000000000000000001000000	000000000000000000000001000000000
00000000000100000000000000010	10000000000000000000001001000000001	00000000000000000000000000000	000000011000000000000000000000000	000000010000000000000000	001000000000000000000000000000000
00000000000100100000000000010	10000000000000000000001001000000001	00000000000000000000000000000	000000011000000000000000000000000	000000000000000000000000	001000000000000000000000000000000
00000000000100000000000000010	10000000000000000000001001000000001	00000000000000000000000000000	000000011000000000000000000000000	000000000000000000000000	001000000000000000000000000000000
00000000000100000000000000110	10000000000000000000001001000000001	00000000000001000000000000000	000000011000000000000000000000000	000000000000000000000000	001010000000000000010000000000000
00000001010000000000000000000	00000000010000000000000000000000000	00010000000000000000000000000	000000000010010000000001010000000	000000000000100000000000	010100000000001000000000000000000
00000001000000000010000000000	00000000000000000000000000000000000	00010000000000000010000000000	000000000000010000000000000010000	000000001000100000000000	010100000000100000000000000000000
00000001000000000000000000001	00000000001000010000000000000000000	00000000000000000000000000000	000000000000100000000000000000001	001000000100000000000000	010000010000000000000000000000000
00000000000100000000000100010	00000010000000000000100000000000000	00000000000000000000000000000	000000000000000001000000000000000	100000000000000000000000	000000000000000000000000000001000
00000000000110000000000000010	10000000000000000000001001000000001	00000000000000000001000000000	000000011000000000000000000000000	000000000000000000010000	001000000000000000000000000000000
00000000000100000000000000010	10000000000000000000001001000000001	00000000000000001000000000000	000000011000000000000000000000000	000000000000000000000000	001000000000000000000000000000000
00000000000000010000000000000	00000000000000000000000000000000000	01000000001000110000000000001	001000000000000000010000000000000	000000000000000000000000	000000000000000000000000000000000
00000000000100000000000000010	10000000000000000000001001000000001	00000000000000000000000000000	000000011000000000000000000000000	000000000000000000000000	001000000000000000000000000000000
00000000000000000000000000000	01000000000000000000000000001000000	00001000000000000000000000000	000000100000000000000000000000000	000000100000000000000001	000000000010000000000000000000000
00000001000000000000000000001	00000000000000010000000000000010000	00000000000000000000000000000	100000000000000000000000000000001	001000000100000000000000	010000010000000000000000010000000
00000000000000000000000000000	00000000000000001000000000010000000	00000000000000000000000010000	000000000000000000100000000000000	000000000000000000000000	000000000000000000000000000000000
00000000000000000000001000000	00000000000000001000000000010000000	00000000000000000000000010000	000000000000000000100000000000000	000000000000000000000010	000000000000000000000000000000000
00000000000100000000000000010	10000000000001000000001001000000001	00000000000000000000000000010	000000011000000000001000000000000	000000000000000000000000	001000000000000000000000000000000
00000001000000000010000000000	00000000000000000000000000000000000	00010000010000000010000000000	000000000000010100000000000000000	000100001000100000000000	010100000100100000000000000000000
00000000000100000000000000010	10000000000000000000001001000000001	10000000000000000000000000000	000000011000000000000000000000000	000000010000000000000000	001000000000000000000000000000000
00000000000000000000000000000	01000000000000000000000000001000000	00001000000000000000000000000	010000100000000000000000000000000	000000100000000000000000	000000000010000100000010000000000
00000001010000000000000000000	00000000010000000000000000000000000	00010000000000000000000000000	000000000000010000000000000000000	000000000000100000000000	010100000000001000000000000000001
00000000000000010000000000000	00000000000000000000000000000000000	01000000001000110000000000001	001000000000000000010000000000000	000000000000000000000000	000000000000000000000000000000000
00000000000001000000000000000	00000000000000000000000000000000010	00000000000000000000000000000	000100000000000000000000000000010	000000000010000000000000	000000000000000000000100000000000
00000001000000000000000000001	00000000001000010000000000000000000	00000000000000000000000000000	000000000000100000000000000000001	001000000100000000000000	010000010000000000000000000000000
00000000000100100000000000010	10000000000000000000001001000000001	00000000000000000000000000000	000000011100000000000000000000000	000000000000000000000000	001000000000000000000000000000000
