000000000000000010000	0000000000000000000000	000000010000000001001	00000000000000000	00000000000000000000000	000000000100000000
000001001000000000000	0000000000000000000001	000000000000010100000	00000100000001000	00001001000000000000000	000000000000000000
000000000000000010000	0000000000000000000000	000000010000000000001	00000000000000000	00000000000000000000000	000000000000000000
000000000000000010000	0001000000000000000000	000000010000000000001	00000000000000000	00000000000000000000000	000100000001000000
000000000100100100000	0000000100000011010000	000010000000100000000	00001011000000000	00000000000000000000000	000010100000001000
000000010000010000000	0000000000001000000000	000001000000000000000	00000000001000000	00000000000000010010000	000000001000000101
000100000000000010000	0000000000000000000000	000000100000000000000	00000000000000000	00000000000011000000000	000000000000000000
000000010000010000000	0000000000001000000000	000001000000000000000	00000000001000000	00000000000000010010000	000000001000100101
000000000010000010000	0000000000000000000000	000000100000000000000	00000000000000000	00000000000000000000010	000000000000000000
000000001000000000000	0000000010000000000000	001000000001000000000	00000000010000000	00000000000000000000000	000000000000000000
000001001000000000000	0000000000000000000001	000000000000010100000	00000100000000000	00001000000000000000000	000000000000000000
000000000010000010000	0000000000000000000000	000000100000000000000	00000000000000000	00000000000000000000010	000000000000000000
000001001000000000000	0000000000000000000001	000000000000010100000	00000100000000000	00001000000000000000000	000000000000000000
000000000000000010000	0000000000000000000000	000000010100000000001	01000000000100000	00000000000000000000000	000000000000000000
000001001000000000000	0000000000000000000001	000000000000010100000	00000100000001000	00001001000000000000000	000000000000000000
000000000000000010000	0000000000000000000000	000000010000000000001	00000000000000000	00000000000000000000000	000000000000000000
000001101000000000000	0000000000000000000000	000000000000000000000	00000100000000000	00001000000000000000000	000000000000000000
000000001000000000000	0000000010000000000000	001000000001000000000	00000000010000000	00000000000000000000000	000000000000000000
000001001001000000000	0000000000000000000000	000000000000000000000	00000100000000000	00001000000000000000000	000000000000000000
000000010000010000000	0000000000000000000000	000100000000000000000	00000000000000000	10000000000000000000000	000000000000000001
000000010000010000000	0000000000000000000000	000000000000000000000	10000000000000000	00000010000000000000000	000000000000000011
000001001000000000000	0000000000000000000001	000000000000010100000	00000100000001000	00001001100000000000000	000000000000000000
000000000010000010000	0000000000000000000000	000000100000000000000	00000000000000000	00000000000000000000010	000000000000000000
000000010000010000000	0000000000001000100000	000001000000000000000	00000000001010000	00000000000000010010000	000000001000100101
000100000000000010000	0000000000000000000000	000000100000000000000	00000000000000000	00000000000011000000000	000000000000000000
000000000000000010011	0000000000000000000100	000000100000000000000	00000000000000000	00000000000001100000000	000000000000000000
000001101000000000000	0000000000000000000000	000000000000000000000	00000100000000000	00001000000000000000000	000000000000000000
100000000000000010000	0010000000000000000000	000000100000000000000	00000000000000000	00000000000011000000100	000000000000000000
000000010000010000000	0000000000001000000000	000001000000000000000	00000000001000000	00000000000000010010000	000000001000100101
000001001000000001000	0000000000010000000010	000000000000000000000	00010100000000000	00001000000000000000001	000000000000000000
000000000000000010000	1000000000000000000000	000000100000000000000	00000000000000000	00000000000011000000000	000000000000000000
000000001000000000000	0000000010000000000000	001000000000000000000	00000000010000000	00000000000000000000000	000000000000000000
000001001000000000000	0000000000000000000001	000000000000010100000	00000100000001000	00001001000000000000000	000000000000000000
000000010000010000000	0000000000001000000000	000001000000000000000	00000000001000000	00000000000000010010000	000000001000100101
000100000000000010000	0000000000000000000000	000000100000000000000	00000000000000010	00000000000011000000000	001000000000000000
000100000000000010000	0000000000000000000000	000000100000000000000	00000000000000010	00000000000011000000000	000000000000000000
000000001000000000000	0000000010000000000000	001000000000000000000	00000000010000000	00000000000000000000000	000000000000000000
000001001000000000000	0000000000000000000001	000000000000010100000	00000100000001000	00001001000000000000000	000000000000000000
000001001000000000000	0000000000000000000001	000000000000010100000	00000100000000000	00001000000000000000000	000000000000000000
000001001000000001000	0000000000000000000010	000000000000000010000	00010100000000000	00001000000000000000001	000000000000000000
000000000000010000000	0000000000000000000000	010000000000000000000	00100000000000100	00000000000000000001000	000000000000000000
000000000000010000000	0000000000000000000000	000000000000000000000	00100000000000100	00000000000100000001000	000000000000000000
000000000100100100000	0000100100000011010000	000000000000100000000	00001011000000000	00000000000000000000000	000000000000000000
000100000000000010000	0000000000000000000000	000000100000000000000	00000000000000010	00000000000011000000000	010000000000000000
000000000100100100000	0000100100000011010000	000000000000100000000	00001011000000000	00000000000000000000000	000000000000000000
000000010000010000000	0000000000001000000000	000001000000000000000	00000000001000000	00000000000000010010000	000000001000100101
000000000000000010000	0001000000000000000000	000000010000000000001	00000000000000000	00000000000000000000000	000100000001000000
000001001000000000000	0000000000000000000001	000000000000010100000	00000100000001000	00001001000000000000000	000000000000000000
000001001000001001000	0000000000000000000010	000000000000000000000	00010100000000000	01011000000000000000001	000000000000000000
000000010000010000000	0000000000000000000000	000000000000000000000	10000000000000000	00000010000000000000000	000000000000000011
000000000000000010000	1000000000000000000000	000000100000000000000	00000000000000000	00000100001011000000000	000000000000000000
001110000000000010100	0000000000000000000000	000000100000000000000	00000000000000000	00000000000011001000000	000000000000000000
001110000000000010100	0000000000000000000000	000000100000000000000	00000000000000000	00000000000011001000000	000000000000000000
000000001000000000000	0000000010000000000000	001000000001000000000	00000000010000000	00000000000000000000000	000000000000000000
000000010000010000000	0100000000000000000000	000000000000000000000	10000000000000000	00000010010000000000000	000000000000000011
000000010000010000000	0000000000001000000000	000001000000000000000	00000000001000000	00000000000000010010000	000000001000100101
000100000000000010000	0000000000000000000000	000000100000000000000	00000000000000000	00000000000011000000000	000000000000000000
000000010000010000000	0000000000000000000000	000000000000001000000	10000000000000000	00000000000000000000000	000000000000000001
000000000000000010000	0001000000000000000000	000000010000000000001	00000000000000000	00000000000000000000000	000100000001000000
000000001000000000000	0000000010000000000000	001000000000000000000	00000000010000000	00000000000000000000000	000000000000010000
000000000000010000000	0000000000000000000000	010000000000000000000	00100000000000100	00000000000000000001000	000000000000000000
100000000000000010000	0010000000000100000000	000000100000000000000	00000000000000000	00000000000011000000000	000000000000000000
000000001000000000000	0000000010000000000000	001000000010000000000	00000000010000000	00000000000000000000000	000000000000010000
000000000000000010000	0000000000000000000000	000000100000000000000	00000000000000000	00000000000001100000000	000000000000000000
000001001000000000000	0000000000000000000001	000000000000010100000	00000100000001000	00001000000000000000000	000000010000000000
000000000000010000000	0000000000000000000000	010000000000000000000	00100000000000100	00000000000000000001000	000000000000000000
000000001000000000000	0000000010000000000000	001000000000000000000	00000000010000000	00000000000000000000000	000000000000000000
000000000000010000000	0000000000000000000000	000000000000000000000	00100000000000100	00000000000100000001000	000000000000000000
000100000000000010000	0000000000000000000000	000000100000000000000	00000000000000000	00000000000011000000000	000000000000000000
000001001000000001000	0000000000000000000010	000000000000000000000	00010100000000000	00001000000000000000001	000000000000000000
000000000010000010000	0000000000000000000000	000000100000000000000	00000000000000000	00000000000000000000010	000000000000000000
000001001000000001000	0000000000000000000010	000000000000000000000	00010100000000000	00001000000000000000001	100000000000000000
100000000000000010000	0010000000000000000000	000000100000000000000	00000000000000000	00000000000011000000100	000000000000000000
000001001000000001000	0000000000000000000010	000000000000000000000	00010100100000000	00001000000000000000001	000000000000000000
000000000000000010000	0001001000000000000000	000000010000000000001	00000000000000000	00000000000000000000000	000000000001000000
000000000010000010000	0000000000000000000000	000000100000000000000	00000000000000000	00000000000000000000010	000000000000000000
000000001000000000000	0000000010000000000000	001000000000000000000	00000000010000000	00000000000000000000000	000000000000000000
000000010000010000000	0000000000000000000000	000100000000000000100	00000000000000000	10000000000000000000000	000000000000000001
000000010000010000000	0000000000000000000000	000100000000000000100	00000000000000000	10000000000000000000000	000000000000000001
000000001000000000000	0000000010000000000000	001000000000000000000	00000000010000000	00000000000000000000000	000000000000000000
000001001000000000000	0000000000000000000001	000000000000010100000	00000100000000000	00001000000000000000000	000000000000000000
000000010000010000000	0000000000000000000000	000000000000000000000	10000000000000000	00000010000000000000000	000000000000000011
000000010000010000000	0000000000001000000000	000001000000000000000	00000000001000000	00000000000000010010000	000000001000100101
000000001000000000000	0000000010000000000000	001000001000000000000	00000000010000000	00100000000000000000000	000000000000010000
000001001000000000000	0000000000000000000001	000000000000010100000	00000100000001000	00001001000000000000000	000000000000000000
000000000000000010000	0000000000000000000000	000000100000000000000	00000000000000000	00000000000001100000000	000000000000000000
000001001000000001000	0000000000000000000010	000000000000000000000	00010100000000000	00001000000000000000001	000000000000000000
001100000000000010100	0000000000000000000000	000000100000000000000	00000000000000000	00000000000011001000000	000000000000000000
000000010000010000000	0000000000000000000000	000100000000000000100	00000000000000000	10000000000000000000000	000000000000000001
000000000000010000000	0000000000000000000000	010000000000000000000	00100000000000100	00000000000000000001000	000000000000000000
000001001000000001000	0000000000000000000010	000000000000000000000	00010100000000000	00001000000000000000001	000000000000000000
000001001000000001000	0000000000000000000010	000000000000000000000	00010100100000000	00001000000000000000001	000000000000000000
000000000010000010000	0000000000000000000000	000000100000000000000	00000000000000000	00000000000000000000010	000000000000000000
000000000000000010000	0000000000000000000000	000000010000000000001	00000000000000000	00000000000000000000000	000000000000000000
000000000100100100000	0000000100100011010000	000010000000100000000	00001011000000000	00000000000000000000000	000010100000001000
000001001000000001000	0000000000000000000010	000000000000000000000	00010100000000000	00001000000000000000001	000000000000000000
000000000100100100000	0000100100000011010000	000000000000100000000	00001011000000000	00000000000000000000000	000000000000000000
100000000000000010000	0010000000000100000000	000000100000000000000	00000000000000000	00000000000011000000000	000000000000000000
000000010000010000000	0000000000000000000000	000000000000000000000	10000000000000000	00000010000000000000000	000000000000000011
000000000000000010000	0000000000000000000000	000000010000000000001	00000000000000000	00000000000000000000000	000000000000000000
000000010000010000000	0000000000000000000000	000100000000000000100	00000000000000000	10000000000000000000000	000000000000000001
000000010000010000000	0000000000000000000000	000000000000000000000	10000000000000000	00000010000000000000000	000000000000000011
000000000000000010000	1000000000000000000000	000000100000000000000	00000000000000000	00000000000011000000000	000000000000000000
000000010000010000000	0000000000001000000000	000001000000000000000	00000000001000000	00000000000000010010000	000000001000100101
000000010000010000000	0000000000001000000000	000001000000000000000	00000000001000000	00000000000000010010000	000000001000100101
000000001000000000000	0000000010000000000000	001000000000000000000	00000000010000000	00000000000000000000000	000000000000010000
000000000000000010000	0000000000000000000000	100000010000000000001	00000000000000000	00000000000000000000000	000000000000000000
000000000000010000000	0000000000000000000000	010000000000000000000	00100000000000100	00000000000000000001000	000000000000000000
000001001000000000000	0000000000000000000001	000000000000010100000	00000100000001000	00001001000000000000000	000000000000000000
000001001000000001000	0000000000000000000010	000000000000000000000	00010100000000000	00001000000000000000001	000000000000000000
000000000000010000000	0000000000000000000000	010000000000000000000	00100000000000100	00000000000000000001000	000000000000000000
000000010000010000000	0000000000000000000000	000100000000000000100	00000000000000000	10000000000000000000000	000000000000000001
100000000000000010000	0010000000000000000000	000000100000000000000	00000000000000000	00000000000011000000100	000000000000000000
000000000000010000000	0000000000000000000000	000000000000000000000	00100000000000100	00000000000100000001000	000000000000000000
000000010000010000000	0000000000000000000000	000100000000000000100	00000000000000000	10000000000000000000000	000000000000000001
000000001000000000000	0000000010000000000000	001000000001000000000	00000000010000000	00000000000000000000000	000000000000000000
000000010000010000000	0000000000000000000000	000000000000000000000	10000000000000000	00000010000000000000000	000000000000000011
000000000000010000000	0000000000000000000000	010000000000000000000	00100000000000100	00000000000000000001000	000000000000000000
000000000010000010000	0000000000000000000000	000000100000000000000	00000000000000000	00000000000000000000010	000000000000000000
000000000000000010000	0000000000000000000000	000000010000000000001	00000000000000000	00000000000000000000000	000000000000000000
000001001000000000000	0000000000000000000000	000000000000000000000	00000100000000000	00001000000000000100000	000000000000000000
000000001000000000000	0000000010000000000000	001000000000000000000	00000000010000000	00000000000000000000000	000000000000010000
000001001000000000000	0000000000000000000000	000000000000000000000	00000100000000000	00001000000000000000000	000000000000000000
000000000100100100000	0000100100000011010000	000000000000100000000	00001011000000000	00000000000000000000000	000000000000000000
000001001000000000000	0000000001000000000001	000000000000010100000	00000100000001000	00001001000000000000000	000000000000000000
000001001001000000000	0000000000000000000000	000000000000000000000	00000100000000000	00001000000000000000000	000000000000000000
000000010000010000000	0000000000001000000000	000001000000000000000	00000000001000000	00000000000000010010000	000000001000000101
000001001000000000000	0000000000000000000001	000000000000010100000	00000100000001000	00001000000000000000000	000000000000000000
000000000010000010000	0000000000000000000000	000000100000000000000	00000000000000000	00000000000000000000010	000000000000000000
000000001000000000000	0000010010000000000000	001000000000000000000	00000000010000000	00000000000000000000000	000000000000010000
010000010000010000000	0000000000000000000000	000100000000000000000	00000000000000001	10000000000000000000000	000001000000000001
000000010000010000000	0000000000001000000000	000001000000000000000	00000000001000000	00000000000000010010000	000000001000100101
000001001000000001000	0000000000000000000010	000000000000000000000	00010100100000000	00001000000000000000001	000000000000000000
000100000000000010000	0000000000000000000000	000000100000000000000	00000000000000000	00000000000011000000000	000000000000000000
000000000100100100000	0000000100000011010000	000010000000100000000	00001011000000000	00000000000000000000000	000010100000001000
100000000000000010000	0010000000000000000000	000000100000000000000	00000000000000000	00000000000011000000100	000000000000000000
000000000010000010000	0000000000000000000000	000000100000000000000	00000000000000000	00000000000000000000010	000000000000000000
000000000010000010000	0000000000000000000000	000000100000000000000	00000000000000000	00000000000000000000010	000000000000000000
000001001000000001000	0000000000000000000010	000000000000000000000	00010100000000000	00001000000000000000001	000000000000000000
000100000000000010000	0000000000000000000000	000000100000000000000	00000000000000010	00000000000011000000000	010000000000000000
000001001000000001000	0000000000000000000010	000000000000000000000	00010100000000000	00001000000000000000001	000000000000000000
000000010000010000000	0000000000000000000000	000000000000000000010	10000000000000000	00000000000000000000000	000000000010000001
000000000100100100000	0000000100000011010000	000010000000100000000	00001011000000000	00000000000000000000000	000010100000001000
000001001000000000000	0000000000000000000001	000000000000010100000	00000100000001000	00001001000000000000000	000000000000000000
000000000100100100000	0000000100000011010000	000010000000100000000	00001011000000000	00000000000000000000000	000010100000001000
000000000000010000000	0000000000000000000000	010000000000000000000	00100000000000100	00000000000000000001000	000000000000000000
000000010000010000000	0000000000000000000000	000100000000000000100	00000000000000000	10000000000000000000000	000000000000000001
000000001000000000000	0000000010000000001000	001000000000000000000	00000000010000000	00000000000000000000000	000000000000000000
000000000000000010000	0000000000000000000000	000000100000000000000	00000000000000000	00000000000001100000000	000000000000000000
000000010000010000000	0000000000000000000000	000000000000000000000	10000000000000000	00000010000000000000000	000000000000000011
