00000000101000000000000000	000000000000001000	000101001000000000100000	0000000000000001000000000	000000000000100000000000000	0000000001000000
10100010000000000000000001	000000000000000000	000000010000100000001000	0000000000000000000000000	000010000000000000000000000	0000000000000100
00000000000000001000000010	000000101000000000	000000000000000000010000	0000000000010000000000000	000000000000000000000000000	0000000000000000
00000000000100010000000000	000000000000001000	010000000000000000000000	0000000000001001000000000	000000001000100000000000000	0000000000000000
00000000000000000000000000	000000010000001000	000101001000000000100000	0000000000000001000000000	001000000000100100000000000	0000000001000000
00000100000100010000000000	000000000000001000	010000000000000000000000	0000000000000001000000000	000000000000100000000000000	0000000000001000
10100010000000000000000001	000000000000000000	000000010000100000001000	0000000000000000000000000	000010000000000000000000000	0000000000000100
00000000000000000000011000	000001000001000000	001000000000000000000000	0000000001000000000000000	000000000000000000001000000	0000000000000000
00000000001000000000000000	000000000100001000	000101001100000000100000	0010000000000001000000000	000000000000101000000000000	0000000001000000
00000000000000000000011000	000001000001000000	001000000000000000000000	0000000000000000000001000	000000000000000000000000000	0001000000000001
00000000000000000000011000	000001000001000000	001000000000000000000000	0000000000000000000000000	000000000000000000000000000	0001000000000000
00000000000000000000000000	000000010000001010	000101001000000000100000	0000000000000001000000000	000000000000100000000000000	0000000001000000
00000000000000000100000000	000000000000001000	000000000000011000000000	0000010000000000000000000	000000010001000000100000010	0000001100100000
00000000000000000000000000	000000010000001010	000101001000000000100000	0000000000000001000000000	000000000000100000000000000	0000000001000000
00000000000000000100000000	000000000000001000	000000000000001000000000	0000010000000000000000000	000000000001000000100000000	0000001100000000
00000000000000000000000000	000000100000000000	100000000000000000000000	0000001000000000000000000	000000100000000000000000000	0010010000000000
00000000000000000000011000	000001000001000000	001000000000000000000000	0000000000000000000001000	000000000000000001000000000	0001000000000000
00000000000000000000000000	100000010000001000	000101001000000000100000	0000000000000001000000000	001000000000100100000000000	0000000001000000
00000100000100010000000000	000000000000001000	010000000000000000000000	0100000000000001000000000	000000000000100000000000000	0000000000000000
00000100000100010000000000	001000000000001000	010000000000000000000000	0000000000000001000000000	000000000000100000000000000	0000000000000000
00000000000000000000000000	000000010000001000	000101001000000000100000	0000000000000001000000000	000000000000100000000000000	0000000001000000
00000000000000000000000000	000010010000001010	000101001000000000100000	0000000000000001000000000	000000000000110000000000000	0000000001000000
00000000000000000000000000	000000010000001010	000101001000000000100000	0000000000000001000000000	000000000000100000000000000	0000000001000000
00000000000010000000000000	000000100000000000	100000000000000000000000	0000001000000000000000000	000000000000000000000100000	0010010000000000
00000000000000000000000000	000000010000001010	000101001000000000100000	0000000000000001000000000	000000000000100000000000000	0000000001000000
00000000000000000000011000	000001000001000000	001000000000000000000000	0000000000000000000001000	000000000000000000000000000	0001000000000000
00000000000000000100000000	000000000000001000	000000000000001000000000	0000010000000000000000000	000000000001000010110000000	1000001100000000
00000000000000100000000000	000000000000000000	000000010001000100001000	1000000010000000000000000	000010000000000000000000000	0100000000000100
00000000000000000000000000	000000010000001000	000101001000000000100000	0000000000000001000000000	001000000000100000000000000	0000000001000000
00000000000000000000011000	000001000001000000	001000000000000000000000	0000000001000000000000000	000000000000000000001000000	0000000000000000
00000000000000000000000000	000000000000000000	000000110001000000001000	1000000010000000000000000	000010000000000000000000000	0000000000000100
00000000000000000000000000	000000010000001000	000101001000000000100000	0000000000000001000000000	001000000000100000000000000	0000000001000000
00000000101000000000000000	000000000000001000	000101001000000000100000	0000000000000001000000000	000000000010100000000000000	0000000001000000
00000000000000000000011000	000001000001000000	001000000000000000000000	0000000000000000000000000	000000000000000000000000000	0001000000000000
00000000000000000010100000	000000000000000000	000000000000000001000000	0000000100100010100000010	000000000000000000000000000	0000000000010000
00000000000000000000000000	000000010000001010	000101001000000000100000	0000000000000001000000000	000000000000110000000000000	0000000001000000
00000000000000000000000000	000000100000000000	100000000000000000000000	0000001000000000000000000	000000100000000000000000000	0010010000000000
00000000101000000000000000	000000000000001000	000101001000000000100000	0000000000000001000000000	000000000000100000000000000	0000000001000000
00001000000000000100000000	000000000000001000	000000000000001000000000	0000110000000000000010000	000000000001000000100010101	0000000100000000
00000000000000000000000000	000000010000001000	000101001000000000100000	0000000000000001000000000	001000000000100000000000000	0000000001000000
00000000000000001000000110	000000101000000100	000000000000000000010000	0000000000000000000000000	000100000000000000000000000	0000000000000000
11000010000000000000000000	000000000000000000	000000010000000000001000	0000000000000000000000000	000010000000000000000000000	0000000000000100
00000000001000000000000000	000000000000001000	000101001100000000100000	0010000000000001000000000	000000000000100000000000000	0000000001000000
00000000000000000100000000	000000000000001000	000000000000001000000000	0000010000000000000000000	000000000001000000100000000	0000001100000000
00000000000000000000000000	000000101000000000	000000000010000000010000	0000000000000000000100000	000000000000000000000000000	0000000000000010
00000000000000000000000000	000000010000001000	000101001000000000100000	0000000000000001000000000	001000000000100000000000000	0000000001000000
10100010000000000000000001	000000000000000000	000000010000100000001000	0000000000000000000000000	000010000000000000000000000	0000000000000100
00000000000000000000000000	000000010000001010	000101001000000000100000	0000000000000001000000000	000000000000110000000000000	0000000001000000
00000000000000001000000010	000000101000000000	000000000000000000010000	0000000000010000000000000	000000000000000000000000000	0000000000000000
00000000000000000000000000	000000010000001000	000101001000000000100000	0000000000000001000000000	001000000000100000000000000	0000000001000000
00000000000000000000000000	000000000000000000	000000110001000000001000	1000000010000000000000000	000010000000000000000000000	0000000000000100
00000000000000000000000000	000000010000001010	000101001000000000100000	0000000000000001000000000	000000000000110000000000000	0000000001000000
00000000000000000000000000	000000010000001000	000101001000000000100000	0000000000000001000000000	011000000000100000000000000	0000000001000000
00000000000000000000000000	000000010000001000	000101001000000000100000	0000000000000001000000000	000000000000100000000000000	0000000001000000
00000000000000000000011000	000001000001000000	001000000000000000000000	0000000000000000000000000	000000000000000000000000000	0001000000000000
00000000000000000000011000	000001000001000000	001000000000000000000000	0000000001000000000000000	000000000000000000001000000	0000000000000000
00000000001000000000000000	000000000000001000	000101001100000000100000	0000000000000001000000000	000001000000100000000000000	0000000001000000
00000100000100010000000000	000000000000001000	010000000000000000000000	0000000000000001000000000	000000000000100000000000000	0000000000001000
00000000000000000000000000	000000010000001010	000101001000000000100000	0000000000000001000000000	000000000000110000000000000	0000000001000000
00000000000000001000000010	000000101000000000	000000000000000000010000	0000000000010000000000000	000000000000000000000000000	0000000000000000
00000000101000000000000000	000000000000001000	000101001000000000100000	0000000000000001000000000	000000000010100000000000000	0000000001000000
00000000000000000000011000	000001000001000000	001000000000000000000000	0000000000000000000000000	000000000000000000000000000	0001000000000000
00000000000000000000011000	000001000001000000	001000000000000000000000	0000000000000000000000000	000000000000000000000000000	0001000000000000
00000000000000000000000000	000000010000001010	000111001000000000100000	0000000000000001000000000	000000000000100000000000000	0000000001000000
00000100000100010000000000	001000000000001000	010000000000000000000000	0000000000000001000000000	000000000000100000000000000	0000000000000000
00000000000000000000000000	000000010000001001	000101001000000000100000	0000000000000001000000000	001000000000100000000000000	0000000001000000
00000000000000000000000000	000000100010000000	000000000000000000000001	0000001000000000000000000	000000000000000000000000000	0010010000000000
00000000000000000000000000	000000010000001000	000101001000000000100000	0000000000000001000000000	011000000000100000000000000	0000000001000000
00000000000000000000011000	000001000001000000	001000000000000000000000	0000000000000000000000000	000000000000000000000000000	0001000000000000
00000000000000000100000000	000000000000001000	000000000000001000000000	0000010000000000000000000	000000000001000000100000000	0000001100000000
00000000000000000100000000	000000000000001000	000000000000001000000000	0000010000000000000000000	000000000001000010100001000	0000001100000000
00000000001000000000000000	000000000000001000	000101001100000000100000	0010000000000001000000000	000000000000100000000000000	0000000001000000
00000000000100010000000000	000000000000101000	010000000000000000000000	0000000000000001000000000	000000000000100000000000000	0000000000000000
00000000000000000000000000	000000101000000000	000000000010000000010000	0000000000000000000100000	000000000000000000000000000	0000000000000010
00000000000000000000000000	000000010000001000	000101001000000000100000	0000000000000001000000000	001000000000100000000000000	0000000001000000
00000000000000000100000000	000000000000001000	000000000000001000000000	0000010000000000000000000	000000000001000010100000000	0000001100000000
00000000000000000000000000	000000100000000000	100000000000000000000000	0000001000000000000000000	000000000000000000000000000	0010010000000000
00000000000000001000000010	000000101000000000	000000000000000000010000	0000000000010000000000000	000000000000000000000000000	0000000000000000
10100010000000000000000001	000000000000000000	000000010000100000001000	0000000000000000000000000	000010000000000000000000000	0000000000000100
00000000001000000000000000	000000000000001000	000101001100000000100000	0010000000000001000000000	000000000000100000000000000	0000000001000000
00000000000000000100000000	000000000000001000	000000000000001000000000	0000010000000000000000000	000000000001000010110000000	1000001100000000
00000000000000000000000000	000000010000001010	000101001000000000100000	0000000000000001000000000	000000000000110000000000000	0000000001000000
00000000000000001000000110	000000101000000000	000000000000000000010000	0000000000000000000000000	000000000000000000000000000	0000100000000000
00000000000000000000011000	000101000001000000	000000000000000000000000	0000000000000000000000001	000000000000000000000000000	0000000000000000
00000000101000000000000000	000000000000001000	000101001000000000100000	0000000000000001000000000	000000000010100000000000000	0000000001000000
00000000000000000000000000	000000010000001000	000101001000000000100000	0000000000000001000000000	001000000000100000000000000	0000000001000000
00001000000000000100000000	000000000000001000	000000000000001000000000	0000110000000000000010000	000000000001000000100010101	0000000100000000
00000000000100010000000000	000000000000001000	010000000000000000000000	0000000000001001000000000	000000001000100000000000000	0000000000000000
00000000000000000100000000	000000000000001000	000000000000001000000000	0000010000000000000000000	000000000001000000100000000	0000001100000000
00000000000000000100000000	000000000000001000	000000000000011000000000	0000010000000000000000000	000000010001000000100000010	0000001100100000
10100010000000000000000001	000000000000000000	000000010000100000001000	0000000000000000000000000	000010000000000000000000000	0000000000000100
00000000000000000100000000	000000000000001000	000000000000011000000000	0000010000000000000000000	000000010001000000100000010	0000001100100000
00000000000000000000000000	000000010000001000	000101001000000000100000	0000000000000001000000000	001000000000100000000000000	0000000001000000
00000000000000000000000000	000000000000000000	000000110001000000001000	1000000010000000000000100	000010000000000000000000000	0000000000000100
00000000000000000000011000	000001000001000000	001000000000000000000000	0000000000000000000000000	000000000000000000000000000	0001000000000000
00010000000000000001011000	000101000001010000	000000000000000000000000	0001000000000000000000000	000000000000000000000000000	0000000000000000
00001000000000000100000000	000000000000001000	000000000000001000000000	0000110000000000001010000	000000000001000000100010101	0000000100000000
00000000000000000000011000	000001000001000000	001000000000000000000000	0000000000000000000001000	000000000000000000000000000	0001000000000001
00000000000000000000011000	000001000001000000	001000000000000000000000	0000000000000000000000000	100000000000000000000000000	0001000000000000
10100010000000000000000001	000000000000000000	000000010000100000001000	0000000000000000000000000	000010000000000000000000000	0000000000000100
00000000000000000000011000	000001000001000000	001000000000000000000000	0000000000000000000000000	000000000000000000000000000	0001000000000000
00000000000000000000011000	000001000001000000	001000000000000000000000	0000000000000000000000000	100000000000000000000000000	0001000000000000
00000000000000000100000000	000000000000001000	000000000000001000000000	0000010000000000000000000	000000000001000010110000000	1000001100000000
00000000010000000100000000	000000000000001000	000000000000001000000000	0000010000000000000000000	000000000101000000100000000	0000001110000000
00000000000000000100000000	000000000000001000	000000000000001000000000	0000010000000000000000000	000000000001000000100000000	0000001100000000
00000000000000000100000000	000000000000001000	000000000000011000000000	0000010000000000000000000	000000010001000000100000010	0000001100100000
00000000000100010000000000	000000000000001000	010000000000000000000000	0000000000000001000000000	000000000000100000000000000	0000000000000000
00000000000001000000000000	000000100000000000	100000000000000000000000	0000001000000000010000000	000000100000000000000000000	0010010000000000
00000100000100010000000000	001000000000001000	010000000000000000000000	0000000000000001000000000	000000000000100000000000000	0000000000000000
00000000000000000000011000	000101000001000000	000000000000000000000000	0000000000000000000000000	000000000000000000000000000	0000000000000000
00000000000000000100000000	000000000000001000	000000000000001000000000	0000010000000000000000000	000000000001000010100000000	0000001100000000
00000001000100010000000000	000000000000001000	010000000000000000000000	0000000000000001000000000	000000000000100000000000000	0000000000000000
00000000000000000000000000	000000101000000000	000000000010000000010000	0000000000000000000100000	000000000000000000000000000	0000000000000010
00000000101000000000000000	000000000000001000	000101001000000000100000	0000000000000001000000000	000000000010100000000000000	0000000001000000
00000100000100010000000000	000000000000001000	010000000000000000000000	0100000000000001000000000	000000000000100000000000000	0000000000000000
00000000000000000000000000	000000000000000000	000000110001000000001000	1000000010000000000000000	000010000000000000000000000	0000000000000100
00000000000000000000011000	000001000001000000	001000000000000000000000	0000000000000000000001000	000000000000000000000000000	0001000000000001
00000000000000000000011000	000001000001000000	001000000000000000000000	0000000001000000000000000	000000000000000000001000000	0000000000000000
00000000000000000000000000	000000010000001010	000101001000000000100010	0000000000000001000000000	000000000000110000000000000	0000000001000000
00001000000000000100000000	000000000000001000	000000000000001000000000	0000110000000000000010000	000000000001000000100010101	0000000100000000
00000100000100010000000000	001000000000001000	010000000000000000000000	0000000000000001000000000	000000000000100000000000000	0000000000000000
00000000000000000000000000	000000101000000000	000000000010000000010000	0000000000000000000100000	000000000000000000000000000	0000000000000010
00000000000000000000000000	000000010000001000	000101001000000000100000	0000000000000001000000000	001000000000100100000000000	0000000001000000
00000000101000000000000000	000000000000001000	000101001000000000100000	0000000000000001000000000	000000000010100000000000000	0000000001000000
00000000001000000000000000	000000000000001000	000101001100000000100000	0010000000000001000000000	000000000000100000000000000	0000000001000000
00000000000100010000000000	000000000000001000	010000000000000000000000	0000000000001001000000000	000000001000100000000000000	0000000000000000
00000000000000000000000000	000000010000001010	000101001000000000100000	0000000000000001000000000	000000000000110000000000000	0000000001000000
11000010000000000000000000	000000000000000000	000000010000000000001000	0000000000000000000000000	000010000000000000000000000	0000000000000100
00000000000000000100000000	010000000000001000	000000000000011010000100	0000010000000000000000000	000000010001000000100000000	0000001100100000
00000000000000000000011000	000001000001000000	001000000000000000000000	0000000000000000000000000	000000000000000000000000000	0001000000000000
00000000000000000000000000	000000100000000000	100000000000000000000000	0000001000000000000000000	000000000000000000000000000	0010010000000000
00000000000000000000000000	000000010000001000	000101001000000000100000	0000000000000001000000000	000000000000100000000000000	0000000001000000
00000000000000000000011000	000001000001000000	001000000000000000000000	0000000000000000000000000	000000000000000000000000000	0001000000000000
00000000000000000000000000	000000010000001000	000101001000000000100000	0000000000000001000000000	000000000000100000000000000	0000000001000000
00000000000000000100000000	000000000000001000	000000000000011000000000	0000010000000000000000000	000000010001000000100000010	0000001100100000
00000000001000000000000000	000000000000001000	000101001100000000100000	0010000000000001000000000	000000000000100000000000000	0000000001000000
00000000000000000100000000	000000000000001000	000000000000001000000000	0000010000000000000000000	000000000001000000100000000	0000001100000000
11000010000000000000000000	000000000000000000	000000010000000000001000	0000000000000000000000000	000010000000000000000000000	0000000000000100
00000000000000000000000000	000000010000001000	000101001000000000100000	0000000000000001000000000	001000000000100000000000000	0000000001000000
00000000000000000100000000	010000000000001000	000000000000011010000100	0000010000000000000000000	000000010001000000100000000	0000001100100000
00000000000000000000000000	000000010000001000	000101001000000000100000	0000000000000001000000000	001000000000100000000000000	0000000001000000
00000000000000000100000000	000000000000001000	000000000000001000000000	0000010000000000000000000	000000000001000000100000000	0000001100000000
00000000000000000000011000	000101000001000000	000000000000000000000000	0000000000000000000000000	000000000000000000000000000	0000000000000000
00000000000000000000000000	000000010000001010	000101001000000000100000	0000000000000001000000000	000000000000110000000000000	0000000001000000
00010000000000000001011000	000101000001000000	000000000000000000000000	0001000000000100000000000	000000000000000000000000000	0000000000000000
00000100000100010000000000	001000000000001000	010000000000000000000000	0000000000000001000000000	000000000000100000000000000	0000000000000000
00000000000000000100000000	000000000000001000	000000000000001000000000	0000010000000000000000000	000000000001000010100000000	0000001100000000
00000000000000000000000000	000000010000001000	000101001000000000100000	0000000000000001000000000	001000000000100000000000000	0000000001000000
00000000000000000000000000	000000101000000000	000000000010000000010000	0000000000000000000100000	000000000000000000000000000	0000000000000010
00000000000000000100000000	000000000000001000	000000000000001000000000	0000010000000000000000000	000000000001000000100000000	0000001100000000
