0000000000000000000	0000000000000000	0000000	000000000000000010	00000000000000000000	000000010000001000000000
0000000000100010000	0000001000000010	0000100	000000000000000000	00001000000000000100	000000000000000101000000
0000000000000100000	0000000001010000	0000000	000000000000011000	00000000000000000000	000010000001000000001000
0000000000000000000	0000000000000000	0000000	000000000000000000	00000100000000000001	000000001000000000100000
0000000011000000000	0000100000100000	0000000	001000000000000000	00001000000000000100	000000000000000001000000
0000000000000000000	0000010000000001	1000000	100000000000010001	01000000000000000000	010100000010000000000000
0000000100000000000	0000000000000000	0000001	000000000000000010	00000000000000000000	000000010000001000000000
0000000000000000000	0010000000000000	0000000	000000000000000000	00000000000000000000	000000000000000000000100
0000000000000000000	0000000000000000	0000000	000000000000000000	00000100000000000000	000000001000000000000000
0001000000000100000	0000000001000000	0000000	000000000000010000	00000000000000000000	100010000001000000001000
0000000000000000010	0000010000000000	1000000	100000000000010001	01000000000000000000	010100000000010000000000
0000000000000000000	0000000000000100	0100010	000000010000000000	00000000000000000010	000000000000000000000001
0000000000000000010	0000010000000000	1000000	100000000000010001	01000000000000000000	010100000000010000000000
0000000000000000001	0000000000000000	0000000	000000001000000000	00000100000000000000	000000001000000000100000
0000000000000000000	0000000000000000	0000000	000100000000000010	00000000000000000000	000000010000001000000010
0000000011010000000	0000000000000000	0000000	000000000000000000	00011000000000000100	000000000000000001000000
0000000011000000000	0100000000001000	0000000	000010000000000000	00101000000000000100	000000000000100001000000
0000000000000000000	0000000000000000	0000000	000000000000000000	00000100000000000001	000000001000000000100000
0000000000000100000	0000000001000000	0000000	000000000000110000	00000000000000000000	000010100001000000001000
0100000000000001000	0000000000000000	0000000	000001000000000010	00000000000000000000	000000010000001000000000
0000000000100010000	1001001000000010	0000100	000000000000000100	00001000100000000100	000000000000000101000000
0000000000000000000	0000000000000000	0000000	000000000000000000	00000100000001000000	000000001000000000100000
0000000000000000010	0000010000000000	1000000	100000000000010001	01000000000000000000	010100000000010000000000
0000000000000000000	0010000000000000	0000000	000000000000000000	00000000000000000000	000000000000000000000100
0000000000000000010	0000010000000000	1000000	100000000000010001	01000000000000000000	010101000000010000000000
0100001000000000000	0000000100000000	0000000	000001000000000010	00000000000000000000	000000010000001000000000
0000000000000000010	0000010000000000	1000000	100000000000010001	01000000000000000000	010100000000010000000000
0000000000000000000	0010000000000000	0000000	000000000000000000	00000000000000010000	000000000000000000000100
1000000011010000000	0000000000000000	0000000	000000000000000000	00001000000000000100	000000000000000001000000
0000000100000000000	0000000000000000	0000001	000000000000000010	00000000000000000000	000000010000001000000000
0000000000100010000	1001001000000010	0000100	000000000000000100	00001000100000000100	000000000000000101000000
0100000000000001000	0000000000000000	0000000	000001000000000010	00000000000000000000	000000010000001000000000
0000000000000000010	0000010000000000	1000000	100000000001010001	01000000000000000000	010100000000010000000000
0000000000000000010	0000010000000000	1000000	100000000000010001	01000000000000000000	010100000000010000000000
0000000000000000000	0000000000000000	0000000	000000000000000010	00000000000000000000	000000010000001000000000
0000000000000000000	0000000000000000	0000001	000000000000000010	00000000000000000000	000000010000001000000000
0000000000000000000	0000000000000000	0000000	000000000000000010	00000000000000000000	000000010000001000000000
0000000000100010000	1001001000000010	0000100	000000000000000100	00001000100000000100	000000000000000101000000
0000000000000100000	0000000001000000	0000000	000000000000110000	00000000000000000000	000010100001000000001000
0000000000000000000	0000010000000001	1000000	100000000000010001	01000000000000000000	010100000010000000000000
0000000000000000010	0000010000000000	1000000	100000000000010001	01000000000000000000	010100000000010000000000
0000000000000000010	0000010000000000	1000000	100000000000010001	01000000000000000000	010100000000010000000000
0000000000100010000	1001001000000010	0000100	000000000000000100	00001000100000000100	000000000000000101000000
1000000011010000000	0000000000000000	0000000	000000000000000000	00001000000000000100	000000000000000001000000
0000000000000000000	0000010000000001	1000000	100000000000010001	01000000000000000000	010100000010000000000000
0000000000000000010	0000010000000000	1000000	100000000000010001	01000000000000000000	010100000000010000000000
0000000000000000000	0000000000000100	0100010	000000010000000000	00000000000000000010	000000000000000000000001
0000000000000000001	0000000000000000	0000000	000000001000000000	00000100000000000000	000000001000000010100000
0000000000100010000	1001001000000010	0000100	000000000000000100	00001000100000000100	000000000000000101000000
0000000000000000000	0010000000000000	0000000	000000000000000000	00000000000000000000	000000000000000000000100
0000000000000000000	0000000000000000	0100010	000000010000000000	00000000000000000010	000000000000000000000001
0000000000000000001	0000000000000000	0000000	000000001000000000	00000100000000000000	000000001000000000100000
0000000000000100000	0000000001000000	0000000	000000000000110000	00000000000000000000	000010100001000000001000
0000000000000000000	0010000000000000	0000000	000000000000000000	00000000000000010000	000000000000000000000100
0000000000000000010	0000010000000000	1000000	100000000000010001	01000000000000000000	010100000000010000000000
0000000000000000000	0000000000000000	0100010	000000010000000000	00000000000000000010	000000000000000000000001
0000000000000000000	0000010000000001	1000000	100000000000010001	01000000000000000000	010100000010000000000000
0000000000100010000	1001001000000010	0000100	000000000000000100	00001000101000000100	000000000000000101000000
0000000000000000000	0010000000000000	0000000	000000000000000000	00000000000000000000	000000000000000000000100
0000000000100010000	1001001000000010	0000100	010000000000000100	00001000100000000100	000000000000000101000000
0000000000000000000	0000010000000001	1000000	100000000000010001	01000000000000000000	010100000010000000000000
0000000000000000000	0010000000000000	0000000	000000000000000000	00000000000000000000	000000000000000000000100
0100000000000001000	0000000000000000	0000000	000001000000000010	00000000000000000000	000000010000001000000000
0000000000000000010	0000010000000000	1000000	100000000000010001	01000000000000000000	010100000000010000000000
0000000000000000010	0000010000000000	1000000	100000000000010001	01000000000000000000	010100000000010000000000
0000000100000000000	0000000000000000	0000001	000000000000000010	00000000000000000000	000000010000001000000000
0000000000000000000	0000000000000000	0000000	000000000000000000	00000100000000000001	000000001000000000100000
0000000000000000000	0010000000000000	0000000	000000000000000000	00000000000000000000	000000000000000000000100
0001000000000100000	0000000001000000	0000000	000000000000010000	00000000000000000000	100010000001000000001000
0000000000000000010	0000010000000000	1000000	100000000000010001	01000000000000000000	010100000000010000000000
0000000011000000000	0100000000001000	0000000	000000000000000000	00101000000100000100	000000000000100001000000
0010000000000100100	0000000001010000	0010000	000000000000010000	00000000010000000000	000010000001000000001000
0000000011000000000	0100000000001000	0000000	000000000000000000	00101000000000000100	000000000000100001000000
0000000000100010000	1001001000000010	0000100	000000000000000100	00001010100000000100	000000000000000101000000
0000000000000000000	0010000000000000	0000000	000000000000000000	00000000000000010000	000000000000000000000100
0000010011010000000	0000000000000000	0000000	000000000000000000	00001000000000000100	000000000000000001010000
0000000000100010000	1001001000000010	0000100	000000000000000100	00001000100000000100	000000000000000101000000
0000000000000000000	0000000000000000	0000001	000000000000000010	00000000000000000000	000000010000001000000000
0000000000000000000	0000000000000000	0000001	000000000000000010	00000000000000000000	000000010000001000000000
0000000000000000000	0010000000000000	0000000	000000000000000000	00000000000000000000	000000000000000000000100
0100000000000001000	0000000000000000	0000000	000001000000000010	00000000000000000000	000000010000001000000000
0000000000000000000	0010000000000000	0000000	000000000000000000	00000000000000010000	000000000000000000000100
0000000000100010000	1001001000000010	0000100	000000000000000100	00001010100000000100	000000000000000101000000
1000000011010000000	0000000000000000	0000000	000000000000000000	00001000000000000100	000000000000000001000000
0000000000000100100	0000000001010000	0010000	000000000000010000	00000000010000000000	000010000001000000001000
0000000000100010000	1001001000000010	0000100	000000000000000100	00001000100000000100	000000000000000101000000
0000000000000000000	0000000000000000	0000000	000000100000000000	00000100000001000000	000000001000000000100000
0000000000000000000	0000000000000000	0100010	000000010000000000	00000000000000000010	000000000000000000000001
0000000000000000001	0000000000000000	0000000	000000001000000000	00000100000000000000	000000001000000000100000
0000000000000000010	0000010000000000	1000000	100000000000010001	01000000000000000000	010100000000010000000000
0000000000000000000	0010000000000000	0000000	000000000000000000	00000000000000000000	000000000000000000000100
0000000000100010000	1001001000000010	0000100	000000000000000100	00001010100000000100	000000000000000101000000
0000000000000000000	0000010000000001	1000000	100000000000010001	01000000000000000000	010100000010000000000000
0000000000100010000	1001001000000010	0000100	000000000000000100	00001000100000000100	000000000000000101000000
0000000000000000000	0000000000000000	0100010	000000010000000000	00000000000000000010	000000000000000000000001
0000000000000000000	0000000000000000	0000000	000000000000000010	00000000000000000000	000000010000001000000000
0001000000000100000	0000000001000000	0000000	000000000000010000	00000000000000000000	100010000001000000001000
0100001000000000000	0000000100000000	0000000	000001000000000010	00000000000000000000	000000010000001000000000
0000000000000000000	0000000000000000	0000000	000000000000000000	00000100000001000000	000000001000000000100000
0000000000000000010	0000010000000000	1000000	100000000000010001	01000000000000000000	010100000000010000000000
0000000011000000000	0100000000001000	0000000	000000000000000000	00101000000100000100	000000000000100001000000
0100000000000001000	0000000000000000	0000000	000001000000000010	00000000000000000000	000000010000001000000000
0000000000000100000	0000000001000000	0000000	000000000000110000	00000000000000000000	000010100001000000001000
0100000000000001000	0000000000000000	0000000	000001000000000010	00000000000000000000	000000010000001000000000
0000000000000000010	0000010000000000	1000000	100000000000010001	01000000000000000000	010100000000010000000000
0000010011010000000	0000000010000000	0000000	000000000000000000	00001000000000000100	000000000000000001000000
0000000000000100100	0000000001010000	0010000	000000000000010000	00000001010000000000	000010000001000000001000
0000000000000100100	0000000001010000	0010000	000000000000010000	00000000010000000000	000010000001000000001000
0000000000000000010	0000010000000000	1000000	100000000000010001	01000000000000000000	010100000000010000000000
0000000000000000000	0000000000000100	0100010	000000010000000000	00000000000000000010	000000000000000000000001
0000000000000000000	0000000000000000	0000001	000000000000000010	00000000000000000000	000000010000001000000000
0000000000001100000	0000000001010000	0000000	000000000010010000	00000000000000000000	000010000001000000001000
0000000000000000000	0000010000000000	1000000	100000000000010001	01000000000000000000	010100000010000000000000
0100000000000001000	0000000000000000	0000000	000001000100000010	00000000000000000000	000000010000001000000000
0000000000000000010	0000010000000000	1001000	100000000000010001	01000000000000001000	010100000000010000000000
0000000000000000000	0000000000000000	0000000	000000000000000000	00000100000000000000	000000001000000000000000
0000000000000000010	0000010000000000	1000000	100000000000010001	01000000000000000000	010100000000010000000000
0000000000100010000	1001001000000010	0000100	000000000000000100	00001000100000000100	000000000000000101000000
0000000000000100000	0000000001000000	0000000	000000000000010000	10000000000000000000	000010100001000000001000
0000000000000100100	0000000001010000	0010000	000000000000010000	00000001010000000000	000010000001000000001000
0000000000000000000	0000000000000000	0100010	000000010000000000	00000000000000000010	000000000000000000000001
0000000000000000000	0010000000000000	0000000	000000000000000000	00000000000000000000	000000000000000000000100
0000000000000000000	0000000000000000	0000000	000000000000000000	00000100000000000001	000000001000000000100000
0000000000001100000	0000000001010000	0000000	000000000010010000	00000000000000000000	000010000001000000001000
0000000000000000000	0000000000000000	0000000	000000000000000000	00000100000000000000	000000001000000000000000
0000000000000000000	0000000000000000	0000000	000100000000000010	00000000000000000000	000000010000001000000010
0000000000000100000	0000000001000000	0000000	000000000000110000	00000000000000000000	000010100001000000001000
0000000000000000010	0000010000000000	1000000	100000000000010001	01000000000000000000	010100000000010000000000
0000000000000000000	0000000000000000	0000000	000000000000000010	00000000000000000000	000000010000001000000000
0000000000000000010	0000010000000000	1000000	100000000000010001	01000000000000000000	010100000000010000000000
0000000000000000000	0000000000000000	0100010	000000010000000000	00000000000000000010	000000000000000000000001
0000000000000000001	0000000000000000	0000000	000000001000000000	00000100000000000000	000000001000000000100000
0000010011010000000	0000000000000000	0000000	000000000000000000	00001000000010000100	000000000000000001000000
0000000000100010000	1001001000000010	0000100	000000000000000100	00001010100000000100	000000000000000101000000
0000000011000000000	0100000000001000	0000000	000000000000000000	00101000000100000100	000000000000100001000000
0000000000000000000	0000010000000001	1000000	100000000000010001	01000000000000000000	010100000010000000000000
1000000011010000000	0000000000000000	0000000	000000000000000000	00001000000000000100	000000000000000001000000
0000000000000100000	0000000001000000	0000000	000000000000010000	00000000000000000000	001010100001000000001000
0100000000000001000	0000000000000000	0000000	000001000000000010	00000000000000000000	000000010100001000000000
0000000000000000000	0000000000000000	0000000	000100000000000010	00000000000000000000	000000010000001000000010
0000000000000100000	0000000001010000	0000000	000000000000010000	00000000000000000000	000010000001000000001000
0000000000100010000	0000001000000010	0000100	000000000000000000	00001000000000000100	000000000000000101000000
0100001000000000000	0000000100000000	0000000	000001000000000010	00000000000000000000	000000010000001000000000
0000000000000000000	0000000000000000	0000000	000100000000000010	00000000000000000000	000000010000001000000010
0000000000000100000	0000000001010000	0000000	000000000000011000	00000000000000000000	000010000001000000001000
0000000000000000010	0000010000000000	1000000	100000000000010001	01000000000000000000	010100000000010000000000
0000100000000000000	0000000000000000	0000000	000000000000000000	00000100000000100000	000000001000000000000000
0000000000000000000	0000000000000000	0000000	000000000000000000	00000100000000000000	000000001000000000000000
0000000011000000000	0100000000001000	0000000	000000000000000000	00101000000000000100	000000000000100001000000
0000000000000000010	0000010000000000	1000000	100000000000010001	01000000000000000000	010100000000010000000000
