0000000000000000000	0000000000000000000100	0000010000000000000000	0010010000000000	0000000000000000000000000	0000000001000
0000000010000000000	0000000000000100001000	0010000000000000000000	0001000000000000	0100000010000010000000000	0000000000000
0000000000000000000	0000000000000000000001	0000000100001000000000	0000000100010001	0000000000000100001000000	0000000000000
0000000000000000000	0000000000000000000010	0001000000000000000100	0100000000000000	0000000000000000000000000	0000000100000
0000000000000000000	0000000000000000000001	0000000100001000000000	0000000100010001	0000000000000100001000000	0000000000000
0000000000000000000	0010000000000000000000	0000000100001000000000	0000000000010001	0000000000000000001000000	0000000000000
0000000000000000000	0000000000000000000100	1000010000000000000000	0010010000000000	0000000000000000000000000	0001000001100
0000000000000000000	0000000000000000010100	0000010000000000000000	0010010000000000	0000100000000000000000000	0000000001000
0000000000000000000	0000000000000000000010	0001000000000000000100	0100000000000000	0000000000000000000000000	0000001000000
0000000000010010010	0000000100000000000000	0000000000100001000000	0000000010000000	0000000000000000000000010	0000000000000
0010000100000000000	0000000000000000000001	0000000100001000000000	0000000100010001	0000000000001100001100000	0000000000000
0000000000000001100	1000000000000000000000	0000000001000000000000	0000100000000000	0000001000000001000000000	0000010000000
0000000000000000000	0000000000000000010100	0000010000000000000000	0010010000000000	0000100000000000000000000	0000000001000
0000000000101000000	0000000000000100001000	0010000000000000000010	1000000000000000	0000000000000000000001000	1000000000000
0000000000000000000	0000000000000000000001	0000001100001000000000	0000000100010001	0000000000001100001000000	0000000000000
0000000000000000000	0000000000000000000001	0000000100001000000000	0000000100010001	0000000000001100001000000	0000000000000
0000000000000000000	0000000000000000000001	0000000100001000000001	0000000100010001	0000000000000100001000000	0000000000000
0000000000000000000	0000000000000000000000	0000000100001000000000	0000000000010001	0000000000000000001000000	0000000000000
0000010000000000000	0000000000000000000001	0000000100001000000000	0000000100010001	0000000000000100001000000	0000000000000
0000000000000000000	0000000000000000000001	0000000100001000000000	0000000100010001	0000000000000100001000000	0000000000000
0000000000010000010	0000000000000000000000	0000000000100001000000	0000000010000000	0000000000000000000000010	0000000000000
1000000000000000000	0000000000000000000010	0001000000000000000100	0100000000001000	0000000000000000000000000	0000001000000
0000000000000000000	0000000000000000000100	1000010000000000000000	0010010000000000	0000000000000000000000000	0001000001110
0000000000000000000	0000000000000000000010	0001000000000000000000	0100000000000000	1000000000100000000000000	0000100000000
0000000000000000000	0000000000000000000010	0001000000000000000100	0100000000000000	0000000000000000000000000	0000001000000
0000000000010000010	0000000000000000000000	0000000000100000000000	0000000000000000	0000000000000000000000010	0000000000000
0000000000000000000	0000100000000000000100	0000010000000000000000	0010010000000000	0010000000000000000000000	0000000001000
0000000000000000000	0000000000000000010100	0000010000000000000000	0010010000000000	0000100000000000000000000	0000000001000
0000000000000000000	0000000000000000000000	0000000100001000000000	0000000000010001	0000000000000000001000000	0000000000000
0000000000000000000	0000000000000000000000	0000000100001000000000	0000000000010001	0000000000000000001000000	0000000010000
0000000000000100000	0000000000000000000000	0000000000000000000000	0000001000100000	0000000000000000000010000	0000000000000
0000000000000000000	0000000000000000000000	0000000100001000000000	0000000000010001	0000000000000000001000000	0000000010000
0000000000000000000	0000000000000000000010	0001000000000000000100	0100000000000000	0000000000000000000000000	0000000000000
0000000010000000000	0000000000000100001000	0010000000000000000000	0001000000000000	0100000010000010000000000	0000000000000
0000000000000000000	0000000000000000000000	0000000100001000000000	0000000000010001	0000000000000000001000000	0000000000000
0000000000000000000	0000000000000000010100	0000010000000000000000	0010010000000000	0000100000000000000000000	0000000001000
0000000000000000000	0000000000000000000010	0001000000000000000100	0100000000000000	0000000000000000000000000	0000000000000
0000000000000000000	0000000000000000000001	0000000100001100000000	0000000100010001	0000000000000100001000000	0000000000000
0000000000000000000	0000000000000000000000	0000000100001000100000	0000000100010001	0000000000000100001000000	0000000000000
0000000000000000000	0000000000000000000000	0000000100001000000000	0000000000010001	0000000000000000001000000	0000000000000
0000000000000000000	0000000000000000000001	0000000100001000000001	0000000100010001	0000000000000100001000000	0000000000000
0000000010000000000	0000010000010100001000	0010000000000000000000	0000000000000000	0000000010000010000000000	0000000000001
0000000000101000000	0000000000000100001000	0010000000000000000010	1000000000000000	0000000000000000000001000	1000000000000
0000000000000000000	0000000000000000000000	0000000100001000000000	0000000000010001	0000000000000000001000000	0000000000000
0001000000100000001	0000000000000100001000	0010000010000000001000	1000000000000000	0000000000000000010001000	0000000000000
0000000000000000000	0000000001000000000010	0001000000000000000000	0100000000000000	0000000000000000000000000	0000000000000
0000101000000000000	0000000000000100001000	0110000000000000010000	0000000000000000	0000000001000000100001000	0000000000000
0000000000000000000	0000000000000000010100	0000010000010000000000	0010010000000000	0000100000000000000000000	0000000001000
0000000000000000000	0000000000000000000010	0001000000000000000100	0100000000000000	0000000000000000000000000	0010000100000
0000000000000000000	0000000000000000000100	0000010000000000000000	0010010000000000	0010000000000000000000000	0000000001000
0000000010000000000	0001000010000100101000	0010000000000000000000	0000000000000100	0000010010000010000000000	0000000000000
0000000000000000000	0000000000000000000100	1000010000000000000000	0010010000000000	0001000000000000000000000	0001000001100
0000000000100000000	0000000000000100001000	0010000000000000000010	1000000000000000	0000000000000000000001000	0000000000000
0000010000000000000	0000000000000000000001	0000000100001000000000	0000000100010001	0000000000000100001000000	0000000000000
0000000000000000000	0000000000000000000001	0000000100001000000000	0000000100010001	0000000000001100001000000	0000000000000
0000000000010010010	0000000100000000000000	0000000000100001000000	0000000010000000	0000000000000000000000010	0000000000000
0000000000000000000	0000000000000010000001	0000000100001100000000	0000000100010001	0000000000000100001000000	0000000000000
0000000000101000000	0000000000000100001000	0010000000000000000010	1000000000000000	0000000000000000000001000	1000000000000
0000000000000100000	0000000000000000000000	0000000000000000000000	0000001000100000	0000000000000000000010000	0000000000000
0000000000000000000	0000100000000000000100	0000010000000000000000	0010010000000000	0010000000000000000000000	0000000001000
0000000000000000000	0000000000000000000010	0001000000000000000100	0100000000000000	0000000000000000000000000	0000000100000
0000000000000000000	0000000000000000000010	0001000000000000000100	0100000000000000	0000000000000000000000000	0000000000000
0000000000000000000	0000000000000000000100	0000010000000000000000	0010010000000000	0010000000000000000000000	0000000001000
0000000000000100000	0000000000000000000000	0000000000000000000000	0000001000100000	0000000000000000000010000	0000000000000
0000000000010000010	0000000000000000000000	0000000000100001000000	0000000010000000	0000000000000000000000010	0000000000000
0000000000000000000	0000000000000000000010	0001000000000000000100	0100000000000000	0000000000000000000000000	0000000000000
0000000010000000000	0001000010000100101000	0010000000000000000000	0000000000000100	0000010010000010000000000	0000000000000
0000000000000000000	0000000000000000000100	1000010000000000000000	0010010000000000	0000000000000000000000000	0001000001110
0000000000000000000	0000000000000000000000	0000000100001000000000	0000000100010001	0000000000000100001000000	0000000000000
0000101001000000000	0000000000000100001000	0110000000000000010000	0000000000000000	0000000001000000100001000	0000000000000
0000000000000000000	0000000000000000000001	0000000100001000000000	0000000100010001	0000000000001100001000000	0000000000000
0000000000000100000	0000000000000000000000	0000000000000000000000	0000001000100000	0000000000000000000010000	0000000000000
0000000010000000000	0001000010000100101000	0010000000000000000000	0000000000000100	0000010010000010000000000	0000000000000
0000000000000100000	0000000000000000000000	0000000000000000000000	0000001000100000	0000000000000000000010000	0000000000000
0000000000000000000	0000000001000000000010	0001000000000000000000	0100000000000000	0000000000000000000000000	0000000000000
0000000000000001100	1000000000000000000000	0000000000000000000000	0000000000000000	0000000000000001000000000	0000010000000
0000000000000000000	0000000000000000000000	0000000100001000000000	0000000000010001	0000000000000000001000000	0000000000000
0000000000000000000	0000000000000000000010	0001000000000000000100	0100000000000000	0000000000000000000000000	0000000100000
0000000000000000000	0000000000000000000000	0000000100001000000000	0000000000010001	0000000000000000001000000	0000000000000
0000000000000000000	0000000000000000000001	0000000100001000000000	0000000100010001	0000000000001100001000000	0000000000000
0000000000000000000	0000000000000000000000	0000000100001000000000	0000000100010001	0000000000000100001000000	0000000000000
0000000000000000000	0000000000000000000010	0001000000000000000100	0100000000000000	0000000000000000000000000	0000000000000
0000000000000000000	0000000000000000000010	0001000000000000000000	0100000000000000	1000000000000000000000000	0000100000000
0000000000000000000	0000000000000000000010	0001000000000000000100	0100000000000000	0000000000000000000000000	0000001000000
0000000000000100000	0000000000000001000000	0000000000000000000000	0000001000100000	0000000000000000000010000	0000000000000
0000000000000000000	0000000000000000000001	0000000100001000000000	0000000100010001	0000000000001100001000000	0000000000000
0000000000000000000	0000000000000000000001	0000000100001000000000	0000000100010001	0000000000000100001000000	0000000000000
0000000000000000000	0000000000000000000010	0001000000000000000000	0100000000000000	1000000000000000000000000	0000100000000
0000000000000000000	0000000000000000000100	0000010000000000000000	0010010000000000	0010000000010000000000000	0000000001000
0000000000000000000	0000000000000000000001	0000000100001000000000	0000000100010001	0000000000000100001000000	0000000000000
0000000000000000000	0000000000000000000001	0000000100001000000000	0000000100010001	0000000000001100001000000	0000000000000
0000000000000000000	0000000000000000000000	0000000100001000000000	0000000000010001	0000000000000000001000000	0000000010000
0000000000000001100	1000000000000000000000	0000000001000000000000	0000100000000000	0000001000000001000000000	0000010000000
0000000000000000000	0000000000000000000010	0001000000000010000000	0100000000000000	1000000000100000000000000	0000100000000
0000000000000000000	0000000000000000000010	0001000000000000000000	0100000000000000	1000000000000000000000000	0000100000000
0000000000000000000	0000001000000000000100	0000010000000000000000	0010010000000000	0000000000000000000000100	0000000001000
0000000000010010010	0000000100000000000000	0000000000100001000000	0000000010000000	0000000000000000000000010	0000000000000
0000000000000000000	0000000000000000000010	0001000000000000000000	0100000000000010	1000000000000000000000000	0000100000000
0000000000010010010	0000000100000000000000	0000000000100001000000	0000000010000000	0000000000000000000000010	0000000000000
0000000000000000000	0000000000000000000001	0000000100001100000000	0000000100010001	0000000000000100001000000	0000000000000
0000000000000000000	0000000000000000000010	0001000000000000000100	0100000000000000	0000000000000000000000000	0000000000000
0000000000000000000	0000000000000000000010	0001000000000010000000	0100000000000000	1000000000100000000000000	0000100000000
0000010000000000000	0000000000000000000001	0000000100001000000000	0000000100010001	0000000000000100001000000	0000000000000
0000101001000000000	0000000000000100001000	0110000000000000010000	0000000000000000	0000000001000000100001000	0000000000000
0000101001000000000	0000000000000100001000	0110000000000000010000	0000000000000000	0000000101000000100001000	0000000000000
0000000000000000000	0000000000000000000010	0001000000000000000000	0100000000000000	1000000000000000000000000	0000100000000
0000000010000000000	0000010000010100001000	0010000000000000000000	0000000000000000	0000000010000010000000000	0000000000001
0000000000000000000	0000000000000000000100	0000010000000000000000	0010010000000000	0000000000000000000000000	0000000001000
1000000000000000000	0000000000000000000010	0001000000000000000100	0100000000001000	0000000000000000000000000	0000001000000
0000000000000000000	0000000000000000000010	0001000000000000000000	0100000000000000	1000000000000000000000000	0000100000000
0000000000000000000	0000000000000000000100	0000110000000000000000	0010010000000000	0000000000000000000000000	0000000001000
0000000000000000000	0000000000000000000100	1000010000000000000000	0010010000000000	0000000000000000000000000	0001000001110
0000000000000000000	0000000000000000000010	0001000000000000000100	0100000000000000	0000000000000000000000000	0000000000000
0000000000000100000	0000000000000000000000	0000000000000000000000	0000001001100000	0000000000000000000010000	0000000000000
0000000000000100000	0000000000000000000000	0000000000000000000000	0000001001100000	0000000000000000000010000	0000000000000
0000000010000000000	0000000000000100001000	0010000000000000000000	0001000000000000	0000000010000010000000000	0000000000000
1000000000000000000	0000000000000000000010	0001000000000000000100	0100000000000000	0000000000000000000000000	0000001000000
0000000000000000000	0000000000000000000010	0001000000000000000100	0100000000000000	0000000000000000000000000	0000001000000
0000010000000000000	0000000000000000000001	0000000100001000000000	0000000100010001	0000000000000100001000000	0000000000000
0000000000000100000	0000000000000000000000	0000000000000000000000	0000001000100000	0000000000000000000010000	0000000000000
0000010000000000000	0000000000000000000001	0000000100001000000000	0000000100010001	0000000000000100001000000	0000000000000
0000000010000000000	0000010000010100001000	0010000000000000000000	0000000000000000	0000000010000010000000000	0000000000001
0000000000000100000	0000000000000000000000	0000000000000000000000	0000001000100000	0000000000000000000010000	0000000000000
0000000000101000000	0000000000000100001000	0010000000000000000010	1000000000000000	0000000000000000000001000	1000000000000
0000000000000000000	0000000000000000000010	0001000000000010000000	0100000000000000	1000000000100000000000000	0000100000000
1000000000000000000	0000000000000000000010	0001000000000000000100	0100000000001000	0000000000000000000000000	0000001000000
0000000000010000010	0000000000000000000000	0000000000100000000000	0000000000000000	0000000000000000000000011	0000000000000
0000000000000000000	0000000000000000000000	0000000100001000000000	0000000100010001	0000000000000100001000000	0100000000000
0000101000000000000	0000000000000100001000	0110000000000000010000	0000000000000000	0000000001000000100001000	0000000000000
1000000000000000000	0000000000000000000010	0001000000000000000100	0100000000000000	0000000000000000000000000	0000001000000
0000000000000000000	0000000000000000010100	0000010000000000000000	0010010000000000	0000100000000000000000000	0000000001000
0000000000000000000	0000000000000000000010	0001000000000000000100	0100000000000000	0000000000000000000000000	0000000100000
0000000000000000000	0010000000000000000000	0000000100001000000000	0000000000010001	0000000000000000001000000	0000000000000
0000010000000000000	0000000000000000000001	0000000100001000000000	0000000100010001	0000000000000100001000000	0000000000000
0000000010000000000	0000010000010100001000	0010000000000000000000	0000000000000000	0000000010000010000000000	0000000000001
0000000000000000000	0000000000000000000010	0001000000000000000000	0100000000000000	1000000000000000000000000	0000100000000
0000000000000000000	0000000000000000000001	0000000100001100000000	0000000100010001	0000000000000100001000000	0000000000000
0000000000000100000	0000000000000000000000	0000000000000000000000	0000001000100000	0000000000000000000010000	0000000000000
0100000000000000000	0000001000001000000100	0000010000000000000000	0010010000000000	0000000000000000000000000	0000000001000
0000010000000000000	0000000000000000000001	0000000100001000000000	0000000100010001	0000000000000100001000000	0000000000000
0001000000100000001	0100000000100100001000	0010000010000000001000	1000000000000000	0000000000000000010001000	0000000000000
0000000000000100000	0000000000000000000000	0000000000000000000000	0000001000100000	0000000000000000000010000	0000000000000
0000000000000000000	0000000000000000000000	0000000100001000000000	0000000100010001	0000000000000100001000000	0000000000000
0000000010000000000	0000000000000100001000	0010000000000000000000	0001000000000000	0100000010000010000000000	0000000000000
0000000010000000000	0001000010000100101000	0010000000000000000000	0000000000000100	0000010010000010000000000	0000000000000
0000000000000000000	0000000000000000000000	0000000100001000000000	0000000100010001	0000000000000100001000000	0000000000000
0000000000000000000	0000000000000000000010	0001000000000000000000	0100000000000000	1000000000000000000000000	0000100000000
0000000000000000000	0000000000000000000000	0000000100001000000000	0000000100010001	0000000000000100001000000	0000000000000
0000000000000000000	0000000000000000000010	0001000000000000000000	0100000000000000	1000000000000000000000000	0000100000000
0000000000000100000	0000000000000000000000	0000000000000000000000	0000001001100000	0000000000000000000010000	0000000000000
