000000000000000000000	000000000000000001	0000000001000000	0000000000000000000000000	000100000000000000000	0000000000000000000
000000000000000000000	000000000000000001	0000000001000000	0000000000000000100000000	000100000000000000000	0000000000000000000
000000000000000000000	000000000000000001	0000000001000000	0000000000000000000000000	000100000000000000001	0000000000000000000
000000000000000001000	000100100000000000	0001000000000000	0000000100000001000000100	000000000000000000100	0000000000010000000
001000000000000000010	000000000000000000	1000010000000001	0000010000000000000000000	000000000000000000000	0000000000000100000
000000000000000100100	000000000000000000	0000000000000000	0000000000000000000000000	000000000000000000000	0000010000000000000
000000000000000001000	000100100000000100	0000000000000000	0000000100001001000000100	000000000010000000000	0000000000010000000
000000000000000001000	000100100000000100	0000000000000000	0000000100001001000000100	000000000010000000000	0000000000010000000
000000000000100000000	000000000010000000	0000000010000000	0000000000000000000000000	000000100000000000000	0000000000100001000
000000000000000001000	000100100000000100	0000000000000000	0000000100001001000000100	000000000010000000000	0000000000010000000
000000000000100000000	000000000010000000	0000000010000000	0000000000000000000000000	000000100000000000000	0000000000100001000
000000000000000000000	000000000000000000	0000000010000010	0000000000000000000000000	001000100000000000000	0000000000000000000
000000001000000000000	000000000000001000	0000000000000000	0001000000000000000000000	000000001000000000000	0010000001000010000
000001000000000000000	000000000000000010	0000000000000000	0000000000000010000000000	000010000100000000000	0000100000000000000
000000000000000000000	000000000000000000	0000000000010000	0100000010000000000000000	000000000000000000000	0000000000000000000
000001000000000000000	000000000000000010	0000000000000000	0000000000000010000000000	000010000100000000000	0000100000000000000
001000000000000000010	000000000000000000	1000010000000001	0000010000000000000000000	000000000000000000000	0000000000000100000
000001000000000000000	000000000000000010	0000000000000000	0000000000000010000000000	000010000100000000000	0000100000000000000
000010000000000000000	000000000000000000	0000000000000000	0000000000000000001000000	000000000000000000000	0000000000000000000
000000000000000000000	000000000000000000	0000000000000000	0000000000000000000000000	000000000000000000000	0000000010000000000
000000000000000000000	000000000000000000	0000000000000000	0000000000000000000000000	000000000000000000000	0000000010000000000
000000000000000000000	000000000000000000	0000000000000000	0000100000000000000010000	000000000000000000000	0000000000000000000
000000000000000001000	000100100000000000	0001000000000000	0000000100000001000000100	000000000000000000100	0000000000010000000
000000000000100000000	000000000010000000	0000000010000000	0000000000000000000000000	000000100000000000000	0000000000100001000
000000000000100000000	000000000010000000	0000000010000000	0000000000000000000000000	000000100000000000000	0000000000000000000
001000000000000000010	000000000000000000	1000010000000001	0000010000000000000000000	010000000000000000000	0000000000000100000
000000000000000000000	000000000000000000	0000000010000010	0000000000000000000000000	001000100000000000000	0000000000000000000
000001000100000000000	000000000000000010	0000000000000000	0000000000000010000000000	000010000100000000000	0000100000000000000
000001000100000000000	000000000000000010	0000000000000000	0000000000000010000000000	000010000100000000000	0000100000000000000
000001000100000000000	000000000000000010	0000000000000000	0000000000000010000000000	000010000100000000000	0000100000000000000
000000000000000001000	000100100000000000	0000000000000000	0000000100000001000000100	000000000010000000000	0000000000010000000
000000000000000000000	000000000000000000	0000000010000010	0000000000000000000000000	001000100000000000000	0000000000000000000
000000000000000001000	000100100000010000	0000000000000000	0000000100000001000000100	100000000010000000000	0000000000010000000
000000100000000000000	000000000000000000	0000000000000000	0000000000000000000010000	000000000000000000000	0000000000000000000
000000000000000000000	000000000000000000	0000000000000000	0000000000000000000010000	000000000000000000000	0000000000000000000
000000000000000000000	000000000000000000	0000000000000000	0000000000000000000000000	000000000000100000000	0000000010000000000
000000010000000000100	000000000000000000	0000000000000000	0000001000000000000000000	000000000000000000000	0000010000000000000
000000000000000000100	000000000000000000	0000000000000000	0000000000000000000000000	000000000000000000000	0000010000000000000
000000000000100000000	000000000010000000	0000000010000000	0000000000000000000000000	000000100000000000000	0000000000100001000
000000000000000000000	000000000000000001	0000000001000000	0000000000000000100000000	000100000000000000000	0000000000000000000
000000000000000000000	000000000000000001	0000000001000000	0000000000000000100000000	000100000000000000000	0000000000000000000
000000010000000000100	000000000000000000	0000000000000000	0000001000000000000000000	000000000000000000000	0000010000000000000
100000000000000000000	000000000000000000	0000000000000000	0000000000000000000000000	000000000000000000000	0000000010000000000
000000000000000000000	000000000000000000	0000000000000000	0000000000000000000000000	000000000000000000000	0000000010000000000
000000000000000001000	000100100000000100	0000000000100000	0000000100001001000000100	000000000010000000000	0000000000010000000
000000000000000000000	000000000000000000	0000000010000010	0000000000000000000000000	001000100000000000000	0000000000000000000
000000000000000000100	000000000000000000	0000000000000000	0000000000000000000000000	000000000000000000000	0000010000000000000
000000000000000000000	000000000000000001	0000000001000000	0000000000000000100000000	000100000000000000000	0000000000000000000
000000000000000000010	000000000000000000	0000000000000001	0000010000000000000000000	000000000000000000000	0000000000000100000
000000000000000000100	000000000000000000	0000000000001000	0000000000000000000000000	000000000000000000000	0000010000000000000
000000000000010000000	000000000000000000	0000000000010000	0000000000000000000000000	000000000000000000000	0000000000000000000
000000000000000000000	000000000000000000	0000000010000010	0000000000000000000000000	001000100000000000000	0000000000000000000
010000000010000000010	010000000000000000	0000000000000001	1000000000000000000000000	000000000000010000000	0000000000000000000
000000000000000100100	000000000000000000	0000000000000000	0000000000000000000000000	000000000000000000000	0000010000000000000
000000010000000000100	000000000000000000	0000000000000000	0000001000000000000000000	000000000000000000000	0000010000000000000
000000000000000001000	000100100000010000	0000000000000000	0000000100000001000000100	100000000010000000000	0000000000010000000
010000000010000000010	010000000000000000	0000000000000001	1000000000000000000000000	000000000000000000000	0000000000000000000
000000000000100000000	000000000010000000	0000000010000000	0000000000000000000000000	000000100000000000000	0000000000100001000
000000000000000000010	000000000000000000	0000000000000001	0000010000000000000000000	000000000000000000000	0000000000000100000
000000000000000000000	000000000000000000	0000000010000010	0000000000000000000000000	001000100000000000000	0000000000000000000
000000000000100000000	000000000010000000	0000000010000000	0000000000000000000000000	000000100000000000000	0000000000100001000
000000000000000000100	000000000000000000	0000000000001000	0000000000000000000000000	000000000000000000000	0000010000000000000
000000000000000000000	000000000000000001	0000000001000000	0000000000000000100000000	000100000000000000000	0000000000000000000
000000000000000000000	000000000000000000	0000000010000010	0000000000000000000000000	001000100000000000000	0000000000000000000
001000000000000000010	000000000000000000	1000010000000001	0000010000000000000000000	000000000000000000000	0000000000000100000
000000000000000000000	000000000000000000	0000000000000000	0000000000000000000000010	000000100000000000000	0001000000000000000
000000000000000000010	000000000000000000	0000000000000001	0000010000000000000000000	000000000000000000000	0000000000000100000
000000000000000000010	000000000000000000	0000000000000001	0000010000000000000000000	000000000000000000000	0000000000000100000
000000000000100000000	000000000010000000	0000000010000000	0000000000000000000000000	000000100000000000000	0000000000100001000
000000001000000000000	000000000000001000	0000000000000000	0001000000000000000000000	000000001000000000010	0010000001000010000
000000000000000000000	000000000000000001	0000000001000000	0000000000000000100000000	000100000000000000000	0000000000000000000
000000000000000000000	000000000000000000	0000000010000010	0000000000000000000000000	001000100000000000000	0000000000000000000
000000000000000000000	000000000000000000	0000000000000000	0000000000000000000000000	000000000000000000000	0000000010000000000
000000000000100000000	000000000010000000	0000000010000000	0000000000000000000000000	000000100000000000000	0000000000100001000
000000000000100000000	000000000010000000	0000000010000100	0000000000000000000000000	000000100000000000000	0000000000000000010
100000000000000000000	000000000000000000	0000000000000000	0000000000000000000000000	000000000000000000000	0000000010000000000
000001000100000000000	000000000000000010	0000000000000000	0000000000000010000000000	000010000100000000000	0000100000000000000
000000000000000000000	000000000000000000	0000000000000000	0000000000000000000000000	000000100000000000000	0001000000000000000
010000000010000000011	010000000000000000	0000000000000001	1000000000000000000000000	000000000000000000000	0000000000000000000
000000000000000000000	001000010000000000	0010000000000000	0000000000010000000000000	000000000000000010000	0000000000000000000
000000010000000000100	000000000000000000	0000000000000000	0000001000000000000000000	000000000000000000000	0000010000000000000
000000000000000000000	001000010000000000	0010000000000000	0000000000010000000000000	000000000000000000000	0000000000000000000
000000000001010000000	000000000000000000	0000000000010000	0000000000000000000000000	000000000000000000000	1000000000000000000
000000000000100000000	000000000010000000	0000000010000000	0000000000000000000000000	000000100000000000000	0000000000100001000
000000000000100000000	000000000010000000	0000000010000100	0000000000000000000000000	000000100000000000000	0000000000000000000
000000010000000000100	000000000000000000	0000000000000000	0000001000000000000000000	000000000000000000000	0000010100000000000
000000000000000001000	000100100000000000	0000100000000000	0000000100100001000000100	000000000010000000000	0000000000010000000
000000000000000000000	000000000000000001	0000000001000000	0000000000000000100000000	000100000000000000000	0000000000000000000
000000000000000000000	000000001000000001	0000000001000000	0000000000000000000000000	000100000000000100000	0000000000000000000
001000000000000000010	000000000000000000	1000010000000001	0000010000000000000000000	000000000000000000000	0000000000000100000
000000000000000010000	000000000000000000	0000000000000000	0000000000000000000000000	000000000000001000000	0000000000001000000
000000000000000001000	000100100000000000	0000000000000000	0000000100000001000000100	000000000010000000000	0000000000010000000
000000000000000000000	000000000000000000	0000000000000000	0000000000000000000000000	000000100000000000000	0001000000000000000
000000000000100000000	000000000010000000	0000000010000000	0000000000000000000000000	000000100000000000000	0000000000100001000
001000000000000000010	000000000000000000	1000010000000001	0000010000000000000000000	000000000000000000000	0000000000000100000
001000000000000000010	000000000000000000	1000010000000001	0000010000000000000000000	000000000000000000000	0000000000000100000
010000000010000000010	010000000000000000	0000000000000001	1000000000000000000000000	000000000000010000000	0000000000000000000
000000000000000001000	000100100000000000	0001000000000000	0000000100000001000000100	000000000000000000100	0000000000010000000
000000000000010000000	000000000000000000	0000000000010000	0000000000000000000000000	000000000000000000000	0000000000000000000
000000000000000000000	000000000001000000	0000000000000000	0000000000000000000000000	000000000000000000000	0000000010000000000
000000000000000000000	000000000000000001	0000000001000000	0000000000000000000100000	000100000000000000000	0000000000000000000
000000000000000000000	001000010000000000	0010000000000000	0000000000010000000000000	000000000000000000000	0000000000000000000
000000010000000000100	000000000000000000	0000000000000000	0000001000000000000000000	000000000000000000000	0000010000000000000
000000000000000000000	000000000000000001	0000000001000000	0000000000000000100000000	000100000000000000000	0000000000000000000
000000000000100000000	000000000010000000	0000000010000000	0000000000000000000000000	000000100000000000000	0000000000100001000
000000000001010000000	000000000000000000	0000000000010000	0000000000000000000000000	000000000000000000000	0000000000000000000
010000000010000000010	010000000000000000	0000000000000001	1000000000000000000000000	000000000000000000000	0000000000000000000
001000000000000000010	000000000000000000	1000010000000001	0000010000000000000000000	000000000000000000000	0000000000000100000
000000000000000000000	001000010000000000	0010000000000000	0000000000010000000000000	000000000000000000000	0000000000000000000
000000000000000000000	000000000000000000	0000000000000000	0000000000000000010010000	000000000000000000000	0000000000000000000
000000000000000001000	000100100000010000	0000000000000000	0000000100000001000000100	100000000010000000000	0000000000010000000
000000000000000001000	000100100000000000	0000100000000000	0000000100100001000000100	000000000010000000000	0000000000010000000
000000000001010000000	000000000000000000	0000000000010000	0000000000000000000000000	000000000000000000000	0000000000000000000
000000000000000000100	000000000000000000	0000000000000000	0000000000000000000001000	000000000000000000000	0000010000000000000
000000000000100000000	000000000010100000	0000000110000100	0000000000000000000000000	000000100000000000000	0000000000000000001
000000000000100000000	000000000010000000	0000000010000100	0000000000000000000000000	000000100000000000000	0000000000000000010
000000000000000000000	000000000000000000	0000000000000000	0000000000000000000000000	000000000000000000000	0000000010000000000
010000000010000000010	110010000000000000	0000000000000001	1000000000000000000000000	000000000001000000000	0000001000000000000
000000000000000000100	000000000000000000	0000000000000000	0000000000000000000000000	000000000000000000000	0000010000000000000
000000000001010000000	000000000000000000	0000000000010000	0000000000000000000000000	000000000000000000000	1000000000000000000
000000000000000000000	001000010000000000	0110000000000000	0000000000010000000000000	000000000000000000000	0000000000000000000
010000000010000000010	010001000000000000	0000000000000001	1000000001000000000000000	000000000000000000000	0000000000000000000
000000000000100000000	000000000010000000	0000000010000000	0000000000000000000000000	000000100000000000000	0000000000100001000
000000000000000000000	000000000000000000	0000000000000000	0000000000000000010010000	000000000000000000000	0000000000000000000
000000000000100000000	000000000010000000	0000000010000000	0000000000000000000000000	000000100000000000000	0000000000100001000
001000000000000000010	000000000000000000	1000010000000001	0000010000000000000000000	000000000000000000000	0000000000000100000
000000000000100000000	000000000010000000	0000000010000000	0000000000000000000000000	000000100000000000000	0000000000100001000
000000000000000000000	000000000000000000	0000000000000000	0000000000000100000010000	000000000000000000000	0000000000000000000
000000000000000000010	000000000000000000	0000000000000001	0000010000000000000000000	000000000000000000000	0000000000000100000
000000001000000000000	000000000000001000	0000000000000000	0001000000000000000000000	000000001000000000000	0010000001000010000
010000000010000000010	010000000000000000	0000000000000001	1000000000000000000000000	000000000000010000000	0000000000000000000
000000000000000000100	000000000000000000	0000000000001000	0000000000000000000000000	000000000000000000000	0000010000000000000
000000000000000000000	000000000000000000	0000000000000000	0000000000000000000010000	000000000000000000000	0000000000000000000
000100000000001000000	001000000000000000	0010001000000000	0000000000010000000000000	000000000000000000000	0100000000000000100
000000000000001000000	001000000000000000	0010000000000000	0000000000010000000000001	000000000000000000000	0000000000000000100
010000000010000000010	010000000100000000	0000000000000001	1000000000000000000000000	000000000000000000000	0000000000000000000
000000000000000000000	000000000000000000	0000000000000000	0010000000000000000000000	000000010000000000000	0000000000000000000
000000000000000000000	000000000000000000	0000000000000000	0000000000000000000000000	000000000000100000000	0000000010000000000
000000000000000000100	000000000000000000	0000000000001000	0000000000000000000000000	000000000000000000000	0000010000000000000
000000000000000000000	000000000000000000	0000000000000000	0000000000000000000000000	000000000000000000000	0000000010000000000
000000000000000000000	000000000000000001	0000000001000000	0000000000000000000000000	000101000000000001000	0000000000000000000
000000000000000001000	000100100000000000	0001000000000000	0000000100000001000000100	000000000000000000100	0000000000010000000
000000000000000000000	000000000000000000	0000000000000000	0000000000000000000000000	000000000000000000000	0000000010000000000
000000000001010000000	000000000000000000	0000000000010000	0000000000000000000000000	000000000000000000000	0000000000000000000
000000000000000000010	000000000000000000	0000000000000001	0000010000000000000000000	000000000000000000000	0000000000000100000
000000000000100000000	000000000010000000	0000000010000000	0000000000000000000000000	000000100000000000000	0000000000100001000
000000000000000000000	000000000000000000	0000000000000000	0000000000000000000000000	000000000000100000000	0000000010000000000
001000000000000000010	000000000000000000	1000010000000001	0000010000000000000000000	000000000000000000000	0000000000000100000
000000000000000000100	000000000000000000	0000000000001000	0000000000000000000000000	000000000000000000000	0000010000000000000
000000000000000000000	000000000000000001	0000000001000000	0000000000000000000100000	000100000000000000000	0000000000000000000
