0000000000000000000000	00000000000000000000	00010000000000	000010000000100100000000	1010000000000000	00000000000000
0000000010000000000000	00000000000100000000	00101000000000	000000000001000000000100	0000010100000000	00100000000010
0000000000000000000000	00000000000000000000	00000000000000	000000000000000000010000	0001000000000000	01000000000000
0000000000000010000000	10000000010000000000	01000000000000	000000000000010000000000	0000000000000000	10000000000000
0000000000000000000100	00010000000001000000	00000000000000	001000000000000000000000	0000000000000001	00001001000000
0000000000000100000000	00000011000000000000	00010000100010	000001000000000000001000	0000000000001000	00000000000000
0000000000000000000000	00000000000000000000	00010000000000	000010000000000100000000	1010000000000000	00000000000000
0000000000000000000000	00000000000000000000	00000001000000	000100000000000000000000	0000000100000000	00100000001000
0000000000000000000000	00000000000000000000	00010000000000	000010000000000100000000	1010000000000000	00000000000000
0000001000000010000000	10000000010000000000	01000000000000	000000000000010000000000	0000000000000000	10000000000000
0000000000000000000010	00000000000000000000	00000000000100	010000000000001000000000	0000000000000000	00000000000000
0000000000000100000000	00000011000000000000	00010000000010	000000000000000000001000	0000000000001000	00000000000000
0000000000000100000000	00000011000000000000	00010000000010	000000000000000000001000	0000000000001000	00000000000000
0000000000000000000000	00000000000000000000	00000010000000	000000000000010000000000	0000000000000000	10000000000000
0000000000000100000000	00000011000000000000	00010000000010	000000000000000000001000	0000000000001000	00000000000000
0000000000000001000000	00001000000000010000	00000000000000	000000000000000001000000	0000000000000000	00000000000000
0000000000000100000000	00000011000000000000	00010000000010	000000000000000000001000	0000000000001000	00000000000000
0000000000000010000000	10000000010000000000	01000000000000	000000000000010000000000	0000000000000000	10000000000000
0001100000000000000000	00000000000000000000	00010000000000	000010000000000100000000	1010000000000000	00000000000000
0000000000000010000000	10000000010000000000	01000000000000	000000000000010000000000	0000000000000000	10000000000000
0000000000000000000000	00000000000000000000	00000001000000	000100000000000000000000	0000000100000000	00100000001000
0000000000000000000010	00000000000000000000	00000000000100	010000000000001000000000	0000000000000000	00000000000000
0000000010000000000000	00000000000100000000	00101000000000	000000000001000000000100	0000010100000000	00100000000000
0000000010000000000000	00100000000100000000	00101000000000	000000000001000000000100	0000010100000000	00100000000000
0000000010000000000000	00000000000100000000	00101000000000	000000000001000000000100	0000010100000000	00100000000000
0000000000000000000010	00000000000000000000	00000000000100	010000000000001000000000	0000000000000000	00000000000000
0000000000000000000000	00001000000000010000	00000000000000	000000000000000001000000	0000000000000000	00000000000000
0000000000000000000000	00010000000001000000	00000000000000	000000000000000000000000	0000000000000001	00001001000000
0000000010000000000000	00000000000100000000	00101000000000	000000000001000000000100	0000010100000000	00100000000010
0000000000000000000000	00000000000000000000	00000000000000	000000000000000000000000	0000000000000000	00000000010000
1000000000000000000000	00000000000000000000	00000000000000	000000000000000000000000	0001100000000000	01000000000001
0000000000001000001000	00000000000000000000	00010000000000	000010000000000100000000	0010001000010000	00000000000000
0000000000000000000001	00000000000000000000	00000000000000	000000000000000000000000	0000000000000000	00000000010000
0000000000000000000000	00000000000000000000	00000000000000	000000000000000000000000	0000000000000000	00000000010000
0000000010000000000000	00000000000100000000	00101000000000	000000000001000000000100	0000010100000000	00100000000000
0000000000000000000000	00000000000000000000	00000000000000	000000000000000000010000	0001000000000100	01000000000000
0000000000000010000000	10000000010000000000	01000000000000	000000000000010000000000	0000000000000000	10000000000000
0000000000000000000000	00000000000000000000	00000000000000	000000000000000000010000	0001000000000000	01000000000000
0000000000000010000000	10000000110000000000	01000000000000	000000000000010000000000	0000000000000000	10000000000000
0000000000000000000000	01000000001000000000	00000000000000	000000000000000000010000	0001000000000000	01000000000000
0000000000000000000000	00000000000000000000	00010000000000	000010000000000100000000	1010000000000000	00000000000000
0000000000000100000000	00000011000000000000	00010000000010	000000000000000000001000	0000000000001000	00000000000000
0000001000000010000000	10000000010000000000	01000000000000	000000000000010000000000	0000000000000000	10000000000000
1000000000000000000000	00000000000000000000	00000000000000	000000000000000000000000	0001100000000000	01000000000001
0001000000000000000000	00000000000000000000	00010000000000	000010001000000100000000	1010000000000000	00000000000000
0000000000000010000000	10000000010000000000	01000000000000	000000000000010000000000	0000000000000000	10000000000000
0000000000000000000010	00000000000000000000	00000000000100	010000000000001000000000	0000000000000000	00000000000000
0000001000000010000000	10000000010000000000	01000000000000	000000000000010000000000	0000000000000000	10000000000000
0000000000000000000000	00000000000000000000	00010000000000	000010000000000100000000	1010000000000000	00000000000000
0000000000000000000010	00000000000000000000	00000000000100	010000000000001000000000	0000000000000000	00000000000000
0000000000000000000000	00001000000000010000	00000000000000	000000000000000001000000	0000000000000010	00000000000000
0100000000000000000010	00000000000000000000	00000000000100	010000000000001000000000	0000000000000000	00000000000000
0000000000001000001000	00000000000000000000	00010000000000	000010000000000100000000	0010000000000000	00000000000000
0000000000001000001000	00000000000000000000	00010000000000	000010000000000100000000	0010001000010000	00000000000000
0000000000000000000000	00000000000000000000	00000000000000	000000000000000000100100	0000010100000000	00100000000000
0000000000000100000000	00000011000000000000	00010000000010	000000000000000000001000	0000000000001000	00000000000000
1000000000000000000000	00000000000000000000	00000000000000	000000000000000000000000	0001100000000000	01000000000001
0000000000000000010000	00000000000000000000	10000000000001	000000000000000000000000	0000000000000000	00010100000000
0000000000000000000000	00000000000000100010	00000000000000	000000000010000000000100	0000010100000000	00100000000000
0000000000000000000000	00000000000100000000	00100000000000	000000000001000000000100	0000010100000000	00100000000000
0000000000000100000000	00000011000000000000	00010000000010	000000000000000000001000	0000000000001000	00000000000000
0000000001000100000000	00000011000000000000	00010000000000	000000000000000000001000	0000000000001000	00000000000000
0000000000000000000000	00000000000000000000	10000000000001	000000000000000000000000	0000000000000000	00010000000000
0000000000000000000000	00000000000000000000	00010000000000	000010000000100100000000	1010000000000000	00000000000000
0000000000000000000000	00000000000100000100	00101000000000	000000000001000000000100	0000010100000000	00100000000000
0000000000000000000000	00000000000000100000	00000000000000	000000000000000000000100	0000010100000000	00100000000000
0000000000001000001000	00000000000000000000	00010000000000	000010100000000100000000	0010000000000000	00000000000000
0000000000000000000000	01000000001000000000	00000000000000	000000000000000000010000	0001000000000000	01000000100000
0000001000000010000000	10000000010000000000	01000000000000	000000000000010000000000	0000000000000000	10000000000000
0001000000000000000000	00000000000000000000	00010000000000	000010000000000100000000	1010000000000000	00000000000000
0000000000000000000000	00000000000000000000	00010000000000	000010000000000100000000	1010000000000000	00000000000000
0000000000000000000000	00000000000000000000	00000000000000	000000000000000000010000	0001000000000000	01000000000000
0000000000001000001000	00000000000000000000	00010000000000	000010000000000100000000	0010000000000000	00000000000000
0000000000000100000000	00000011000000000000	00010000000010	000000000000000000001000	0000000000001000	00000000000000
0000010000010000000000	00000000000100000000	00101000000000	100000000001000000000100	0000010100100000	00100000000000
0000000000000100000000	00000011000000000000	00010000000010	000000000000000000001000	0000000000001000	00000000000000
0000000000000000000100	00010000000001000000	00000000000000	001000000000000000000000	0000000000000001	00001001000000
0000000000000010000000	10000000010000000000	01000000000000	000000000000010000000000	0000000000000000	10000000000000
0000000000000000000000	00000000000000000000	00010000000000	000010000000000100000000	1010000000000000	00000000000000
0000000000000010000000	10000000010000000000	01000000000000	000000000000010000000000	0000000000000000	10000000000000
0000000000000100000000	00000011000000000000	00010000000010	000000000000000000001000	0000000000001000	00000000000000
0000000000000000000000	00000000000000000000	00000000010000	000000000000000000000100	0000010100000000	00100000000100
0000000000001000001000	00000000000000000000	00010000000000	000010100000000100000000	0010000000000000	00000000000000
0000000000000000000000	00000000000100000000	00100000000000	000000000001000000000100	0000010100000000	00100000000000
0000000000000000000000	00000000000000000000	00010000000000	000010000000100100000000	1010000000000000	00000000000000
0000000000000000000000	00000000000100000000	00100000000000	000000000001000000000100	0000010100000000	00100000000000
1000000000000000000000	00000000000000000000	00000000000000	000000000000000000000000	0001100000000000	01000000000001
0000000000000000000000	00000000000000000000	10000000000001	000000000000000000000000	0000000000000000	00010000000000
0000000000000000000000	00000000000000000000	00000000000000	000000000000000000000000	0000000000000000	00000000010000
0000000000000010000000	10000000010000000000	01000000000000	000000000000010000000000	0000000000000000	10000000000000
0000000001000100000000	00000011000000000000	00010000000000	000000000000000000001000	0000000000001000	00000000000000
0000000000000000000000	00000000000000000000	00010000000000	000010000000000100000000	1010000000000000	00000000000000
0000000000000100000000	00000011000000000000	00010000000010	000000000000000000001000	0000000000001000	00000000000000
0000000000000100000000	00000011000000000000	00010000000010	000000000000000000001000	0000000000001000	00000000000000
0000000000000001000000	00001000000000010000	00000000000000	000000000000000001000000	0000000000000000	00000000000000
0000000000000000000000	00000000000100000100	00101000000000	000000000001000000000100	0000010100000000	00100000000000
0000000000000000000000	00000000000100000000	00100000000000	000000000001000000000100	0000010100000000	00100000000000
0000000000000000000000	00000000000000000000	00000000010000	000000000000000000000100	0000010100000000	00100000000100
0000000000001000001000	00000000000000000000	00010000000000	000010000000000100000000	0010000000000000	00000000000000
0000000000000100000000	00000011000000000000	00010000100010	000001000000000000001000	0000000000001000	00000000000000
0000000000000000000010	00000000000000000000	00000000000100	010000000000001000000000	0000000000000000	00000000000000
0000000000000010000000	10000000010000000000	01000000000000	000000000000010000000000	0000000000000000	10000000000000
0001000000000000000000	00000000000000000000	00010000000000	000010001000000100000000	1010000000000000	00000000000000
0000000000000100000000	00000011000000000000	00010000000010	000000000000000000001000	0000000000001000	00000000000000
0000000000000000000000	01000000001000000000	00000000000000	000000000000000000010000	0001000000000000	01000000000000
0000000000000000000000	00000000000000000000	00000000000000	000000000000000000010000	0001000000000000	01000000000000
0000000000000100000000	00000011000000000000	00010000000010	000000000000000000001000	0000000000001000	00000000000000
0000000000000000000000	00000000000000000000	00000000001000	000000000000000000000100	0000010100000000	00100010000000
0000000000000100000000	00000011000000000000	00010000100010	000000000000000000001000	0000000010001000	00000000000000
0000000000000010000000	10000000010000000000	01000000000000	000000000000010000000000	0000000000000000	10000000000000
0000000000000100000000	00000011000000000000	00010000000010	000000000000000000001000	0000000000001000	00000000000000
0000000000000010000000	10000000010000000000	01000000000000	000000000000010000000000	0000000000000000	10000000000000
0000000000000000000000	00000000000000000000	00010000000000	000010000000100100000000	1010000000000000	00000000000000
0000000000000000000000	00000000000100000000	00101000000000	000000000001000000000100	0000010100000000	00100000000000
0000000000001000001000	00000000000000000000	00010000000000	000010000000000100000000	0010000000000000	00000000000000
0000000000000000000000	00000000000100000000	00101000000000	000000000001000000000100	0000010100000000	00100000000000
0000000000000000000000	00000000000000000000	00010000000000	000010000000100100000000	1010000000000000	00000000000000
0000000000000100000000	00000011000000000000	00010000100010	000000000000000000001000	0000000010001000	00000000000000
0000000000000000000000	00000000000000000000	00010000000000	000010000000100100000000	1010000000000000	00000000000000
0000000000001000001000	00000000000010000000	00010000000000	000010000000000110000000	0010000000000000	00000000000000
0000000000000010000000	10000000010000000000	01000000000000	000000000000010000000000	0000000000000000	10000000000000
0000000100000000001000	00000000000000001000	00010000000000	000010000000000100000001	0010000000000000	00000000000000
0000000000000000000000	00000100000000000000	00000000000000	000000000000010000000000	0000000000000000	10000000000000
1000000000000000000000	00000000000000000000	00000000000000	000000000000000000000000	0001100000000000	01000000000001
0000000000000000000000	00001000000000010001	00000000000000	000000010000000001000000	0000000000000000	00000000000000
0000000000000000000010	00000000000000000000	00000000000100	010000000000001000000000	0000000000000000	00000000000000
0000000000000000000000	00000000000000000000	00000000000000	000000000000000000100100	0000010100000000	00100000000000
0000000010000000000000	00100000000100000000	00101000000000	000000000001000000000100	0000010100000000	00100000000000
0000000000001000001000	00000000000000000000	00010000000000	000010000000000100000000	0010000000000000	00000000000000
0000000000000100000000	00000011000000000000	00010000100010	000000000000000000001000	0000000010001000	00000000000000
0000000000000000000010	00000000000000000000	00000000000100	010000000000001000000000	0000000000000000	00000000000000
0000000000000010000000	10000000010000000000	01000000000000	000000000000010000000000	0000000000000000	10000000000000
0000000000000100000000	00000011000000000000	00010000100010	000000000000000000001000	0000000000001000	00000000000000
0000000000000010000000	10000000010000000000	01000000000000	000000000000010000000000	0000000000000000	10000000000000
0000000000000000000100	00010000000001000000	00000000000000	000000000000000000000000	0000000000000001	00001001000000
0010000000000000000000	00000000000000000000	00000000000000	000000000000000000100100	0100010100000000	00100000000000
0000000000001000001000	00000000000000000000	00010000000000	000010000000000100000000	0010000000000000	00000000000000
0000000000001000001000	00000000000010000000	00010000000000	000010000000000110000000	0010000000000000	00000000000000
0000000000000000000000	00000000000000000000	10000000000001	000000000000000000000000	0000000000000000	00010000000000
0000000000000000000000	00000000000000000000	00000000000000	000000000000000000100100	0000010100000000	00100000000000
0000000000000100000000	00000011000000000000	00010000000010	000000000000000000001010	0000000000001000	00000000000000
0000000000000010000000	10000000010000000000	01000000000000	000000000000010000000000	0000000000000000	10000000000000
0000000000000010000000	10000000010000000000	01000000000000	000000000000010000000000	0000000000000000	10000000000000
0000000000000000000000	00000000000100000000	00101000000000	000000000001000000000100	0000010100000000	00100000000000
0001000000000000000000	00000000000000000000	00010000000000	000010000000000100000000	1010000000000000	00000000000000
0000000000100000000000	00000000000000100000	00000000000000	000000000000000000000100	0000010100000000	00100000000000
0000000000001000001000	00000000000000000000	00010000000000	000010000000000100000000	0010001000010000	00000000000000
0000000000001000001000	00000000000000000000	00010100000000	000010000000000100000000	0010000001010000	00000000000000
0000000000000000000000	00000000000000000000	00010000000000	000010000000000100000000	1010000000000000	00000000000000
0000000000000000100000	00000000000000000000	00000000000000	000000000100010000000000	0000000000000000	10000000000000
