00010000000110000	0000000000	000000000000100000100	010000000000	000000000000000	00000000000000000
00000000000000000	0000000000	000000000000000000000	001000000000	000000000100000	00010000000000000
00000000000000000	0000000001	000000000011000000000	000000000100	000000000000000	00000000010000010
00000000000000010	0010000000	000000000000000000000	000000000000	000001000000000	00000100000010000
00000000000000001	0000000000	000000010000000000000	000001000000	000000000000000	00000000000000001
00000000100000000	0000000000	010000000000000100000	000000000001	000000000000000	00000000000000000
00000000000000001	0000000000	000000010000000000000	000000000000	000000000000000	00000000000000001
00000000000000001	0000000000	000000010000000000000	000001000000	000000000000000	00000000000000001
00010000000000000	0000000000	000000000000100000100	010000000000	000000000000000	00000000000000000
00000000000000001	0000000000	000000001000001000000	000000000000	000010000000000	00000000000000001
00000000000000000	0010000000	000000000000000000000	000000000010	000001000000000	00000100000010000
10000010000000001	0000010000	000000010000000000000	000000000000	000000000000000	00000000000000001
00000000000000001	0000000000	000000010000000000000	000000000000	000000000000000	00000000000000001
00000100100000000	0000000000	010000000000000000000	000000000001	000000000000000	00000000000000000
00000000000000001	0000000000	000000010000000000000	000000000000	000000000000000	00000000000000001
00000000000000000	0000000000	000000000000000000000	001000000000	000000000100000	00010000000000000
01000000000000000	0000000000	000000000000000000000	000000000000	100000000001000	00000001000000000
00001001000000000	0000000000	000000000000000000000	000000000000	000000000010000	00000000000100001
00000000000000010	0010000000	000000000000000000000	000000000000	000001000000000	00000100000010000
00010000000100000	0000000100	000000000000100000100	010000000000	000000000000000	00000000000000000
00000000000000000	0000000000	000000000000000000000	000000001100	000000000000000	00000000010000000
00000000000000000	0010000000	000000000000000000000	000000000010	000001000000000	10000100000010000
00000000000000001	0000000000	000000010000000000000	000001000000	000000000000000	00000000000000001
00000000000000010	0010000000	000000000000000000000	000000000000	000001000000000	00000100000010000
00010000010000000	0000000000	000000000000100000100	010000000000	000000000000000	00000000000000000
00000000000000010	0010000000	000000000000000000000	000000000000	000001000000000	00000100000010000
00000000000000000	0000000000	000010000001000000000	000000000100	000000000000000	00000000010000000
00000000000000000	0000000000	000000000001000000000	000000000100	000000000000000	00000000010000000
00000000000000001	0000000000	000000010000000000000	000001000000	000000000000000	00000000000000001
00000000000000001	0000000000	000000010000000000000	000001000000	000000000000000	00000000000000001
00010000000100000	0000000100	000000000000100000100	010000000000	000000000000000	00000000000000000
00000000000000000	0000001000	000000000001000000010	000000000100	001000000000000	00000000010000000
00000000000000010	0010000000	000000000000000000000	000000000000	000001000000000	00000100000010000
00000000000000001	0000000000	000000010000000000000	000000000000	000000001000000	00000000000000001
00000000000000010	0010000000	000000000000000000000	000000000000	000001000000000	00000100000011000
00000000000000000	0000000000	000000000001000000000	000000000100	000000000000000	00000000010000000
00000000000000010	0010000000	000000000000000000000	000000000000	000001000000000	00000100000010000
00000000000000000	0000000000	000000000001000000000	000000000100	000000000000000	00000000010000000
01000000000000000	0000000000	000000000000000000000	000000000000	100000000001000	00000001000000000
00000000000000000	0000000001	000000000011000000000	000100000100	000000000000000	00000000010000010
00000000000000000	0000000000	000000000000000000000	001000000000	000000000100000	00010000000000000
10000010000000001	0000010000	000000010000000000000	000000000000	000000000000000	00000000000000001
00000000100000000	0000000000	010000000000000100000	000000000001	000000000000000	00000000000000000
00000000000000000	0000000010	000000000000000000000	001000000000	000000000000000	00000000000000000
00000000000000001	0000000000	000000010000000000000	000000000000	000000000000000	00000000000000001
00000000000000001	0000000000	000000010000000000000	000000000000	000000000000000	00000000000000001
00000000000000001	0000000000	000000001000001000000	000000000000	000010000000000	00000000000000001
00010000000110000	0000000000	000000000000100000100	010000000000	000000000000000	00000000000000000
00000000000000000	0000000000	000000000001000000000	000000000100	000000000000000	00000000010000000
00010000000100000	0000000100	000000000000100000100	010000000000	000000000000000	00000000000000000
00000000000000001	0000000000	000000001000001000000	000000000000	000010000000000	00000000000000001
00000000000000001	0000000000	000001010000000000000	000000000000	000000001000000	00000000000000001
00000000000000000	0000000000	000000000000000000000	000000001100	000000010000000	00000000010000000
00000000000000001	0000000000	000000010000000000000	000000000000	000000000000000	00000000000000001
00000000000000001	0000000000	000000001000001000000	000000000000	000010000000000	00000000000000001
00000000000000010	0010000000	000000000000000000000	000000000000	010001000000000	00000100000010000
00000000000000000	1000000000	000000000000000000000	100000100000	000000000000000	00000000000000000
00000000100001000	0000000000	010000000000000000001	000000000001	000000000000100	00000000000000000
00000000000000001	0000000000	000000010000000000000	000000000000	000000000000001	00000000000000001
00000000000000000	0000001000	000000000001000000010	000000000100	001000000000000	00000000010000000
00000100100000000	0000000000	110000000000000000000	000000000001	000000000000000	00000000000000000
00000000000000001	0000000000	000000010000000000000	000001000000	000000000000000	00000000000000001
00001001000000000	0000000000	000000000000000000000	000000000000	000000000010000	00000000000100001
00000000000000000	0000000010	000000000000000000000	001000000000	000000000000000	00000000000000000
00000000000000010	0010000000	000000000000000000000	000000000000	000001000000000	00000100000011000
00000000000000010	0010000000	000000000000000000000	000000000000	000001000000000	00000100000010000
00010000000100000	0000000100	000000000000100000100	010000000000	000000000000000	00000000000000000
00000100100000000	0000000000	010000000000000000000	000000000001	000000000000000	00000000000000000
00000100100000000	0000000000	010000000000000000000	000000000001	000000000000000	00000000000000000
00000000000000001	0000000000	000000010000000000000	000010000000	000000000000000	00000000000000101
00000000000000010	0010000000	000000000000000000000	000000000000	010001000000000	00000100000010000
00000000000000000	1000000000	000000000000000000000	100000100000	000000000000000	00000000000000000
00000000000000010	0010000000	000000000000000000000	000000000000	000001000000000	00000100000010000
00010000000110000	0000000000	000000000000100000100	010000000000	000000000000000	00000000000000000
00000000000000000	0000000000	000000000000000000000	000000001100	000000000000000	00000000010000000
00010000000110000	0000000000	000000000000100000100	010000000000	000000000000010	00000000000000000
00000000000000001	0000000000	000001010000000000000	000000000000	000000001000000	00000000000000001
00000000000000000	0000000000	000000000000000000000	001000000000	000000000100000	00010010000000000
00010000000100000	0000000100	000000000000100000100	010000000000	000000000000000	00000000000000000
00000000000000001	0000000000	000000010000000000000	000000000000	000000000000000	00000000000000001
00000000100001000	0000000000	010000000000000000001	000000000001	000000000000100	00000000000000000
00000000000000001	0000000000	000000010000000000000	000000000000	000000000000000	00000000000000001
00000000000000000	0000001000	000000000001000000010	000000000100	000000000000000	00000000010000000
00000000000000000	0000100000	001000000000000000000	000000000000	000100000000000	00000000100000000
00000000100000000	0000000000	010000000000000100000	000000000001	000000100000000	00000000000000000
01000000000000000	0000000000	000000000000000000000	000000000000	100000000001000	00000001000000000
00010000000110000	0000000000	000000000000100000100	010000000000	000000000000000	00000000000000000
00000000000000000	0000000000	000000000000000000000	001000000000	000000000000000	01000000000000000
00000000000000000	0000000000	000000000000000000000	000000001100	000000000000000	00000000010000000
00000000000000000	0000000000	000000000000000000000	001000000000	000000000100000	00010000000000000
00000000000000101	0000000000	000000010000000000000	000000000000	000000000000000	00000000000000001
00010000000110000	0000000000	000000000000100000100	010000000000	000000000000000	00000000000000000
00000100100000000	0000000000	010000000000000000000	000000000001	000000000000000	00000000000000000
00000000100000000	0000000000	010000000000000100000	000000000001	000000000000000	00000000000000000
00000100100000000	0000000000	010000000000000000000	000000000001	000000000000000	00000000000000000
00010000000100000	0000000100	000000000000100000100	010000000000	000000000000000	00000000000000000
00110000000000000	0000000000	000000000000100000100	010000000000	000000000000000	00000000000000000
00000000000000001	0000000000	000000010000000000000	000001000000	000000000000000	00000000000000001
00000000000000010	0010000000	000000000000000000000	000000000000	000001000000000	00000100000011000
00000000000000001	0000000000	000000010000000000000	000000000000	000000000000000	00000000000000001
00000000000000000	0000000000	000000000000000000000	001000000000	000000000100000	00010000000000000
00000000000000001	0000000000	000000010000000000000	000000000000	000000000000000	00000000000000001
00000000000000001	0000000000	000000001000001000000	000000000000	000010000000000	00001000000000001
00000000000000001	0000000000	000000010000000000000	000000000000	000000000000000	00000000000000001
00000000000000000	0000000000	000010000001000000000	000000000100	000000000000000	00000000010000000
00000000000000000	0000000000	000000000001000000000	000000000100	000000000000000	00000000010000000
00000000000000000	1000000000	000000000000000000000	100000100000	000000000000000	00000000000000000
00000000101000000	0101000000	010100000000010011000	000000010001	000000000000000	00000000000000000
00000000000000001	0000000000	000000010000000000000	000000000000	000000000000000	00000000000000001
00000000000000000	0000000000	000000000000000000000	000000001100	000000000000000	00000000010000000
00000000000000000	1000000000	000000000000000000000	100000100000	000000000000000	00000000000000000
00000000000000000	0000000000	000000000001000000000	000000000100	000000000000000	00000000010000000
00000000000000001	0000000000	000001010000000000000	000000000000	000000001000000	00000000000000001
00000000000000001	0000000000	000000010000000000000	000000000000	000000000000000	00000000000000001
00000000000000001	0000000000	000000010000000000000	000000000000	000000000000000	00000000000000001
00000000000000000	0000000000	000000000000000000000	001000000000	000000000100000	00010000000000000
00000000000000001	0000000000	000000010000000000000	000001000000	000000000000000	00000000000000001
00000000000000001	0000000000	000000001000001000000	000000000000	000010000000000	00000000000000001
00000000000000000	0000000001	000000000011000000000	000000000100	000000000000000	00000000010000010
00000100100000000	0000000000	010000000100000000000	000000000001	000000000000000	00000000000000000
00000000000000010	0010000000	000000000000000000000	000000000000	000001000000000	00000100000010000
00010000010000000	0000000000	000000000000100000100	010000000000	000000000000000	00000000000000000
00000000000000010	0010000000	000000000000000000000	000000000000	000001000000000	00000100000010000
00000000000000010	0010000000	000000000000000000000	000000000000	000001000000000	00000100000010000
00000000000000000	1000000000	000000000000000000000	100000100000	000000000000000	00000000000000000
00000000000000001	0000000000	000000010000000000000	000001000000	000000000000000	00000000000000001
00000100100000000	0000000000	010000000000000000000	000000000001	000000000000000	00000000000000000
00010000000100000	0000000100	000000000000100000100	010000000000	000000000000000	00000000000000000
00000000000000001	0000000000	000000010000000000000	000000000000	000000000000000	00000000000000001
00000000000000001	0000000000	000000010000000000000	000000000000	000000001000000	00000000000000001
00000000000000000	0000000000	000000000000000000000	001000000000	000000000100000	00010000000000000
00000000000000000	0000000000	000000000000000000000	000000001100	000000000000000	00000000010000000
00000000000000000	1000000000	000000000000000000000	100000100000	000000000000000	00000000000000000
00000000000000001	0000000000	000000010000000000000	000001000000	000000000000000	00000000000000001
00010000000110000	0000000000	000000000000100000100	010000000000	000000000000000	00000000000000000
00000000000000010	0010000000	000000000000000000000	000000000000	000001000000000	00000100000010000
00010000000110000	0000000000	000000000000100000100	010000000000	000000000000000	00000000000000000
00000000000000001	0000000000	000000110000000000000	000000000000	000000000000000	00000000000000001
00000000100001000	0000000000	010000000000000000001	000000000001	000000000000100	00000000000000000
00010000000100000	0000000100	000000000000100000100	010000000000	000000000000000	00000000000000000
00000000000000001	0000000000	000000001000001000000	000000000000	000010000000000	00000000000000001
00000000000000000	0000000000	000000000001000000000	000000000100	000000000000000	00000000010000000
00000000000000000	0010000000	000000000000000000000	000000000010	000001000000000	00000100000010000
10000010000000001	0000000000	000000010000000000000	000000000000	000000000000000	00000000000000001
00000000000000001	0000000000	000001010000000000000	000000000000	000000001000000	00100000000000001
00000000000000000	0010000000	000000000000000000000	000000000010	000001000000000	10000100000010000
00010000000110000	0000000000	000000000000100000100	010000000000	000000000000000	00000000000000000
00000000100000000	0000000000	010000000000000100000	000000000001	000000000000000	00000000000000000
00010000000000000	0000000000	000000000000100000100	010000000000	000000000000000	00000000000000000
00000000000000001	0000000000	000000010000000000000	000000000000	000000000000000	00000000001000001
