00000000000000010000	0110000000000	000010000000000000000	000000000000001010	000000000100000	000000000
00000000000000001001	0000000110000	000000000000000001000	001000000000000000	000000000000000	000000000
00000000000000001000	0000000010000	000000000000000001000	000000000000000000	000000000000000	000000000
00000000000000000000	0000000000001	000101000000010001000	000001000000000000	000000000000000	000000000
00000000000000000000	0000000000001	000100000000010001000	000001000000000000	000000000000000	000000000
00000000000010000100	1000000000000	000000000000000000000	000000001000000000	000000000000100	000000000
00000000100000000000	0000000000000	000000000110001000000	000000000011000000	000000000000000	000001000
01000001000000000000	0000000000000	000000000000000000000	000000000000000000	000100000000000	000000001
00000000000000000000	0000000000001	000000010000000001000	000000000000000000	000000000000000	000000000
00000000001001100000	0000000000000	000000000000000000000	010000000000000000	000000000000000	000000000
00000000001001100000	0000000000000	000000000000000000000	010000000000000000	000000000000000	000000000
00000000000100000000	0000000000000	000000000000100000000	000000000000100000	000000000000000	000000000
00000000100000000000	0000000000000	000000000110000000000	000000000011000000	000000000000000	000010000
00000000000100000000	0000000000000	000000000000100000000	000000000000100000	000000000000000	000000000
00000000000000001000	0000000110000	000000000000000001000	001000000000000000	000000000000000	000000000
00000000000000000000	0000001000000	000000001000000001000	000000000000000000	000000000000000	000000000
00000000000000000000	0000000000001	000000010000000001000	000000000000000000	000000000000000	000000000
00000000000000001000	0000000110000	000000000000000001000	000000000000000000	000000000000000	000000000
00100000000000000000	0110010001000	000010000000000000000	000000000000000010	000000000001000	000000000
01000001000000000000	0000000000010	000000000000000000000	000000000000000000	100100000000000	000100001
00000000100000000000	0000000000000	000000000110000000000	000000000011000000	000000000000000	000000000
10000000000000000000	0000000000100	000000000001000000000	000000000000000000	001000010000000	000000000
00000000000001100000	0000000000000	010000000000000000000	000000100000000000	000000000000000	000000000
00000000000010000000	1000000000000	000000000000000000000	000000001100000000	000000000000100	000000000
00000000100000000000	0000000000000	000000000110000000000	000000000011000000	000000000000000	000000000
00000000000000000000	0000000000001	000101000000010001000	000001000000000000	000000000000000	000000000
00000000100000000000	0000000000000	000000000110000000000	000000000011000000	000000000000000	000001000
00000000000010000000	1000000000000	000000000000000000000	000000001100000000	000000000000100	000000000
00000000000000000000	0000000000000	001000000000000000001	000000000000000000	010000000000000	000000000
00000000000010000100	1000000000000	000000000000000000000	000000001000000000	000000000000100	000000000
00000000100000000000	0000100000000	000000000110000010000	000000000011000000	000000000000000	001000000
00000000000100000000	0000000000000	000000000000100000000	000000000000100000	000000000000000	000000000
00000000000000001000	0000000110000	000000000000000001000	001000000000000000	000000000000000	000000000
00000000000000001000	0000000110000	000000000000000001000	000000000000000000	000000000000000	000000000
00100000000000000000	0110010000000	000010000000000000000	000000000000000010	000000000010000	000000000
00000000001001100000	0000000000000	000000000000000000000	010000000000000000	000000000000000	000000000
00000000000100000000	0000000000000	000000000000100000000	000000000000100000	000000000000000	000000000
10000000000000000000	0000000000100	000000000001000000000	000000000000000000	001000011000000	000000000
00000000000000001000	0000000110000	000000000000000001000	000000000000000000	000000000000000	000000000
00000000100000000000	0000000000000	000000000110000000000	000000000011000000	000000000000000	000010000
00000000000000001000	0000000010000	000000000000000001000	000000000000000000	000000000000000	000000000
00000010000000001000	0000000110000	000000000000000001000	000000000000000000	000000000000000	000000000
00000100100000000000	0000000000000	000000000110000000000	000000000011000000	000000000000000	000010000
00000000000100000000	0000000000000	000000000000100000000	000000000000110000	000000000000000	000000000
00000000000001100000	0000000000000	010000000000000000000	000000100000000000	000000000000010	000000000
00000000000010000100	1000000000000	000000000000000000000	000000001000000000	000000000000100	100000100
00000000000000001000	0000000110000	000000000000000001000	001000000000000000	000000000000000	000000000
00000000000010000000	1001000000000	000000000000000000000	000000001000000000	000000000000100	000000000
00000000100000000000	0000000000000	000000000110000000000	000000000011000000	000000000000000	000001000
00000000000000000000	0000000000001	000100000000000001000	000000000000000001	000000000000000	000000000
00100000000000000000	0110010001000	000010000000000000100	000000000000000010	000000000001000	000000000
00000000000000000000	0000000000001	000100000000000001000	000000000000000001	000000000000000	000000000
00000000000010000000	1001000000000	000000000000000000000	000000001000000000	000000000000100	000000000
00000000100000000000	0000000000000	000000000110000000000	000000000011000000	000000000000000	001000000
00000000000000000000	0000000000000	001000000000000100000	000000010000000000	000000000000000	000000000
00000000000000000000	0000000000001	000100000000010001000	000001000000000000	000000000000000	000000000
00000000000000001000	0000000110000	000000000000000001000	000000000000000000	000000000000000	000000000
00100000000000000000	0110010001000	000010000000000000100	000000000000000010	000000000001000	000000000
00000000000000010000	0110000000000	000010000000000000000	000000000000001010	000000000100000	000000000
00100000000000000000	0110010001000	000010000000000000000	000000000000000010	000000000001000	000000000
00000000000010000000	1000000000000	000000000000000000000	000000001000000000	000000000000100	000000000
00000000000100000000	0000000000000	000000000000100000000	000000000000100000	000000000000000	000000000
00000000000000001000	0000000010000	000000000000000001000	000000000000000000	000000000000000	000000000
00000000000000001000	0000000010000	100000000000000001000	000000000000000000	000000000000000	000000000
00000000100000000000	0000000000000	000000000110000000000	000000000011000000	000000000000000	001000000
00000000000000001000	0000000110000	000000000000000001000	000000000000000000	000000000000000	000000000
00000000000100000000	0000000000000	000000000000100000000	000000000000100000	000000000000000	000000000
00100000000000000000	0110010000000	000010000000000000000	000000000000000010	000000000010000	000000000
00100000000000000000	0110010001000	000010000000000000100	000000000000000010	000000000001000	000000000
00000000000010000000	1000000000000	000000000000000000000	000000001000000000	000000000000100	000000000
00000000100000000000	0000000000000	000000000110000000000	000000000011000000	000001000000000	001000000
00100000000000000000	0110010001000	000010000000000000000	000000000000000010	000000000001000	000000000
00000000000010000000	1000000000000	000000000000000000000	000000001100000000	000000000000100	000000000
00000000000010000000	1001000000000	000000000000000000000	000000001000000000	000000000000100	000000000
00000000000000000000	0000000000001	000100000000010001000	000001000000000000	000000000000000	000000000
00000000000010000000	1000000000000	000000000000000000000	000000001100000100	000000000000100	000000000
10000000000000000000	0000000000100	000000000001000000000	000000000000000000	001000010000000	000000000
00000000000010000000	1000000000000	000000000000000000000	000000001000000000	000000000000100	000000000
00000000000000001000	0000000010000	000000000000000001000	000000000000000000	000000000000000	000000000
00000010000000001000	0000000110000	000000000000000001000	000000000000000000	000000000000000	000000000
00000000000000001000	0000000010000	100000000000000001000	000000000000000000	000000000000000	000000000
00000000000010000000	1000000000000	000000000000000000000	000000001100000000	000000000000100	000000000
00000000000000001000	0000000110000	000000000000000001000	000000000000000000	000000000000000	000000000
00000000000010000000	1000000000000	000000000000000000000	000000001000000000	000000000000100	000000000
00000000000010000000	1000000000000	000000000000000000000	000000001100000000	000000000000100	000000000
00000000000010000000	1000000000000	000000000000000000000	000000001100000100	000000000000100	000000000
00000000000100000000	0000000000000	000000000000100000000	000000000000100000	000000000000000	000000000
00000000000010000000	1000000000000	000000000000000000000	000000001100000100	000000000000100	000000010
00100000000000000000	0110010000000	000010000000000000000	000000000000000010	000000000010000	000000000
00100000000000000000	0110010001000	000010000000000000100	000000000000000010	000000000001000	000000000
00000000100000000000	0000000000000	000000000110000000000	000000000011000000	000000000000000	000000000
00000000110000000000	0000000000000	000000000110000000000	000000000011000000	000000000000000	000000000
00000000000000000000	0000000000001	000000010000000001000	000000000000000000	000000000000000	000000000
00000000000010000100	1000000000000	000000000000000000000	000000001000000000	000000000000100	000000000
00000000000000001000	0000000110000	000000000000000001000	000000000000000000	000000000000000	000000000
00001000100000000000	0000000000000	000000000110000000000	000000000011000000	000000000000000	000000000
00000000000000010000	0110000000000	000010000000000000000	000000000000001010	000000000100000	000000000
00000000000000000000	0000000000000	001000000000000000000	000000010000000000	000000000000000	000000000
00000000100000000000	0000000000000	000000000110000000000	000000000011000000	000000000000000	000001000
00000000100000000000	0000000000000	000000000110000000000	000100000011000000	000000000000000	000001000
00000000000000010000	0110000000000	000010000000000000000	000000000000001010	000000000100000	000000000
00000000100000000000	0000000000000	000000000110000000000	000000000011000000	000000000000000	000001000
00000000000000010000	0110000000000	000010000000000000000	000000000000001010	000000000100000	000000000
00000000000000000000	0000000000001	000100000000010001000	000000000000000000	000000000000000	000000000
00000000000010000000	1000000000000	000000000000000000000	000000001100000000	000000000000100	000000000
01000001000000000000	0000000000000	000000000000000000000	000000000000000000	000100000000000	000000001
00000000000000010000	0110000000000	000010000000000000000	000000000000001010	000000000100000	000000000
00000000000000000000	0000000000000	001000000000000000000	000000000000000000	010000000000000	000000000
00000000000000001000	0000000110000	000000000000000001000	000000000000000000	000000000000000	000000000
00000000000000001000	0000000010000	000000000000000001000	000000000000000000	000000000000000	000000000
00000000100000000000	0000000000000	000000000110000000000	000000000011000000	000000000000000	000000000
00000000000000000000	0000000000000	001000000000000000000	000000000000000000	010000000000000	000000000
00000000100000000000	0000000000000	000000000110000000000	000000000011000000	000000000000000	001000000
00000000000000000000	0000000000001	000100000000000001000	000000000000000000	000000000000000	000000000
00000000000000001000	0000000110000	000000000000000001000	000000000000000000	000000000000000	000000000
00000000100000000000	0000000000000	000000000110000000000	000000000011000000	000000000000000	000000000
00000000000000001000	0000000110000	000000000000000001000	000000000000000000	000000000000000	000000000
00000000000000001000	0000000110000	000000000000000001000	000000000000000000	000000000000000	010000000
00000000000000000000	0000001000000	000000000000000001000	000000000000000000	000000000000000	000000000
00000000000000010000	0110000000000	000010000000000000000	000000000000001010	000000000100000	000000000
00000000100000000010	0000000000000	000000100110000000010	100000000011000000	000000100000000	000000000
00000000100000000000	0000000000000	000000000110000000000	000000000011000000	000000000000000	000010000
00000000000010000100	1000000000000	000000000000000000000	000000001000000000	000000000000100	000000000
00000000000010000000	1000000000000	000000000000000000000	000000001000000000	000000000000100	000000000
00000000000100000000	0000000000000	000000000000100000000	000000000000100000	000000000000000	000000000
00000000000000001000	0000000110000	000000000000000001000	000000000000000000	000000000000000	000000000
00000000100000000000	0000000000000	000000000110000000000	000000000011000000	000010000000001	000000000
00000000100000000000	0000000000000	000000000110000000000	000000000011000000	000000000000000	000010000
00000000000001100000	0000000000000	010000000000000000000	000000100000000000	000000000000000	000000000
00000000000000000000	0000000000001	000100000000010001000	000001000000000000	000000000000000	000000000
00000000100000000000	0000000000000	000000100110000000010	000000000011000000	000000100000000	000000000
00000000000010000000	1000000000000	000000000000000000000	000000001100000000	000000000000100	000000000
00000000000010000000	1000000000000	000000000000000000000	000000001100000100	000000000000100	000000000
00000000000000000000	0000000000001	000000010000000001000	000000000000000000	000000000000000	000000000
00000000000010000000	1000000000000	000000000000000000000	000000001100000100	000000000000100	000000010
00000000000000000000	0000000000001	000000010000000001000	000000000000000000	000000000000000	000000000
00000000001001100000	0000000000000	000000000000000000000	010000000000000000	000000000000000	000000000
00000000000010000000	1000000000000	000000000000000000000	000010001100000000	000000000000100	000000000
00000000000000001000	0000000110000	000000000000000001000	000000000000000000	000000000000000	000000000
00000000000010000000	1000000000000	000000000000000000000	000000001000000000	000000000000100	000000000
00000000100000000000	0000000000000	000000000110000000000	000000000011000000	000010000000001	000000000
00000000100000000000	0000000000000	000000000110000000000	000000000011000000	000000000000000	000010000
00010000000000001000	0000000110000	000000000000000001000	000000000000000000	000000000000000	000000000
00000000000000001000	0000000110000	000000000000000001000	000000000000000000	000000000000000	000000000
00000000001001100000	0000000000000	000000000000000000000	010000000000000000	000000000000000	000000000
00000000000000000000	0000000000001	000100000000010001000	000001000000000000	000000000000000	000000000
00000000000000001000	0000000110000	000000000000000001000	000000000000000000	000000000000000	010000000
00000000000000001000	0000000110000	000000000000000001000	000000000000000000	000000000000000	000000000
00000000000000001000	0000000110000	000000000000000001000	000000000000000000	000000000000000	000000000
00000000100000000000	0000100000000	000000000110000010000	000000000011000000	000000000000000	001000000
