00000000100000000	000000000000010000	0000000010	001000000000	00001000000000	00000000000000000
00000000000000000	000000000000000000	0000100000	000000000000	00000000000000	00000000000000010
00100110000000000	000000100000000000	0000000000	000000000000	00000000000000	00010000010000000
00000000000100000	010000000000000000	0000010100	000000000000	00000000000000	00000000000010000
10001000000000000	000010000100000000	0000000000	000000000000	00000000000000	00000000000000000
00000000000000000	000000000000000000	0000000000	100000000000	01000000000000	00000000000000010
00000000010001000	000000001000000000	0000000000	000000000000	00000000000001	00010100000000000
00000000000000000	000000000000000000	0000000000	100000100000	00000000000000	00000000000000010
00000000001000000	100000000010001000	0000000000	000000000000	10000000000000	00000000000000000
10001000000000000	000010000000000000	0000000000	000000000000	00000000000000	00000000000000000
00000000000000000	100000000000001000	0000000000	000000000000	10000000000000	00000000000000000
00000000000000000	100000000000000000	0010000000	000000000000	10000000001000	00000001000000000
00000001000000000	000000000000000000	0000000000	000010000000	00000000000000	10000000000000010
00000000000000000	100000000000001000	0000000000	000000000000	10000000000000	00000000000000000
00000000000000000	000000000000000000	0100000000	000000000010	10000000000000	00000000000000000
00000000000000000	000000000000000000	0000010100	000000000000	00000000000000	00000000000000000
10001000000000000	000010000000000000	0000000000	000001000000	00000000000000	00000000000000000
00000000001000000	100000000000001000	0000000000	000000000000	10000000000000	00000000000000000
00000000000000000	000000000000000000	0000000000	000000000000	00000000000000	00000010000000010
00000000010001000	000000001000000000	0000000000	000000000000	00000000000001	00010100000000000
00000000000000000	000000000000000000	0100000000	000000000000	10010000000000	00000000000000000
00000000000000000	000000000000000000	0000000000	100000000000	00000000000000	00000000000000010
00000000000000000	000000000000000000	0000100000	000000000000	00100000000000	00000000000000010
00000000000000000	000000000000000000	0100000000	000000000000	10010000000000	00000000000000000
00000000000000000	000001000000000000	0000000000	000000000000	00000000000000	00000000000000100
00000000000100000	010000000000000000	0000010100	000000000000	00000000000000	00000000000010000
01000000000000000	000000000000100000	0000100000	000000001000	00000000000000	00000000000000010
00000000000000000	000000000000000000	0000010100	000000000000	00000000000000	00000000000000000
00000000000010000	000000000000000000	0000000000	100000000000	00000000000000	00000000000000010
00010000000000000	100000000000001000	0000000000	000000010000	10000000000000	00000000000000000
00000000000000000	000000000000000000	0000001000	000000000000	00000000000000	00000010000000010
00000000000000010	000000000000000000	0100000000	000000000001	10010000000000	00000000000000000
00000000000000000	000000000000000010	0100000000	000000000000	10000000000000	00000000000000000
01000000000000000	000000000000100000	0000100000	000000000000	00000000000000	00000000000000010
00000000000100000	010000010000000000	0000010100	000000000000	00000000000000	00000000000010000
00000000100000000	000000000000000000	0000000010	001000000000	00001000000000	00000000000000000
00000000000000000	000000000000100000	0000100000	000000000000	00000000000000	00000000000000010
00000000000000000	000000000000000000	1000100000	000000000000	00000000000000	00000000000000010
00000000000000000	100000000000001000	0000000000	000000000000	10000000000000	00000000000000000
00000000000000000	000000000000000000	0100000000	000000000010	10000000000000	00000000000000000
10001000000000000	000010000100000000	0000000000	000000000000	00000000000000	00000000000000000
00000000000100000	010000000000000000	0000010100	000000000000	00000000000000	00000000000010000
00010000000000000	100000000000001000	0000000000	000000010000	10000000000000	00000000000000000
00000000000100000	010000010000000000	0000010100	000000000000	00000000000000	00000000000010000
00000000000000000	000000000000000000	0000000000	000000000000	00000000000000	00000000001000000
00000000001000000	100000000000001000	0000000000	000000000000	10000000000000	00000000000000000
00000000000000000	000000000000000000	0100000000	000000000010	10000000000000	00000000000000000
00000000100000000	000000000000000000	0000000010	011000000000	00001000000000	00000000000000000
00100110000000000	000000100000000000	0000000000	000000000000	00000000000000	00010000010000000
00100110000000000	000000100000000000	0001000000	000000000100	00000000000000	00011000010000000
00000000000000000	000000000000000000	0000000000	100000000000	01000000000000	00000000000000010
00100110000000000	000000100000000000	0000000001	000000000000	00000000000000	00010000010001000
00000000000000000	000000000000000000	0100000000	000000000000	10010000000000	00000000000000000
01000000000000000	000000000000100000	0000100000	000000000000	00000000000000	00000000000000010
00000000000000000	000000000000100000	0000100000	000000000000	00000000000000	00000000000000010
00000000000000000	000000000000000000	0000010100	000000000000	00000000000000	00000000000000000
00000000001000000	100000000000001000	0000000000	000000000000	10000000000000	00000000000000000
00000000000000000	000000000000000010	0100000000	000000000000	10000000000000	00000000000000000
01000000000000000	000000000000100000	0000100000	000000000000	00000000000000	00000000000000010
00000000000000000	000000000000000000	0000000000	000000000000	00000000100000	00000000000000100
00000000000100000	010000000000000000	0000010100	000000000000	00000000000000	00000000000010000
00100110000000000	000000100000000000	0000000000	000000000000	00000000000000	00010000010000000
00000000010001000	000000001000000000	0000000000	000000000000	00000000000001	00010100000000000
00000000000000000	000000000001000000	0000100000	000000000000	00000000000000	00000000000000010
00000000000000000	000000000000000000	0000000000	100000000000	00000000000000	00000000000000010
00100110000000000	000000100000000000	0000000000	000000000000	00000000000000	00010000010000000
00000000000100000	010000010000000000	0000010100	000000000000	00000000000000	00000000000010000
00000000001000000	100000000000001000	0000000000	000000000000	10000000000000	00000000000000000
00000000001000000	100000000000001000	0000000000	000000000000	10000000000000	00000000000000000
00100110000000100	000000100000000000	0000000001	000000000000	00000010000000	00010000010000000
00000000000000000	000000000000000000	0000000000	000000000000	00000000000000	00000000000000100
00000000000000000	000000000000000000	0100000000	000000000000	10010000000000	00000000000000000
00000000000000000	000000000000000000	0000000000	100000000000	00000000000000	00000000000000010
00000000000000000	000000000000000000	0100000000	000000000000	10010000000000	00000000000000000
00000000000000000	000000000000000000	0000100000	000000000000	00100000000000	00000000000000010
00000000100000000	000000000000000000	0000000010	001000000000	00001000000000	00000000000000000
00000000000000000	100000000000000000	0010000000	000000000000	10000000001000	00000001000000000
00000000000000000	000000000000000000	0000100000	000000000000	00000000000000	00000000000000010
00000000000000000	000000000000000000	0000010100	000000000000	00000000000000	00000000000000000
00000000000000000	000000000000000010	0100000000	000000000000	10000000000000	00000000000000000
00100110000000000	000000100000000000	0000000000	000000000000	00000000000000	00010000010000000
00000001000000000	000000000000000000	0000000000	000000000000	00000000000000	10000000000000010
00000000001000000	100000000000001000	0000000000	000000000000	10000000000000	00000000000000000
00000000000000000	000000000000000010	0100000000	000000000000	10000000000000	00000000000000000
00000000000000000	000000000000000000	0000000000	000000000000	10000000000010	00000000000100001
00000000000000000	000000000000000000	1000100000	000000000000	00000000000000	00000000000000010
00000000000000000	000000000000000010	0100000000	000000000000	10000000000000	00000000000000000
00000000000100000	010000000000000000	0000010100	000000000000	00000000000000	00000000000010000
00000000000100000	010000000000000000	0000010100	000000000000	00000000000000	00000000000010000
00000000000000000	000000000000000000	0000000000	000000000000	00000000000000	00000000000000100
00000000000000000	000000000000000000	0100000000	000000000010	10000100000000	00000000000000000
00000000000100000	010000000000000000	0000010100	000000000000	00000000000000	01000000000010000
00000001000000000	000000000000000000	0000000000	000000000000	00000000010000	00000000000000010
10001000000000000	000010000100000000	0000000000	000000000000	00000000000000	00000000000000000
00000000000000000	000000000000000000	0000000000	000000000000	00000000000000	00000000001000000
00000000001000000	100000000010001000	0000000000	000100000000	10000000000000	00000000000000000
00000001000000000	000100000000000000	0000000000	000000000000	00000000000000	10000000000000010
00000000000000000	000000000000000000	0000000000	100000000000	01000000000000	00000000000000010
00000000000000000	000000000000000000	0000000000	000000000000	00000000000000	00000000000000100
00000000000000000	100000000000001000	0000000000	000000000000	10000000000000	00000000000000000
00000000100000000	000000000000000000	0000000000	000000000000	00001000000000	00000000000000000
00000001000000000	000000000000000000	0000000000	000000000000	00000000000000	10000000000000010
00000000000000000	100000000000001000	0000000000	000000010000	10000000000000	00000000000000000
00000000000000000	000000000000000000	0100000000	000000000000	10010000000000	00000000000000000
00000000100000000	000000000000000000	0000000000	000000000000	00001000000000	00000000000000000
00000000000000000	000000000000000000	0000000000	000000000000	00000000000000	00000000001000000
00000000000001000	000000001000000000	0000000000	000000000000	00000000000000	00010100000000000
00000000000000000	000000000000000000	0100000000	000000000000	10000000000000	00000000000000000
00000001000000000	000000000000000000	0000000000	000000000000	00000000000000	10000000000000010
00000000000000000	000000000000000000	0100000000	000000000010	10000000000000	00000000000000000
00000000010001000	000000001000000000	0000000000	000000000000	00000000000001	00010100000000000
00000000100000000	000000000000000000	0000000010	011000000000	00001000000000	00000000000000000
00000000000000000	000000000000000000	0100000000	000000000010	10000000000000	00000000000000000
00000000000000000	100000000000000000	0010000000	000000000000	10000000001000	00000001000000000
00000000000000001	000000000000000000	0100000000	000000000000	10010000000000	00000000000000000
00000000000000000	000000000000000010	0100000000	000000000000	10000000000000	00000000000000000
00000000000000000	000000000000000000	0000010100	000000000000	00000001000000	00000000000000000
00000000100000000	000000000000010000	0000000010	001000000000	00001000000000	00000000000000000
00000000000000000	000000000000100001	0000100000	000000000000	00000000000000	00000000000000010
00000000000000000	000000000000000000	0000000000	100000000000	00000000000000	00000000000000010
00000000000000000	000000000001000000	0000100000	000000000000	00000000000000	00000000000000010
00000000000000000	000000000000000000	0100000000	000000000010	10000000000000	00000000000000000
00100110000000000	000000100000000000	0000000000	000000000000	00000000000000	00010000010000000
00000000000000000	000000000000000010	0100000000	000000000000	10000000000000	00000000000000000
00000000001000000	101000000000001100	0000000000	000000000000	10000000000000	00000000000000000
00000000100000000	000000000000000000	0000000000	000000000000	00001000000000	00000000000000000
00000000000100000	010000000000000000	0000010100	000000000000	00000000000000	00000000000010000
00000000100000000	000000000000000000	0000000010	001000000000	00001000000000	00000000000000000
00100110000000000	000000100000000000	0000000000	000000000000	00000000000000	00010000010000000
00000000000000000	000000000000000000	0000000000	000000000000	00000000000000	00000010000000010
00000000000000000	000000000000000000	0100000000	000000000000	10010000000000	00000000000000000
00000001000000000	000000000000000000	0000000000	000010000000	00000000000000	10000000000000010
00000000100000000	000000000000000000	0000000010	001000000000	00001000000000	00000000000000000
00000000000000000	000000000000000000	0100000000	000000000000	10010000000000	00000000000000000
00000000001000000	100000000010001000	0000000000	000000000000	10000000000000	00000000000000000
00000000000000000	000000000000000010	0100000000	000000000000	10000000000000	00000000000000000
00000000000000000	100000000000001000	0000000000	000000000000	10000000000000	00000000100000000
00000000000000000	100000000000001000	0000000000	000000010000	10000000000000	00000000000000000
00000000000000000	000000000000000000	0000010100	000000000000	00000001000000	00000000000000000
00000000000000000	000000000000000000	0000000000	100000000000	00000000000000	00000000000000010
00000000000000000	000000000000000000	0000000000	000000000000	00000000000000	00000000000000100
00000000000000000	000000000000000000	0000100000	000000000000	00000000000000	00100000000000010
00000000100000000	000000000000000000	0000000010	001000000000	00001000000000	00000000000000000
00000000000000000	000000000000000000	0100000000	000000000000	10000000000100	00000000000000000
00000000000000000	000000000000000000	0000000000	000000000000	00000000000000	00000000000000100
00000000100000000	000000000000000000	0000000010	001000000000	00001000000000	00000000000000000
00000000000000000	000000000000000000	0000000000	000000000000	00000000000000	00000000000000100
00000000100000000	000000000000000000	0000000010	001000000000	00001000000000	00000000000000000
00000000000000000	000000000000000000	0100000000	000000000000	10000000000100	00000000000000000
00000000000000000	000000000000000010	0100000000	000000000000	10000000000000	00000000000000000
