000000000000000	0000000000000000	00000000000000	000000000000000000	00000000	00000000000000
000000000000000	0000000000000000	00000000000000	000000000000000000	00000000	00000000000000
000000000000000	0000000000000000	00000000000000	000000000000000000	00001000	00001000000000
000000000000000	0000000000000000	00000000000000	000000000001000000	00001000	00001000000000
010000001000000	0000000000000000	00000000010000	000000000000101001	00000000	00000000010000
000000000000000	0000000000000000	00000000000000	000000000001000000	00001000	00001000000000
000000010000000	0000010000000000	00000000000000	000000000000000000	00000000	00000000000000
000000000001000	0000000000000000	00000000010000	000000000100001000	00000000	00000000000000
000000000000000	0000000000000000	00000000000000	000000000000000000	00001000	00001000000000
000000000000000	0000000000010000	00000000000000	000000000000000000	00000000	00000000000000
000000000000000	0000000000000000	00000000000000	000000000000000000	00000000	00001000000000
100000000000000	0000000000000000	00000000000001	000000000010000000	00000000	00001000000000
000001000000000	0000000000000000	00000000000000	000000001000000010	00000000	00001000000000
100000000000000	0000000000000000	00000000000001	000000000010000000	00000000	00001000000000
000000000000100	0000000000000000	00000000000000	000100000000000000	00000000	00001000000000
000000000000000	0000100000001011	00000000000000	000001000000010000	10000000	00000000000000
000000000000000	0000100000001011	00000000000000	000001000000010000	10000000	00000000000000
000000000000000	0000100000001010	00000000000000	000001000000010000	10000000	00000000000000
000000000000000	0000000000000000	00000000000000	000000000000000000	00000000	00001000000000
000000000100000	0000000000000000	00000000000000	000000000000000000	00000000	00000010000000
000010000000000	0000000000000000	00000000010000	000000000100001000	00000000	00000000000000
000000000100000	0000000000000000	00000000000000	000000000000000000	00000000	00000010000000
000000000000000	0000100000001010	00000000000000	000001000000010000	10000000	00000000000000
000000000000100	0000000000000000	00000000000000	000100000000000000	00000000	00001000000000
000000000000000	0000000000000000	00000000000000	000000000000000000	00000000	00000000000000
000000000001000	0000000000000000	00000000010000	000000000100001000	00000000	00000000000000
000000000000000	0001000100000000	00000000000000	000000000000000000	00000000	00000000000000
000000000000000	1100000000000000	00000000001010	000010010000000000	00000000	00000000000000
000000000000000	1100000000000000	00000000000010	000010000000000000	00000000	00000000000000
000000000000000	0000000000000000	00000000000000	000000000000000000	00000000	00000000000000
000000000000000	0000000000000000	00000000000000	000000000000000100	00000000	00000000100000
000000000000000	0000000000000000	00000000000000	000000000000000000	00000000	00000000000000
000000000000000	0000100000001010	00000000000000	000001000000010000	10000000	00000000000000
000000000000000	0000000000000000	00000000000000	000000000000000000	00000000	00001000000000
000000000000000	0000100000001010	00000000000000	000001000000010000	10000000	00000000000000
000000000000000	1100000000000000	00000000000010	000010000000000000	00000000	00000000000000
000000000000000	0000000000000000	00000000000000	000000000000000000	00000000	00000000000010
000000000000000	0000000000000000	00000000000000	000100000000000000	00000000	00001000000000
000000000000100	0000000000000000	00000000000000	000100000000000000	00000000	00001000000000
100000000000000	0000000000000000	00000000000001	000000000010000000	00000000	00001000000000
000000000000000	0000000001000000	00000000000000	000000000000000000	00000000	00000000000000
000000000000000	0000000000000000	00000000000000	000000000000000000	00000000	00000000000000
000000000000000	0000000000001000	00000000000000	000001000000010000	11100000	00000000000001
000000000000000	0000000000000000	00000000000000	000000000001000000	00001000	00001000000000
000000000000000	0000100000001011	00000000000000	001001000000010000	10000000	00000000000000
000000000000011	0000000000000000	00100010100000	100000000000000000	00000000	00000000000000
000000000000000	0000000000000000	00000000000000	000000000000000000	00001000	00001000000000
000000000000000	0000100000001010	00000000000000	000001000000010000	10000000	00000000000000
000000000000000	0000000000000000	00000000000000	000000000000000000	00001000	00001000000000
000000000000000	0000000000000000	00000000000000	000000000001000000	00001000	00001000000000
000000000000000	0000000000000000	00000000000000	000000000001000000	00001000	00001000000000
000000000000000	0000000000000000	00000000000000	000100000000000000	00000000	00001000000000
000000000000000	0000100000001010	00000000000000	000001000000010000	10000000	00000000000000
000000000000000	1100000010000000	00000000000010	000010000000000000	00000000	00000000000000
000000000000000	0000000000000000	00000000000000	000000000000000100	00000000	00000000100000
000000000000000	0000000000000000	00000000000000	000000000001000000	00001000	00001000000000
000000000000000	0000000000000000	10000000000000	000000000000000000	00000000	00000000000000
000000000000000	0000000000000000	00000000000000	000000000000000000	00000000	00000000000000
000000000000100	0000000000000000	00000000000000	000100000000000000	00000000	00001000000000
000000000000100	0000000000100000	00000000000000	000100000000000000	00000000	00001000000000
000000000000000	0000000000000000	00000000000100	000000000000000000	00000000	00000001000000
100000000000000	0000000000000000	00000000000000	000000000010000000	00000000	00001000000000
000000000000000	0000000000000000	00000100000000	000000000000000000	00000000	00000000000000
000000000000000	0001000100000000	00000000000000	000000000000000000	00000000	00000000000000
000000000000000	0000000000000000	00000000000000	000000000000000100	00000000	01000000100000
000001000000000	0000000000000000	00000000000000	000000001000000010	00000001	00001000000000
000000000000000	0001000100000000	00000000000000	000000000000000000	00000000	00000000000000
000000000000000	0000000000000000	00000100000000	000000000000000000	00000000	00000000000000
000000000000010	0000000000000000	00100010100000	100000000000000000	00000000	00000000000000
000000010000000	0000010000000000	00000000000000	000000000000000000	00010000	00000000000000
000000000001000	0000000000000000	00000000010000	000000000100001000	00000000	00000000000000
000001000000000	0000000000000000	00000000000000	000000001000000010	00000001	00001100000000
000000000000011	0000000000000000	00101010100000	100000000000000000	00000000	00000000000000
000000000000000	0000000000000000	00000000000000	000000000001000000	00001000	00001000000000
000000100000000	0000000000000000	00000000010000	000000000100001000	00000000	00000000000000
000000000000000	0000100000001010	00000000000000	000001000000010000	10000000	00000000000100
000000000000000	0000000000000000	00010001000000	000000000000000000	00000000	00000000000000
000000000000000	0000100000001011	00000000000000	000001000000010000	10000000	00000000000000
000000000000000	0000000000000000	00000000010000	010000000100001000	00000000	00000000000000
000000000000000	1100000000000000	00000000000010	000010000000000000	00000000	00110000000000
000000000001000	0000000000000000	00000000010000	000000000100001000	00000000	00000000000000
000000000000000	0000000000000000	00000000000000	000000000000000000	00000000	00000000000000
000000000000000	1100000000000000	00000000001010	000010010000000000	00000000	00000000000000
000001000000000	0000000000000000	00000000000000	000000001000000010	00000001	00001000000000
000000000000000	0000000000001000	00000000000000	000001100000010000	10100000	00000000000000
000000000000000	0000100000001010	00000000000000	000001000000010000	10000000	00000000000000
001000000001000	0000000000000000	00000000010000	000000000100001000	00000000	00000000000000
000000000100000	0000000000000000	00000000000000	000000000000000000	00000000	00000010000000
000000000000000	0000000000000000	00000000000000	000100000000000000	00000000	00001000000000
000000000001000	0000000000000000	00000000010000	000000000100001000	00000000	00000000000000
000000000000000	0000000000000000	00000000000000	000100000000000000	00000000	00001000000000
000000000000100	0000000000000000	00000000000000	000100000000000000	00000000	00001000000000
000000000001000	0000000000000000	00000000010000	000000000100001000	00000000	00000000000000
100000000000000	0000000000000000	00000000000000	000000000010000000	00000010	00001000000000
000000000010000	0010000000000000	00000000000000	000100000000000000	00000000	00001000000000
000000000000100	0000000000100000	00000000000000	000100000000000000	00000000	00001000000000
000000000000100	0000001000000000	00000000000000	000100000000000000	00000000	00001000000000
000000000000000	0000100000001010	00000000000000	000001000000010000	10000000	00000000000000
000000000000000	0000000000000000	00000000000000	000000000000000000	00000000	00000000000000
000000000000000	0000000000000000	00000000000000	000000000000000000	00000000	00000000000000
000000000000000	1100000010000000	00000000000010	000010000000000000	00000000	00000000000000
000000000000000	0000100000001011	00000000000000	001001000000010000	10000000	00000000000000
000000000000000	0000000000000000	00000010100000	000000000000000000	00000000	00000000000000
000000000000000	0000000000000000	00000000000000	000000000000000000	00001000	00001000000000
000000000000000	0000000000000000	00000000000000	000000000000000000	00000000	00000000000000
000100000000000	0000000000000000	00000000000000	000000000000000000	00000000	00000000000000
000000000000000	0000000000000000	00000000010000	000000000100001000	00000000	00000000000000
000000000000000	0000000000000000	00000000000000	000000000000000000	00001000	00001000000000
000000000000000	0000100000001011	00000000000000	001001000000010000	10000000	00000000000000
000000000000100	0000000000000000	00000000000000	000100000000000000	00000000	00001000000000
000000000000000	0000000000000000	00000000000000	000000000000000000	00001000	00001000000000
000000000000000	0001000100000000	00000000000000	000000000000000000	00000000	00000000000000
000000000001000	0000000000000000	00000000010000	000000000100001000	00000000	00000000000000
000000000000000	0000000000000000	00000000000000	000000000000000100	00000000	00000000100000
000000000000000	0000000000000000	00000000000000	000000000000000000	00000000	00000000000000
000000100000000	0000000000000000	00000000010000	000000000100001000	00000100	00000000000000
000000000000000	0000000000000000	00000000000000	000000000000000100	00000000	00000000100000
000000000000000	0000000000000000	00000000000000	000000000000000100	00000000	00000000100000
000000000000010	0000000000000000	00100010100000	100000000000000000	00000000	00000000000000
000000000000000	0000010000000000	00000000000000	000000000000000000	00000000	00000000000000
000000000000000	0000000000000000	00000000000000	000000000000000000	00000000	00000000000000
000000000000000	0000000000000100	00000100000000	000000000000000000	00000000	10000000000000
000000000000000	0000000000000000	00000000000100	000000000000000000	00000000	00000001000000
000000000000000	1100000000000000	00000000000010	000010000000000000	00000000	00000000000000
000000000000000	0000000000000000	00000000000000	000000000000000000	00000000	00000000000000
000000000000000	0000000000010000	00000000000000	000000000000000000	00000000	00000000000000
000000000001000	0000000000000000	00000000010000	000000000100001000	00000000	00000000000000
000000000000000	0000000000000000	00000000000000	000000000000000000	00000000	00001000000000
000000000000000	0000000000000000	00000000000000	000000000000000000	00000000	00000000000000
000000010000000	0000010000000000	00000000000000	000000000000000000	00010000	00000000000000
000000000001000	0000000000000000	00000000010000	000000000100001000	00000000	00000000000000
000000000010000	0000000000000000	00000000000000	000100000000000000	00000000	00001000000000
000000000000000	0000000000000000	01000000000000	000000000000000000	00000000	00001000001000
000000000000000	1100000000000000	00000000001010	000010010000000000	00000000	00000000000000
000000010000000	0000010000000000	00000000000000	000000000000000000	00000000	00000000000000
000000000000000	0000000000000000	00000000000000	000000000001000000	00001000	00001000000000
000000000000000	0000000000000000	00000000000000	000000000000000000	00000000	00001000000000
000000000000000	0001000100000000	00000000000000	000000000000000000	00000000	00000000000000
000000000001000	0000000000000000	00000000010000	000000000100001000	00000000	00000000000000
000000000000000	0000000000000000	00000000000000	000000000000000000	00000000	00000000000000
000000000100000	0000000000000000	00000000000000	000000000000000000	00000000	00000010000000
000000000000000	0000000000000000	00000000000000	000000000000000000	00000000	00000000000000
000000000000000	0000000000000000	00000000000000	000000000001000000	00001000	00001000000000
000000000000000	1100000000000000	00000000000010	000010000000000000	00000000	00000000000000
000000000000000	0000000000000000	00000000000000	000000000000000000	00001000	00001000000000
000000000001000	0000000000000000	00000000010000	000000000100001000	00000000	00000000000000
000000000000000	0000100000001011	00000000000000	000001000000010000	10000000	00000000000000
000000000100000	0000000000000000	00000000000000	000000000000000000	00000000	00000010000000
000000000100000	0000000000000000	00000000000000	000000000000000000	00000000	00000010000000
000000000000000	0000000000000000	00000000000000	000000000000000000	00000000	00000000000000
