000100000000000000	000000	0000000000100	00000000000000010000000000	00000001000000	0000000000000
000101000000000000	001000	0000000000100	00000000000000010000000000	00000000000000	0000000000000
000101000000000000	001000	0000000000100	00000000000000010000000000	00000000000000	0000000000000
000000000010000000	010000	0000000000000	10000000000000000000000000	00001000000000	0000110000000
000000000000000000	000000	0000000000000	00000000000000001000000000	00000000000000	0000000000100
000101000000000000	001000	0000000000100	00000000000000010000000000	00000000000000	0000000000000
000100000000000000	000000	0000000000100	00000000000000010000000000	00000001000000	0000000000000
000101000000000000	001000	0000000000100	00000000000000010000000000	00000000000000	0000000000000
000000000000000000	000000	0000000000000	00000000000000001000000000	00000000000000	0000000000100
000000000010000000	000000	0000000000000	10000000000000000000100000	00000000000100	0000110000000
000000000000000000	000000	0000000000000	00001010000000001001000000	00000100000000	0000000000000
000100000000000000	000000	0000000000100	00000000000000010000000000	00000001000000	0000000000000
000000000000000000	000000	0000000000000	00000000000000001000000000	00000000000000	0000000000100
000101000000000000	001000	1000000000100	00000000000000010000000000	00000000000000	0000000000000
000101000000000000	001000	0000000000100	00000000000000010000000000	00000000000000	0000000000000
000000000010000000	010000	0000000000000	10000000000000000000000000	00001000000000	0000110000000
000000000000000000	000000	0000000000000	00000000000000001000000000	00000000000000	0000000000100
000101000000000000	001000	0000000000100	00000000000000010000000000	00000000000000	0000000000010
000000000000000000	000000	0000000000000	00001010000000001001000000	01000100000000	0000000000000
000000000000000000	000000	0000000100000	00001010000000001001000000	00000100000000	0000000000000
000101000000000000	001000	0000000000100	00000000000000010000000000	00000000000000	0000000000000
000000000010000000	000000	0000000000000	00000000000000000000000000	00000000000000	0000100001000
000000000010000000	010000	0000000000000	10000000000000000000000000	00001000000000	0000110000000
000000000010000000	000000	0000000000000	10000000000000000000100000	00000000000100	0000110000000
000000000000000000	000000	0100001010000	00010000000000000000000000	00000000000000	0000000000000
000100000000000000	000000	0000000000100	00000000000000010000000000	00000001000000	0000000000000
000000000000000000	000000	0000000000000	00001010000000001001000000	00000100000000	0000000000000
000000000010000000	010000	0000000000000	10000000000000000000000000	00001000000000	0000110000000
000000000000000000	000000	0000000000000	00000000000000001000000000	00000000000000	0000000000100
000000000000000000	000000	0000000000000	00000000000000001000000000	00100000000000	0000000000100
000000000000000000	000000	0000000000000	00001010000000001001000000	00000100000000	0000000000000
000000000000000000	000000	0000000000000	00001010010000001001000000	00000100000000	0000000000000
000000000000000000	000000	0000000000000	00001010000000001001000000	00000100000000	0000000000000
000101000000000000	001000	0000000000100	00000000000000010010010000	00000000000000	0000000000000
000000000000000000	000000	0000000010000	00010000000000000000000000	00000000000000	1000000000000
000000000000000000	000000	0000000000000	00001010000000001001000000	00000100000000	0000000000000
000000000001000000	000000	0000000000000	00000000000100001000000000	00000000000000	0000000000000
000000000001000100	000000	0001000000000	00000000000100001000000000	00000000000000	0000000000000
000000000010000000	000000	0000000000000	10000000000000000000100000	00000000000100	0000110000000
000101000000000000	001000	0000000000100	00000000000000010010010000	00000000000000	0000000000000
000000000000000000	000000	0000000010000	00010000000000000000000000	00000000000000	0000000000000
000100000000000000	000000	0000000000100	00000000000000010000000000	00000001000000	0000000000000
000100000000000000	000000	0000000000100	00000000000000010000000000	00000001000000	0000000000000
000000000000000000	000000	0000000001000	00000000000000101000000000	00000010000000	0000000000000
000000000000000000	000000	0100001010000	00010000000000000000000000	00000000000000	0000000000000
000000000000000000	000000	0000000000000	00001010000000001001000000	00000100000000	0000000000000
000100000000000000	000000	0000000000100	00000000000000010000000000	00000001000000	0000000000000
000101100000000000	001000	1000000000100	00000000000000010000000100	00000000000000	0000000000000
000000001000001000	000000	0000000000000	00000000001000001000000000	00000000000000	0000000000100
000000000010000000	000000	0000000000000	10000000000000000000100000	00000000000100	0000110000000
000000010010000000	000000	0000000000000	10000100000000000000000000	00000000000000	0001111000000
000000000000000000	000000	0000000000000	00001010000000001001000000	00000100000000	0000000000000
000000000000000000	000000	0100001010000	00010000000000000000000000	00000000000000	0000000000000
000000000000000000	000000	0100001010000	00010000000000000000000000	00000000000000	0000000000000
000000000000000000	000000	0000000000000	00000000101000001000000000	00000000000000	0000000000100
000101000000000000	001000	0000000000100	00000000000000010000000000	00000000000000	0000000000000
000101000000000000	001000	0000000000100	00000000000000010000000000	00000000000000	0000000000000
000000000000000000	000000	0000000000000	00001010000000001001000000	00000100000000	0000000000000
000000000000000000	000000	0000000000000	00101010000000001001000000	00000100000000	0000000000000
000101000000000000	001000	0000000000100	00000000000000010000000000	00000000000000	0000000000000
000000000010000000	000000	0000000000000	10000000000000000000100000	00000000000100	0000110000000
000000000010000000	000000	0000000000000	00000000000000000000000000	00000000000000	0000100001000
000000000000000000	000000	0000000000000	00000000000001001000000000	00100000000000	0000000000100
000101000000000000	001010	0000000000100	00000000000000010000000000	00000000000000	0000000000000
000101000000000000	001000	0000000000100	00000000000000010000000000	00000000000000	0000000000000
001000000000000000	000000	0000000000000	00000000000000000100000001	00000000000000	0000000100000
000000000000000000	000000	0100000010001	00010000000000000000000000	00000000000000	0000000000000
000000000010000000	000000	0000000000000	10000000000000000000100000	00000000000100	0000110000000
000000000010000000	000000	0000000000000	10000000000000000000100000	00000000100100	0000110000000
000000000000000000	000000	0000000001000	00000000000000101000000010	00000010000000	0000000000000
000000000000000000	000000	0010000000000	00000011000000001001000000	00000100000000	0000000000000
000000000010000000	010000	0000000000000	10000000000000000000000000	00001000000000	0000110000000
000000000000000000	000000	0000000010000	00010000000000000000000000	00000000000000	0000000000000
000000000000000000	000000	0000000000000	00000000000000001000000000	00100000000000	0000000000100
000000000110000000	000000	0000000000000	10000000000000000000100000	00000000000100	0000110010000
000101000000000000	001000	0000000000100	00000000000000010000000000	00000000000000	0000000000000
000101000000000000	001000	0000000000100	00000000000000010000000000	00000000000000	0000000000000
000000000000000000	000000	0100001010000	00010000000000000000000000	00000000000000	0000000000000
000100000000000000	000000	0000000000100	00000000000000010000000000	00000001000000	0000000000000
000000000000000000	000100	0000000000000	00001010000000001001000000	00000100000000	0000000000000
000100000000000000	000000	0000000000100	00000000000000010000000000	00000001000000	0000000000000
000101000000000000	001000	1000000000100	00000000000000010000000000	00000000000000	0000000000000
000000010010000000	000000	0000000000000	10000100000000000000000000	00000000000000	0001111000000
000000000000000000	000000	0000000001000	00000000000000101000000000	00000010000000	0000000000000
000000000000000000	000000	0100000010001	00010000000000000000000000	00000000000000	0000000000000
000101000000000000	001000	0000000000100	00000000000000010010010000	00000000000000	0000000000000
000000000000000001	000000	0000000000000	00000000000000000000000001	00000000001000	0000000100000
000100000000000000	000000	0000000000100	00000000000000010000000000	00000001000000	0000000000000
000101000000000000	001000	1000000000100	00000000000000010000000000	00000000000000	0000000000000
000000000000000000	000000	0000000000000	00001010000000001001000000	00000100000000	0000000000000
000101000000000000	001000	1000000000100	00000000000000010000000000	00000000000000	0000000000000
000000000001000000	000000	0000000000000	00000000000100001000000000	00000000000000	0000000000000
000000000000000010	000000	0000000000000	00001010000000001001001000	00000100000000	0000000000000
000000000010000000	000000	0000000000000	10000000000000000000100000	00000000000101	0000110000000
000000000000000000	000000	0000000000010	00001010000000001001000000	00000100000000	0000000000000
100000000000000000	100000	0000000000000	00000000000000000000000001	00000000000000	0000000100000
000000000010000000	000000	0000000000000	00000000000010000000000000	00000000000000	0000110000000
000100000000000000	000000	0000000000100	00000000000000010000000000	00000001000000	0000000000000
000000000000000000	000000	0000000010000	00010000000000000000000000	00000000000000	1010000000000
000101000000000000	001000	0000000000100	00000000000000010000000000	00000000000000	0000000000000
000000000000000010	000000	0000000000000	00001010000000001001001000	00000100000000	0000000000000
000000000000010000	000000	0000100000000	00000000000000000000000001	10000000000000	0000000000000
000000000010000000	000000	0000000000000	00000000000010000000000000	00010000000000	0000110000000
000000000000100000	000000	0000000000000	00001010000000001001000000	00000100000000	0000000000000
000000000000000000	000000	0000000000000	00000000000000001000000000	00000000000000	0000000000100
000000000000000000	000000	0000000000000	00000000000000001000000000	00000000000000	0000000000100
000000000010000000	010000	0000000000000	10000000000000000000000000	00001000000000	0000110000000
000101000000000000	001000	0000000000100	00000000000000010000000000	00000000000000	0000000000000
000000000000000000	000000	0000000010000	00010000000000000000000000	00000000000000	1000000000000
000000000010000000	000000	0000000000000	10000000000000000000100000	00000000000110	0000110000000
000000000010000000	000000	0000000000000	00000000000000000000000000	00000000000000	0000100001000
000000000010000000	000000	0000000000000	00000000000000000000000000	00000000000000	0000100001000
000100000000000000	000000	0000000000100	00000000000000010000000000	00000001000000	0000000000000
000100000000000000	000000	0000000000100	00000000000000010000000000	00000001000000	0000000000000
000000010010000000	000000	0000000000000	10000100000000000000000000	00000000000000	0001111000000
000100000000000000	000000	0000000000100	00000000000000010000000000	00000001000000	0000000000000
000000000000000000	000000	0100001010000	00010000000000000000000000	00000000000000	0000000000000
000000000010000000	000000	0000000000000	10000000000000000000100000	00000000000100	0000110000000
000101000000000000	001010	0000000000100	00000000000000010000000000	00000000000000	0000000000000
000000000010000000	000000	0000000000000	10000000000000000000100000	00000000000100	0000110000000
000101000000000000	001000	1000000000100	00000000000000010000000000	00000000000000	0000000000000
000101000000000000	001000	0000000000100	00000000000000010000000000	00000000000000	0000000000000
000100000000000000	000001	0000010000100	00000000000000010000000000	00000000000000	0000000000000
000000000000000000	000000	0010000000000	00000011000000001001000000	00000100010000	0000000000000
000101000000000000	001010	0000000000100	00000000000000010000000000	00000000000000	0000000000000
000000000010000000	010000	0000000000000	10000000000000000000000000	00001000000000	0000110000000
000000000000000000	000000	0000000000000	00000000000001001000000000	00100000000000	0000000000100
000000000000000000	000000	0000000010000	00010000000000000000000000	00000000000000	1000000000000
000100000000000000	000000	0000000000100	00000000000000010000000000	00000001000000	0000000000000
000000000000010000	000000	0000000000000	00000000000000000000000001	00000000000000	0100000000000
000101000000000000	001010	0000000000100	00000000000000010000000000	00000000000000	0000000000000
000000000000000000	000000	0000000000000	00001010000000001001000000	00000100000000	0000000000000
000000000010000000	000000	0000000000000	11000000000000000000100000	00000000000100	0000110000000
000000000000000000	000000	0000000001000	00000000000000101000000000	00000010000000	0000000000000
000000000000000000	000000	0100001010000	00010000000000000000000000	00000000000000	0000000000000
000010000000000000	000000	0000000000000	00000000000000001000000000	00000000000000	0000000000101
000101000000000000	001000	0000000000100	00000000000000010000000000	00000000000000	0000000000000
010000000001000000	000000	0000000000000	00000000000100001000000000	00000000000000	0000000000000
000100000000000000	000000	0000000000100	00000000000000010000000000	00000001000000	0000000000000
000000000010000000	010000	0000000000000	10000000000000000000000000	00001000000000	0000110000000
010000000001000000	000000	0000000000000	00000000000100001000000000	00000000000000	0000000000000
000101000000000000	001000	0000000000100	00000000000000010010010000	00000000000000	0000000000000
000000000000000000	000000	0000000010000	00010000000000000000000000	00000000000000	1000000000000
000000000010000000	000000	0000000000000	10000000000000000000100000	00000000000100	0000110000000
000000000000000000	000000	0000000000000	00000000000000001000000000	00000000000000	0000000000100
000101000000000000	001000	0000000000100	00000000000000010010010000	00000000000000	0000000000000
000000000010000000	000000	0000000000000	10000000000000000000100000	00000000000100	0000110000000
000101000000000000	001000	0000000000100	00000000000000010000000000	00000000000000	0000000000000
000000000001000000	000000	0000000000000	00000000000100001000000000	00000000000000	0000000000000
000100000000000000	000000	0000000000100	00000000000000010000000000	00000001000000	0000000000000
