00000000000000000	01000001000000000	000000000000	000000000000000	0000000000000000	000000000000000000
00000000000000000	01000001000000000	000000000000	000000000000000	0000000000000000	000010000000000000
00000000010000000	01000001000000000	010000000000	001000000000010	0000000000000000	000000000000000000
00000000000000000	01000001000000010	000000000000	000000000000000	0000000000100000	000000000000000000
00000000000000000	01000001000000000	000000000000	000000000000000	0000000000100000	000000000000000000
00000100000000000	01000001000000000	000000000000	000000001000000	0000100000000000	000000000000000000
00010000000000000	00000000100000000	000010000000	000000100000000	0000000000000000	000000000000000000
00000000000000000	00000000000000100	000000000000	000000000001000	0000000000000000	000100000000001000
00000000000000000	00000000000000000	000000000000	000000100000000	0000000000000000	000000001000000000
00000000000000000	01000001000000000	000000000000	000000000000000	0000000000100000	000000000000000000
00000000000000000	00000000000000000	000000000000	000000100000000	0000000000000000	000000001000000000
00000000000000000	01000001000000000	000000100000	000000000000000	0001100000000000	000000000000000000
00000000000000000	01000001000000000	000000000000	000000000000010	0000000000000000	000000000000000000
00000000000000000	01000001000000000	000000000000	000000000000000	1000001000000000	000000000000000000
00100000000000000	00000010000000000	000000000000	000000000000000	0100000000000100	000000000000000000
00000000000010100	00000000000000000	000000000000	000000000000001	0000000000000000	000000000000000000
00000000000000000	01000001000000000	000000000000	000000000000000	0000000000100000	000000000000000000
10000000000000000	00110000000001000	000000000000	000000000100000	0000000000000000	010000000000000000
00000000000000010	01000001000000000	000000000010	000000000000000	0000000000000000	000000000000000000
00000000000000000	00000000000000000	000000000000	000000100000000	0000000000000000	000000001000000010
00010000000000000	00000000000000000	000010000000	000000100000000	0000000000000000	000000000000000000
00000000000000000	01000001000000000	000000000000	000000000000000	0000000010000000	001000000000000000
00000000000000000	01000001000000000	000000000000	100000000000000	0000000000100000	100000000000000000
00000000000000000	00000000000000000	000010000000	000000100000000	0000000000000000	000000000000000000
00000000000000000	00000000000000000	000000000000	000000100000000	0000000000000010	000000001000000000
00000000000000000	01000001000000000	000000001000	000000000000000	0000000000000000	000010000000000000
00000000000000000	00000000000000000	000000000000	000100100000000	0000000000000000	000000001000000000
00000000000000000	00000000000000000	001000000000	000000100000000	0000000000000000	000000001000000000
00000000000000000	00000000000000000	000000000000	000000100000000	0000000000000000	000000001000000000
00000000000000001	01001001000000000	000000000000	000000000000000	0000000000000000	000000000101000001
00000000000000000	00000000000000000	000000000000	000000100000000	0000000000000000	000000001000000010
00000000000000000	00000000000000000	000100000000	000000110000000	0000000000000000	000000001000000000
00000000000000000	00000000000000000	000000010000	000000000000000	0000010000000001	000000000000000000
00100000000000000	00000000000100000	000000000000	000000000000000	0100000000000100	000000000000000000
00000000000000000	00000000000000000	000000010000	000000000000000	0000010000000000	000000000000000100
10000000000000000	00110000000001000	000000000000	000000000100000	0000000000000000	010000000000000000
00000100000000000	01000001000000000	000000000000	000000001000000	0000100000000000	000000000000000000
00100000000000000	00000000000100000	000000000000	000000000000000	0100000000000100	000000000000000000
10000000000000000	00110000000001000	000000000000	000000000100000	0000000000000000	010000000000000000
00000000000000000	00000000000000000	000000000000	000000100000000	0000000000000000	000000000000000000
00000000000000000	00000000000000000	000000010000	000000000000000	0000010000000001	000000000000000000
00000000000000000	00000000000010000	000000000000	000000100000000	0000000000000000	000000000000000000
00000010000000100	00000000000000001	000000000000	000000000000000	0000000000000000	000000000000000000
00000000000000000	01000001000000000	000000000000	000000000000000	0000000000000000	000000000000000000
00000010000000100	00000000000000001	000000000000	000000000000000	0000000000000000	000000000000000000
00000000000000000	01000001000000000	000000000000	000000000000010	0000000000000000	000000000000000000
00000000000000000	00000000000000000	000100000000	000000110000000	0000000000000000	000000001000000000
00000000000000000	00000000000000000	000000000000	000000100000000	0000000000000000	000000001000000000
00000000000000000	01000101000000000	000000000000	000000000000000	0011100000000000	000000000000000000
00100000000000000	00000000000100000	000000000000	000000000000000	0100000000000100	000000000000000000
00000000000000000	01000001000000000	000000000000	000000000000000	1000001000000000	000000000000000000
00000000000000000	00000000000000000	000100000000	000000110000000	0000000000000000	000000001000000000
00000000000000000	00000000000000000	000000000000	000000100000000	0000000000000000	000000001000000000
00000000001000100	00000000000000000	000000000000	000000000000001	0000000000000000	000000000000000000
00000000000000000	00000000000010000	000000000000	000000100000000	0000000000000000	000000000000000000
00000000000000000	01000001000000000	000000000000	000000000000010	0000000000000000	000000000000000000
00000000000000000	01000001000000000	000000000000	000000000000000	0000000000100000	000000000000000000
00000000000000000	00000000000000000	000000000000	000000100000000	0000000000000000	000000000000000000
00000000000000000	00000000000000000	000000010000	000000000000000	0000010000000001	000000000000000000
00000000000000000	01000001000000000	000000000000	000000000000000	0000000000100000	000000000000000000
00000000000000000	00000000000000000	000001010000	000000000000000	0000010000000001	000000000000000000
00000000000000000	01000001000000000	000000000000	000000000000000	1000001000000000	000000000000000000
00100000000000000	00000010000000000	000000000000	000000000000000	0100000000000100	000000000000000000
00000000000000000	00000000000000000	000000000000	000000100000000	0000000000000000	000000001000000000
00000000000010100	00000000000000000	000000000000	000000000000001	0000000000000000	000000000000000000
00000000000000000	01000001000000000	000000000000	000000000000000	1000001000000000	000000000000000000
00100000000000000	00000000000000000	000000000000	000000000000000	0100000000000100	000000000000000000
00000010000000100	00000000000000001	000000000000	000000000000000	0000000000000000	000000000000000000
10000000000000000	00110000000001000	000000000000	000000000000000	0000000000000000	010000000000000000
00000000000000001	01001001000000000	000000000000	000000000000000	0000000000000000	000000000101000001
00000000001000100	00000000001000000	000000000000	000000000000001	0000000000000000	000000000000000000
00000000000000000	00000000000000000	000000000000	000000100000000	0000000000000000	000000001000000010
00000010000000100	00000000000000001	000000000000	000000000000000	0000000000000000	000000000000000000
00000000000010100	00000000000000000	000000000000	000000000000001	0000000000000000	000000000000000000
00000000000000000	01000001000000000	000000000000	000000000000000	0000000000100000	000000000000000000
00000000000010100	00000000000000000	000000000000	000000000000001	0000000000000000	000000000000000000
00000000000000000	01000001000000000	000000000000	000000000000010	0000000100000000	000000000000000000
00000100000000000	01000001000000000	000000000000	000000001000000	0000100000000000	000000000000000000
00001000000000000	00000000000000000	000000000000	000000100000000	0000000000000000	000000000000000000
00000001000000000	00000000000000000	000000000000	000000000010000	0000000000000000	000000000000000000
10000000000000000	00110000000001000	000000000000	000000000100000	0000000000000000	010000000000000000
00000000000000000	01000001000000000	000000000000	000000000000000	0000000000000000	001000000000000000
00000000000000000	01000001000000000	000000000000	000000000000000	1000001000000000	000000000000000000
00000000000000000	01000001000000000	000000000000	010000000000000	0000000000100000	000000000000000000
00000000000000000	01000001000000000	000000000000	000000000000000	0000000000100000	000000000000000000
00000000000000000	00000000000000000	000000010000	000000000000000	0000010000000001	000000000000000000
00000000000000000	00000000000000000	000000000000	000000100000000	0000000000000000	000000001000000000
00000000000000000	01000001000000000	000000000000	000000000000010	0000000000000000	000000000000000000
00000010000000100	00000000000000001	000000000000	000000000000000	0000000000000000	000000000000000000
00000000000000000	00000000000000000	000000000000	000000100000000	0000000000000010	000000001000000000
00000000000000000	01000001000000000	000000000000	000000000000000	0000000000000000	000000000010000000
00000000000000000	00000000000000000	000000000000	000000100000000	0000000000000000	000000000000000000
00000000000000000	00000000000000000	000000000000	000000100000000	0000000000000000	000000001000000000
00000000000000000	01000101000000000	000000000000	000000000000000	0011100000000000	000000000000000000
00000100000000000	01000001000000000	000000000000	000000001000000	0000100000000000	000000000000000000
00000000000000000	01000001000000000	000000000000	000001000000000	0001100000000000	000000000000000000
10000000000000000	00110000000001000	000000000000	000000000100000	0000000000000000	010000000000000000
00000000000000000	00000000000000000	001000000000	000000100000000	0000000000000000	000000001000000000
00000000000000000	01000001000000000	000000000000	000000000000000	0000000010000000	001000000000000000
00000000000000000	01000001000000000	000000000000	000000000000000	0000000000000000	000010000000000000
00000000000000000	00000000000000000	000000000000	000000100000000	0000000000000000	000000001000000010
01000000000000000	00000000000000000	000000000000	000010000000000	0000000000001000	000000000000000000
00000000000000000	01000001000000000	000000000000	000000000000000	0000000000100000	000000000000000000
00000000000000000	01000001000000000	000000100000	000000000000000	0001100000000000	000000000000000000
00000000100000000	00000000000000000	100000000000	000000000000000	0000000000000000	000000010000100000
00000000000000000	01000001000000000	000000000000	000000000000000	0000000000000000	000000000000000000
10000000000000000	00110000000001000	000000000000	000000000100000	0000000000000000	010000000000000000
00000000000000000	01000001000000000	000000000000	000000000000000	0000001000000000	000000000000010000
00010000000000000	00000000000000000	000010000000	000000100000000	0000000000000000	000000000000000000
00000000000000000	00000000000000000	000000000000	000000100000000	0000000000000000	000000001000000000
00000000000000000	00000000000000000	000000010000	000000000000000	0000010000000000	000000000000000100
00000000000000000	01000001000000000	000000000000	000000000000010	0000000000000000	000000000000000000
00000000000000000	01000001000000000	000000000000	000000000000000	0000000000100000	000000000000000000
00000000000000000	00000000000000000	000000000000	000000100000000	0000000000000000	000000001000000000
10000000000000000	00110000000001000	000000000000	000000000000000	0000000000000000	010000000000000000
00000000000000010	01000001000000000	000000000010	000000000000000	0000000000000000	000001000000000000
10000000000000000	00110000000001000	000000000000	000000000000000	0000000000000000	010000000000000000
01000000000000000	00000000000000000	000000000001	000000000000000	0000000000000000	000000000000000000
00000100000100000	01000001000000000	000000000000	000000001000000	0000100000000000	000000000000000000
00000000000000000	00000000010000000	000000000100	000000100000000	0000000000000000	000000001000000000
00000000000000000	01000001000000000	010000000000	000000000000010	0000000000000000	000000000000000000
00000000000010100	00000000000000000	000000000000	000000000000001	0000000000000000	000000000000000000
00000000000000000	00000000000000000	000000000000	000000100000000	0000000000000000	000000001000000000
00000000000000000	00000000000000000	000100000000	000000110000000	0000000000000000	000000001000000000
00000000000000000	01000001000000000	000000000000	000000000000000	0000000000100000	000000000000000000
00010000000000000	00000000000000000	000010000000	000000100000000	0000000000000000	000000000000000000
00000000000000000	00000000000000000	000000010000	000000000000000	0000010000000000	000000000000000100
00000000000000000	01000001000000000	000000100000	000000000000000	0001100000000000	000000000000000000
00000000000000000	00000000000000000	000000000000	000000100000000	0000000000000000	000000001000000000
00000000000000000	01000001000000000	010000000000	000000000000110	0000000000000000	000000000000000000
00000000000000000	00000000000000000	000000000000	000000100000000	0000000000000000	000000001000000000
00000000000000000	01000001000000000	000000000000	000000000000000	0000000010000000	001000000000000000
00000000000001000	00000000000000000	000000010000	000000000000000	0000010000000000	000000000000000100
10000000000000000	00110000000001000	000000000000	000000000100000	0000000000000000	010000000000000000
00000000000000000	01000001000000000	000000000000	000001000000000	0001100000000000	000000000000000000
00000000000000000	01000101000000000	000000000000	000000000000000	0011100000000000	000000000000000000
00000000000000000	11000001000000000	000000000000	000000000000000	1000001000000000	000000100000000000
00000000000000000	00000000000000000	000000000000	000000100000000	0000000000000000	000000000000000000
00000000000000000	00000000000000000	000000000000	000000100000000	0000000000010000	000000000000000000
00000000000000000	01000001000000000	000000000000	000000000000000	1000001000000000	000000000000000000
00000000000000000	01000001000000000	000000000000	000000000000000	1000001000000000	000000000000000000
00100000000000000	00000000000100000	000000000000	000000000000000	0100000000000100	000000000000000000
00000000000000000	01000001000000000	000000000000	000000000000000	0000000000000000	000000000000000000
00000000000000000	01000001000000000	010000000000	000000000000010	0000000000000000	000000000000000000
00000000000000000	00000000000000000	000000000000	000000100000000	0000000000000000	000000001000000000
00000000000000000	00000000000000000	000000000000	000000100000000	0000000000000000	000000001000000000
00000000000000000	01000001000000000	000000000000	000000000000000	0000000001100000	000000000000000000
00000000000000000	00000000000000000	000010000000	000000100000000	0000000000000000	000000000000000000
00000000000000000	00000000000000000	000000000000	000000100000000	0000000000000000	000000001000000000
00000000000000000	00000000000000000	000000000000	000000100000000	0000000000000000	000000001000000000
