0001000000000	00000000000001000	000000000000000000000000	000000000000000	00000000000000000	10100000000
0000000000100	00000000000000001	000000000000000000000000	000000000000000	00000000000000000	00000000000
0000000000100	00000000000000000	000000000000000000000000	000000000000000	00000000000000000	00000000000
0000000000100	00000000000000001	000000000000000000000000	000000000000000	00000000000000000	00000000000
0000000000001	00000010000000000	000000000000000000010000	000000000000000	00001000000000000	00000000000
0000000000001	00000010000000000	000000000000000000010000	000000000000000	00000000000000000	00000000000
0000000000000	00000000000000000	000000000010000000000000	000000000000000	00000000000000000	00000000000
0000000000000	00000001000000000	000010000000000000000000	000000000010000	00000000000000000	00000000000
0101000000000	00000000000001000	000000000000000000000000	000000000000000	00000000000000001	10100000000
0001000000000	00000000000011000	000000000000000000000000	000000000000000	00000000001000000	10100000000
0000000000000	00000000000000000	000000000010000000000000	000000000000100	00000000000001000	00000000001
0000000000001	00000010000000000	000000000000000000010000	000000000000000	00000000000000000	00000000000
0000000000010	00000000000000000	000000010001000000000000	000000010000000	00000000100010000	00000100000
0010000000100	00000000001000000	000000000100000000000000	000000000000000	00000000000000000	00000000000
0001000000000	00000000000001000	000000000000000000000000	000000000000000	00000000000000000	10100000000
0000000000000	00000000000000000	000001000000000000000100	000000000000000	00000000000000000	00000000010
0000000000000	00000000000000000	100000100000010000000000	000000000000000	11100000000000000	00000000000
0000000000000	00000001000000000	000010000000000000000000	000000000000000	00000000000000000	00001000000
0000000000001	00000010000000000	000000000000000000010000	000000000000000	00000000000000000	00000000000
1000000000100	00000000000000000	000000000000000000000000	000000000000000	00000000000000000	00000000000
0000000000000	00001000000000000	000001000000000000000100	000000000000001	00000000000000000	00000000010
0001000000000	00000000000001000	000000000000000000000000	000000000000000	00000000000000000	10100000000
0000000000100	00000000000000000	000000000000000000000000	000000000000000	00000000000000000	00000000000
0101000000000	00000000000001000	000000000000000000000000	000000000000000	00000000000000000	10100000000
0000000000000	00001000000000000	000001000000000000000100	000000000000001	00000000000000000	00000000010
0000000000100	00000000000000001	000000000000000000000000	000000000000000	00000000000000000	00000000000
0000000000000	01000000000000000	100000100000010000000000	000000000000000	01000000000000000	00000000000
0000000000001	00000010000000000	000000000000000000010000	000000000000000	00000000000000000	00000000000
0000000000000	01000000000000000	100000100000010000000000	000000000000000	01000000000000000	00000000000
0000000000000	00000000000000000	000000000000000000000000	100001000000000	00000000000000000	00000000000
0000000000000	00100000100000000	000000000000000000000000	001000000000000	00000000000000000	00000000000
0000000000000	01000000000000000	100000100000010000000000	000000100000000	01000000000000000	00000000000
0000000100000	01000000000000000	100000100000010000000000	000000000000000	01000000000000000	00000000000
0000000000001	00000010000000000	000000000000000000010000	000000000000000	00000000000000000	00000000000
0000000000001	00000010000000000	000000000000000000010000	000000000000000	00000000000000000	00000000000
0000000000000	00000000000000000	000000000000000100000000	000000001000000	00000000000000000	00000001000
0000000000010	00000000000000000	000000010000000000000000	000000010000000	00000000100010000	00000100000
0000000000000	00000000000000000	000000010000000000000000	000000010000000	00000000100010000	00000100000
0000000000000	00000000000000000	010000001010100000100000	000000000000000	00000000000000000	00000000000
0000000000100	00000000000000001	000000000000000000000000	000000000000000	00000000000000000	00000000000
0000000000001	00000010000000000	000000000000000000010000	000000000000000	00000000000000000	00000000000
0000000000100	00000000000000001	000000000000000000000000	000000000000000	00000000000000000	00000000000
0000000000000	00000000000000000	000000000010000000000000	000000000000000	00000000000000000	00000000000
0000000000000	00000000000000000	000000000010000000000000	000000000000100	00000000000000000	00000000001
0000000000000	00000001000000000	000010000000000000000000	000000000010000	00000000000000000	00000000000
0000000000000	01000000000000000	100000100000010000000000	000000100000000	01000000000000000	00000000000
0000000000001	00000010000000000	000000000000000000010010	000000000000000	00000000000000000	00000000000
0000000000000	01000000000000000	100000100000010000000000	000000100000000	01000000000000000	00000000000
0000100000000	00100000100000000	000000000000000000000000	001000000000000	00000000000000000	00000010000
0000000000100	00000000000000000	000000000000000000000000	000000000000000	00000000000000000	00000000000
0000000000000	00000000000000000	000000000000000000000001	000000000000010	00000000000000010	00000000000
0000000000000	00000000000000000	010000001010100000100000	000000000000000	00000000000000000	00000000000
0000000000000	00000001000000000	000010000000000000000000	000000000000000	00000000000000000	00000000000
0000000000000	00000000000000000	000000010000000000000000	000000010001000	00000011100010000	00000100000
0000000000000	00000001000000000	000010000000000000000000	000000000000000	00000000000000000	00001000000
0000000000000	00000001000000000	000010000000000000000000	000000000000000	00000000000000000	00000000000
0000000000000	00000000000000000	000000000010000000000000	000000000000100	00000000000000000	00000000001
0000000010000	00000000000000100	000000010000000000000000	000000010000000	00000000100010000	00000100000
0000000000000	00100000100000000	000000000000000000000000	001000000000000	00000000000000000	00000000000
0000000000000	00000000000000000	000001000000000000000100	000000000000000	00000000000000000	00000000010
0000000000000	00000000000000000	000100000000000100000000	000000001000000	00010000000000000	00000001000
0000000000000	00000000000000000	000000000000001000000000	000000000000000	00000000000000000	00010000000
0010000000100	00000000001000000	000000000100000000000000	000000000000000	00000000000000000	00000000000
0000000000001	00000110000000000	000000000000000000010000	000000000000000	00000000000000000	00000000000
0000000000000	00000000000000000	000000000000000100000000	000000001100000	00000000000000000	00000001000
0000000000100	00000000000000001	001000000000000000000000	000000000000000	00000000000000000	00000000000
0000000000001	00000010000000000	000000000000000000010000	000000000000000	00000000000000000	00000000000
0010000000100	00000000000000000	000000000100000000000000	000000000000000	00000000010000000	00000000000
0000001001000	00000000000000000	000000000000000000000000	000000000000000	00000000000000000	00000000100
0000100000000	00100000100000000	000000000000000000000000	001100000000000	00000000000000000	00000000000
0000000000000	00000000000000000	000000000000000000000000	000000000000000	00000000000000000	00010000000
0000000000000	00000000000000000	000000010000000000000000	000000010001000	00000010100010000	00000100000
0000000000000	00100000100000000	000000000000000000000000	001000000000000	00000000000000000	00000000000
0000000000000	00000000000000000	000000000010000000000000	000000000000100	00000000000000000	00000000001
0101000000000	00000000000001000	000000000000000000000000	000010000000000	00000000000000000	10100000000
0001000000000	00000000000001000	000000000000000000000000	000000000000000	00000000000000000	11100000000
0000000000000	00000000000000000	000000000000000000000000	000000000000000	00000000000000000	00010000000
0000000000001	00000010000000000	000000000000000000010000	000000000000000	00001000000000000	00000000000
0000000000001	00000010000000000	000000000000000000010000	000000000000000	00000000000000000	00000000000
0000000010000	00000000000000100	000000010000000000000000	000000010000000	00000000100010000	00000100000
0000000000000	00000000000000000	000000000010000000000000	000000000000000	00000000000000000	00000000000
0000000000000	01000000000000000	100000100000010000000000	000000000000000	01000000000000000	00000000000
0000000000001	00000010000000000	000000000000000001010000	000000000000000	00000000000000000	00000000000
0000000000100	00000000000000001	000000000000000010000000	000000000000000	00000000000000000	00000000000
0000000000000	00000000000000000	000000000010000000000000	000000000000100	00000000000000000	00000000001
0000000000000	00000001000000000	000010000000000000000000	000000000000000	00000000000000000	00000000000
0000000000000	00000000000000000	000000000010000000000000	000000000000100	00000000000000000	00000000001
0010000000100	00000000000000000	000000000100000000000000	000000000000000	00000000010000000	00000000000
0101000000000	00000000000001000	000000000000000000000000	000010000000000	00000000000000000	10100000000
0000000000000	00001000000000000	000001000000000000000100	000000000000001	00000000000000000	00000000010
0000000000100	00000000000000001	000000000000000000000000	000000000000000	00000000000000000	00000000000
0000000000100	00000000000000001	001000000000000000000000	000000000000000	00000000000000000	00000000000
0000000000000	00000000000000000	010000001010100000100000	000000000000000	00000000000000000	00000000000
0000000000000	00000000000000000	000001000000000000000100	000000000000000	00000000000000000	00000000010
0000000000000	00000000000000000	000000010000000000000000	000000010000000	00000000100110000	00000100000
0000000000000	00000000000000000	000000000000000000000000	000000000000000	00000000000000000	00010000000
0000100000000	00100000100000000	000000000000000000000000	001100000000000	00000000000000000	00000000000
0000000000000	00100000100100000	000000000000000000000000	001000000000000	00000000000000000	00000000000
0000000000001	00000010000000000	000000000000000000010000	000000000000000	00000000000000000	00000000000
0000000000000	00000000000000000	000000000010000000000000	000000000000100	00000000000000000	00000000001
0101000000000	00000000000001000	000000000000000000000000	000000000000000	00000000000000000	10100000000
0101000000000	00000000000001000	000000000000000000000000	000000000000000	00000000000000000	10100000000
0001000000000	00000000000001000	000000000000000000000000	000000000000000	00000000000000000	10100000000
0000000000000	00000000000000000	000000000010000000000000	000000000000000	00000000000000000	00000000000
0000000000000	00000000000000000	000000000010000000000000	000000000000000	00000000000000000	00000000000
0000000000000	00000000000000000	000000010000000000000000	000000010000000	00000000100110000	00000100000
0000000000000	00100000110000000	000000000000000000001000	001000000000000	00000100000000000	00000000000
0000000000000	00000000000000000	000000000000000000000000	000000000000000	00000000000000000	00000000000
0000000000000	00000001000000000	000010000000000000000000	000000000000000	00000000000000000	00000000000
0000000000000	00000000000000000	000000010000000000000000	000000010000000	00000000100010000	00000100000
0000000000001	00000010000000000	000000000000000000010000	000000000000000	00000000000000000	00000000000
0000000000000	00000000000000000	010000001010100000100000	000000000000000	00000000000000000	00000000000
0000000000000	00100000100000000	000000000000000000000000	001000000000000	00000000000000000	00000000000
0000000000000	00000000000000000	000000000010000000000000	000000000000100	00000000000000000	00000000000
0000000000000	00000000000000000	000000000010000000000000	000000000000100	00000000000000000	00000000001
0000000000001	00000010000000000	000000000000000000010010	000000000000000	00000000000000000	00000000000
0000100000000	00100000100000000	000000000000000000000000	001100000000000	00000000000000000	00000000000
0000000000000	00000000000000000	010000001010100000100000	000000000000000	00000000000000000	00000000000
0000000000000	00000000000000000	000000000010000000000000	000000000000100	00000000000000000	00000000001
0000001001000	00000000000000000	000000000000000000000000	000000000000000	00000000000000000	00000000100
0000000000000	00000000000000000	010000001010100000100000	000000000000000	00000000000000000	00000000000
0001000000000	00000000000001000	000000000000000000000000	000000000000000	00000000000000000	10100000000
0000000000000	00000000000000000	000000000000000100000000	000000001000000	00000000000000000	00000001000
0001000000000	00000000000001000	000000000000000000000000	000000000000000	00000000000000000	11100000000
0000000000000	00000000000000010	000000000010000000000000	000000000000000	00000000000000000	00000000000
0000000000000	00000001000000000	000010000000000000000000	000000000000000	00000000000000000	00000000000
0000000000001	00000010000000000	000000000000000000010000	000000000000000	00000000000000000	00000000000
0000000000000	00000000000000000	000000010000000000000000	000000010000000	00000000100010000	00000100000
0000000000000	00000000000000000	000000000000000000000000	000000000000000	00000000000000000	00010000000
0000000000000	00000000000000000	000000000000000000000000	100001000000000	00000000000000000	00000000000
0000000000000	00000000000000000	000000000010000000000000	010000000000000	00000000000000000	00000000000
0001000000000	00000000000001000	000000000000000000000000	000000000000000	00000000000000000	10100000000
0000000000000	10100000100000000	000000000000000000000000	001000000000000	00000000000000000	00000000000
0000000000001	00000010000000000	000000000000000000010000	000000000000000	00000000000000000	00000000000
0001000000000	00000000000011000	000000000000000000000000	000000000000000	00000000000000000	10100000000
0000000000001	00000010000000000	000000000000000000010010	000000000000000	00000000000000000	00000000000
0000000000000	01000000000000000	100000100000010000000000	000000000000000	01000000000000000	00000000000
0000000000000	00000000000000010	000000000010000000000000	000000000000000	00000000000000000	00000000000
0000010000000	01000000000000000	100000100000010000000000	000000100000000	01000000000000000	00000000000
0000000000100	00000000000000001	000000000000000000000000	000000000000000	00000000000000000	00000000000
0000000000100	00000000000000001	000000000000000000000000	000000000000000	00000000000000000	00000000000
0001000000000	00000000000001000	000000000000000000000000	000000000000000	00000000000000000	10100000000
0000000000000	00000000000000000	000000000010000000000000	000000000000000	00000000000000000	00000000000
0001000000000	00000000000001000	000000000000000000000000	000000000000000	00000000000000100	10100000000
0010000000100	00000000001000000	000000000100000000000000	000000000000000	00000000000000000	00000000000
0000000000000	00000000000000000	000000010000000000000000	000000010001000	00000010100010000	00000100000
0001000000000	00000000000001000	000000000000000000000000	000000000000000	00000000000000000	10100000000
0000000000000	00010000000000000	000001000000000000000100	000000000000000	00000000000000000	00000000010
0001000000000	00000000000001000	000000000000000000000000	000000000000000	00000000000000000	10100000000
0000000000000	01000000000000000	100000100000010000000000	000000000000000	01000000000000000	00000000000
