000001000001000	00000000000000000000	0000010000010000	00000000000000000	0000100000000000	01000000000100000
000001000001000	00100000000000000000	0000010100010000	00000000000001000	0000100000000000	01000000000100000
000001000001000	00000000010000000000	0000010100010000	00000000000000000	0010100000000000	01000000000100000
000001000001000	00000000000000000000	0100010100010000	00000000000000000	0000100010000000	01000000000100000
000100000000000	10010010000000000000	0000000000000001	00000000000000000	0000010000000000	00000000101000000
000001000001000	00000000000000000000	0000010000010000	00000000010000000	0000100000000000	01000000000100000
000000000000100	00000001000100000000	0000000000000000	01100000000010000	0001000000000000	00001000000000000
000000000000110	00000000000100000010	0010000000000000	00100000000000000	1001000000000000	00000000000000000
000000000000000	01000000000010100000	0000000000000000	00000100000000000	0000000000000000	00000100000000000
000000000000100	00000000000100000000	0000000000000000	00100000000000010	0001000000000000	00000000000000000
000000000100000	10000010000000000000	0000000000000001	00000000000000000	0000000000000000	00000000100000000
000000000000100	00000000000100000000	0000000000000000	00100000000000100	0001000000000000	00000000000000000
000000000000000	01000000000000000000	0000000010001000	00000100000000000	0000000000000000	00000100000000000
000000000000110	00000000000100000000	0010000000000000	00100000000000000	0001000000000000	00000000000000000
000001000001000	00000000000000000000	0100010100010000	00000000000000000	0000100010000000	01000000000100000
000001000001000	00000000010000000000	0000010100010000	00000010000000000	0000100000000000	01000000000100000
000001000000000	00000000000000000000	0000000000010100	00011001000000000	0000100000000000	00000010000101001
000000000000110	00000000000100000010	0010000000000000	00100000000000000	1001000000000000	00000000000000000
000000000000000	01000000000000000000	0000000000100000	00000100000000000	0000000000000000	00000100000000000
000000000000100	00000000000100000000	0000000000000000	00100000000000010	0001000000000000	00000000000000100
000000000000000	10000010000000000000	0000000000000001	00000000000000000	0000000000000000	00000000100000000
000001000000000	00000000000000000000	0000000000010100	00011001000000000	0000100000000000	00000010000101001
000001000001000	00000000000000000000	0000010000010000	00000000000000000	0000100000000000	01000000000100000
000000000000110	00000000000100000000	0010000000000000	00100000000000000	0001000000000000	00000000000000000
000000000000110	00000000000100000000	0010000000000000	00100000000000000	0001000000000000	10000000000000000
000000000000000	01000000000000100000	0000000000000000	00000100000000000	0000000000000000	00000100000000000
000000001000000	10010010000000000000	0000000000000001	00000000000000000	0000010000000000	00000000101000000
000000000000000	10000010000000000000	0000000000000001	00000000000000000	0000000000000000	00000000100000000
000000000000110	00000000000100000000	0010000000000000	00100000000000000	0001000000000000	10000000000000000
000001000001000	00000100000000000000	0000010100010000	00000000000000000	0000100000000000	01000000000100000
000000000000100	00000000000100000000	0000000000000000	00100000000000010	0001001000000000	00000000000000000
000000000000000	10000010000000000000	0000000000000001	00000000000000000	0000000000000000	00000000100000000
000001000001000	00000000000000000000	0100010100010010	00000000000000000	0000100010000000	01000000000100000
000000000000000	00000000000000000001	0001000000000000	00000000000100000	0000000000000000	00000000000000000
000001000001000	00000000000000000000	0000010000010000	00000000010000000	0000100000000000	01000000000100000
000001000001000	00100000000000000000	0000010100010000	00000000000001000	0000100000000000	01000000000100000
000000000000100	00000000000100000000	0000000000000000	00100000000000000	0001000000000000	00000000000000000
000000000000000	01000000000000000000	0000100000001000	00000100000000000	0000000000000000	00000100000000000
000001000001000	00000000010000000000	0000010100010000	00000010000000000	0000100000000000	01000000000100000
000000000000100	00000000000100000000	0000000000000000	00100000000000010	0001000000000000	00000000000000000
000000010000000	10000000000000000000	0000000000000001	00000000000000000	0000000000000000	00000000100000000
000000000000110	00000000000100000010	0010000000000000	00100000000000000	0001000000000000	00000000000000000
000001000001000	00000000010000000000	0000010100010000	00000000000000000	0000100000000000	01000000000100000
000000000000000	01000000000000010000	0000000000100000	00000100000000000	0000000000000000	00000100000000000
000000000000000	01000000000010100000	0000000000000000	00000100000000000	0000000000000000	00000100000000000
000000000000000	01000000000010100000	0000000000000000	00000100000000000	0000000000000000	00000100000000000
000000000000100	00000001000100000000	0000000000000000	00100000000010000	0001000000000000	00000000000000000
000000000000000	01000000000010100000	0000000000000000	00000100000000000	0000000000000000	00000100000000000
000000000000000	01000000000000000000	0000000000000000	00000100000000000	0000000000000000	00000100000000000
000000000000000	00000000000000000001	0001000000000000	00000000000100000	0000000000000000	00000000000000000
000000000000000	10000010000000000000	0000000000000001	00000000000000000	0000000000000000	00000000100000000
000001000001000	00000000000000000000	0100010100010000	00000000000000000	0000100010000000	01000000000100000
000000000000000	01000000000000000000	0000000000000000	00000100000000000	0000000000000000	00000100000000000
000000000000000	01000000000010100000	0000000000000000	00000100000000000	0000000000000000	00000100000000000
000000000000110	00000000000100000000	0010000000000000	00100000000000000	0001000000000000	10000000000000000
000000100000000	01000000000000000000	0000000000000000	00000100000000000	0000000000000000	00000100000000000
000001000001000	00100000000000000000	0000010100010000	00000000000001000	0000100000000000	01000000000100000
000001000001000	00000000000000000000	0000010000010000	00000000010000000	0000100000100000	01000000000100000
000001000000000	00000000000000000000	0000000000010100	00011001000000000	0000100000000000	00000010000101001
000001000001000	00100000000000000000	0000010100010000	00000000000001000	0000100000000000	01000000000100000
000001000001000	00100000000000000000	0000010100010000	00000000000001000	0000100000000000	01000000000100000
000000000000000	10010010000000000000	0000000000000001	00000000000000000	0000010000000000	00000000101000000
000000000000000	10000010000000000000	0000000000000001	00000000000000000	0000000000000001	00000000100000000
000001000001000	00100000000000000000	0000010100010000	00000000000001000	0000100000000000	01000000000100000
000001000000000	00000000000000000000	0000000000010100	00011001000000000	0000100000000000	00000010000101001
000000000000000	01000000000000000000	0000000000001000	00000100000000000	0000000000000000	00000100010000000
000001000001000	00100000000000000000	0000010100010000	00000000000001000	0000100000000000	01000000000100000
000001000001000	00000000000000000000	0000010000010000	00000000010000000	0000100000000000	01000000000100000
000000000000000	10010010000000000000	0000000000000001	00000000000000000	0000010000000000	00000000101000000
000000000000110	00000000000100000000	0010000000000000	00100000000000000	0001000000000000	00000000000000000
100001000000000	00000000000000000000	0000000000010100	00011001000000000	0000100000000000	00000010000101001
000000000000100	00000000000100000000	0000000000000000	00100000000000000	0001000000000000	00000000000000000
000000000000100	00000000000100000100	0000000000000000	00100000000000000	0001000000000000	00010000000000000
000000000000000	01000000000000000000	0000000001000000	00000100000000000	0100000000001000	00000100000000000
011000000000000	10000000000000000000	0000000000000001	00000000000000001	0000000000000010	00000000000000000
000010010000000	10000000000000001000	0000000000000001	00000000100000000	0000000000000100	00000000100000000
000000000000000	01000000000000010000	0000000000100000	00000100000000000	0000000000000000	00000101000000000
000001000001000	00000000010000000000	0000010100010000	00000000000000000	0000100000000000	01000000000100000
000001000001000	00000000000000000000	0100010100010010	00000000000000000	0000100010000000	01000000000100000
000001000001000	00000000000000000000	0000010000010000	00000000010000000	0000100000000000	01000000000100000
000000000000000	01000000000000000000	0000000000001000	00000100000000000	0000000000010000	00000100000010000
000000000000110	00000000000100000010	0010000000000000	00100000000000000	0001000000000000	00000000000000000
000000000000100	00000000000100000000	0000000000000000	00100000000000010	0001000000000000	00000000000000000
000000000000000	01000000000000000000	0000000000000000	00000100000000000	0000000000000000	00000100000000010
000001000001000	00100000000000000000	0000010100010000	00000000000001000	0000100000000000	01000000000100000
000000000000000	01000000000000000000	0000000000001000	00000100000000000	0000000000000000	00000100010000000
000000000000000	00000000000000000001	0001000000000000	00000000000100000	0000000000000000	00000000000000000
000000000000000	01000000000000000000	0000000000000000	00000100000000000	0000000000000000	00000100000000000
000000000000100	00000000000100000000	0000000000000000	00100000000000010	0001001000000000	00000000000000000
000001000001000	00000000000000000000	0000010000010000	00000000000000000	0000100000000000	01000000000100000
000001000001000	00000000000000000000	0000010000010000	00000000000000000	0000100000000000	01000000000100000
000010010000000	10000000000000001000	0000000000000001	00000000100000000	0000000000000100	00000000100000000
000001000001000	00000000000000000000	0000010000010000	00000000000000000	0000100000000000	01000000000100000
000001000001000	00000000000000000000	0000010000010000	00000000000000000	0000100000000000	01000000000100000
000001000001000	00000100000000000000	0000010100010000	00000000000000000	0000100000000000	01000000000100000
000001000001000	00000000010000000000	0000010100010000	00000000000000000	0000100000000000	01000000000100000
000001000011000	00000000001000000000	0000010100010000	00000000000000000	0000100000000000	01000000000100000
000000000000100	00000000000100000000	0000000000000000	00100000000000100	0001000000000000	00000000000000000
000001000000000	00000000000000000000	0000000000010100	00011001000000000	0000100000000000	00000010000101001
000000000000110	00000000000100000000	0010000000000000	00100000000000000	0001000000000000	00000000000000000
000000000000110	00000000000100000000	0010000000000000	00100000000000000	0001000000000000	00000000000000000
000000000000100	00000000000100000000	0000000000000000	00100000000000000	0001000000000000	00000000000000000
000001000001000	00000000000000000000	0100010100010000	00000000000000000	0000100010000000	01000000000100000
000000000000100	00000000000100000000	0000000000000000	00100000001000000	0001000000000000	00100000000000000
000000000000000	00000000000000000001	0001000000000000	00000000000100000	0000000000000000	00000000000000000
000000000000110	00000000000100000000	0010000000000000	00100000000000000	0001000000000000	10000000000000000
000000000000110	00000000000100000010	0010000000000000	00100000000000000	0001000000000000	00000000000000000
000000000000100	00000000000100000000	0000000000000000	00100000000000000	0001000000000000	00000000000000000
000001000001000	00000000000000000000	0000010000010000	00000000000000000	0000100000000000	01000000000100000
000000000000000	01000000000000000000	0000100000001000	00000100000000000	0000000000000000	00000100000000000
100001000000000	00000000000000000000	0000000000010100	00011001000000000	0000100000000000	00000010000101001
000000000000100	00000000000100000000	0000000000000000	00100000000000000	0001000000000000	00000000000000000
011000000000000	10000000000000000000	0000000000000001	00000000000000001	0000000000000010	00000000000000000
000001000001000	00000000000000000000	0000010000010000	00000000010000000	0000100000000000	01000000000100000
000000000000110	00000000100100000000	0010000000000000	00100000000000000	0001000000000000	00000000000000000
000000000000000	01000000000000000000	0000000000000000	00000100000000000	0000000000000000	00000100000000000
000000000000000	01000000000010100000	0000000000000000	00000100000000000	0000000000000000	00000100000000000
000001000001000	00100000000000000000	0000011100010000	00000000000001000	0000100000000000	01000000000100000
000000000000000	00000000000001000001	0001000000000000	00000000000100000	0000000100000000	00000000000000000
000001000001001	00000000000000000000	0000010000010000	00000000000000000	0000100001000000	01000000000100000
000001000001000	00001000010000000000	0000010100010000	00000000000000000	0000100000000000	01000000000100000
000000000000100	00000000000100000000	0000000000000000	00100000000000010	0001000000000000	00000000000000100
000000000000000	01000000000000000000	0000000000000000	00000100000000000	0000000000000000	00000100000000000
000000000000110	00000000000100000000	0010000000000000	00100000000000000	0001000000000000	00000000000000000
000000000000100	00000000000100000000	0000000000000000	00100000000000010	0001000000000000	00000000000000100
000001000001000	00000000010000000000	0000010100010000	00000000000000000	0000100000000000	01000000000100000
000000000000000	10000010000000000000	0000000000000001	00000000000000000	0000000000000000	00000000100000000
000000000000100	00000000000100000000	0000000000000000	00100000000000000	0001000000000000	00000000000000000
000000000000000	01000000000000000000	1000000000001000	00000100000000000	0000000000000000	00000100000000000
000000000000100	00000001000100000000	0000000000000000	00100000000010000	0001000000000000	00000000000000000
000000000000000	01000000000000010000	0000000000100000	00000100000000000	0000000000000000	00000101000000000
000001000001000	00000000010000000000	0000010100010000	00000000000000000	0000100000000000	01000000000100000
000001000001000	00000000000000000000	0100010100010000	00000000000000000	0000100010000000	01000000000100000
000000000000100	00000001000100000000	0000000000000000	00100000000010000	0001000000000000	00000000000000000
000000000000000	01000000000000000000	0000000000001000	00000100000000000	0000000000000000	00000100010000000
000000000000100	00000000000100000000	0000000000000000	10100000001000000	0001000000000000	00100000000000000
000001000001000	00000100000000000000	0000010100010000	00000000000000000	0000100000000000	01000000000100000
000000000000100	00000000000100000000	0000000000000000	00100000000000000	0001000000000000	00000000000000000
000000000000000	01000000000000000000	0000000000000000	00000100000000000	0000000000000000	00000100000000010
000001000001000	00000000000000000000	0100010100010000	00000000000000000	0000100010000000	01000000000100000
000001000001000	00000000010000000000	0000010100010000	00000010000000000	0000100000000000	01000000000100000
000000000000000	10010010000000000000	0000000000000001	00000000000000000	0000010000000000	00000000101000000
000001000001000	00000000000000000000	0000010000010000	00000000010000000	0000100000000000	01000000000100000
000010010000000	10000000000000001000	0000000000000001	00000000100000000	0000000000000100	00000000100000000
000000000000000	01000000000000000000	0000000000000000	00000100000000000	0000000000000000	00000100000000000
000001000001000	00000000000000000000	0000010000010000	00000000000000000	0000100000000000	01000000000100000
000000000000000	00000000000000000001	0001000000000000	00000000000100000	0000000000000000	00000000000000000
000001000001000	00000000000000000000	0000010000010000	00000000000000000	0000100000000000	01000000000100000
000000000000000	10000010000000000000	0000000000000001	00000000000000000	0000000000000001	00000000100000000
000001000001000	00000000000000000000	0000010000010000	00000000000000000	0000100000000000	01000000000100000
