000000000000000000	0000000000000000000000	1000000000	00100000000100000	000000000000001000	000000000000000000
000000001000010000	0000000000000000000010	0001000000	00001000000000010	000000100100000000	000000011100000000
001000000100000000	0010100000000000000000	0010000000	00000000000000000	000000000000000000	000000000000000000
000000000000000000	0000000000100000000000	0000010000	00000000000000001	000010000000000000	000000000000000000
000000000000000000	0000000000100000000000	0000000000	00000000000000001	000010000000000000	000000000000000001
000000000000000000	0000000001000000010000	0000000000	00010001000000000	000001000000000000	100000000000100100
010000001010000000	0000000000000000000010	0000000000	00000000001000010	000000100000000000	000000010000000000
000000000000000000	0000000000100000001000	0000000000	00000010000010001	000010000000000100	000000000000010000
000000000000000000	0000000000100000000000	0000000000	00000000000000001	000010000000000000	000001000000000000
000000001000000000	0000000000000000000010	0000000000	00000000000000010	000000100000000000	000000010000000000
000000000000000000	0000000000100000000000	0000000000	00000000000000001	000010000000000000	000000000000000000
000001001000000000	0000000000000100000010	0000000100	00000000010000010	000000100000000000	000000010000000000
000000000000000000	0000000000100000001000	0000000000	00000010000010001	000010000000000000	000000000000000000
000000000000000000	0000000000100000001000	0000000000	00000010000010001	000010000000000000	000000000000000000
000000000000000000	0000000001000000010000	0000000000	00010001000000000	000001000000000000	100000000000100100
001000000000000000	0010010100000000000000	0000000000	00000000000000000	000000000000010000	000000000000000000
000000000000000000	0000000000000000000000	0000000000	00000000000001000	000000000000000000	001000000010000000
000000000000000000	0000000000100000000000	0000000000	00000000000000001	000010000000000010	000000000000000000
000000000000000000	0000000001000000010000	0000000000	00010001000000000	000001000000000000	100000000000100100
000000001000000000	0000000000000000000010	0000000000	00000000000000010	000000100000000000	000000010000000000
000000001000000000	0000000000000000000010	0000000000	00000000000000010	000000100000000000	000000010000000000
000000000000000000	0000000000100000000000	0000000000	00000000000000001	000010000000000010	000000000000000000
000000001000000000	0000000000000000100010	0001000000	00001000000000010	000000100000000000	000000111100000000
000000000000000000	0000000000100000001000	0000000000	00000010000010001	000010000000000100	000000000000010000
001000000100000000	0010100000000000000000	0010000000	00000000000000000	000000000000000000	000000000000000000
000010000001000000	0000000000000000000000	0000100000	00000000000000000	100000000000000000	000000000000000000
000000000000000000	0000000000000000000000	0000000000	00000000000001000	000000000000000000	000000000010000000
000000000000000000	0000000000100000001000	0000000000	00000010000010001	000010000000000000	000000000000000000
000010000000000000	0000000000000010000000	0000000000	00000000000000100	000000000000000000	000000000000000000
000000001000000100	0000000000000000000011	0000000000	00000000000000010	000000100000000000	000000010000000000
000000000000000000	0000000000100000000000	0000000000	00000000000000001	000010000000000000	000000000000000000
000010000000000000	0000000000000010000000	0000000000	00000000000000100	000000000000000000	000000000000000000
000000000000000000	0000000000000000000000	0000000000	00000000000001000	000000000000000000	000000000010000000
000000000000000000	0000000000100000001000	0000000000	00000010000010001	000010000000000000	000000000000000000
000000000000000000	0000000000000000000000	0000000001	00100000000100000	000000000000001000	000000000000000000
000000000000000000	0000000000100000001000	0000000000	00000010000010001	000010000000000000	000000000000000000
000000001000000000	0000000000000000000010	0001000000	00000100000000010	000000101000000000	000000011100000000
000000010000000000	0001000001000000010000	0000000000	00010001000000000	000001000000000000	100000000000100100
000000001000010000	0000000000000000000010	0001000000	10001000000000010	000000100100000000	000000011100000000
000000000000000000	0000000000100000000000	0000000000	00000000000000001	000010000000000000	000000000000000000
000000000000000000	0000000001000000010000	0000000000	00010001000000000	000001000000000000	100000000000100100
000000100000000000	0000000000000000000000	0000000000	01000000100000000	000000000000000000	000000000010000000
000000001000000000	0000000000000000000010	0001000000	00001000000000010	000000100001000000	000000011100000000
000010000000000010	0000000000000001000000	0000000000	00000000000000000	100000010000100000	000000000000000000
000000000000000000	0000000000100000001000	0000000000	00000010000010001	000010000000000000	000000000000000000
000000001000000000	0000000000000000000010	0001000000	00000100000000010	000000101000000000	000000011100000000
000010000000000000	0000000000000010000000	0000000000	00000000000000100	000000000000000000	000100000000000000
000000000000000000	0000000000100000000000	0000000000	00000000000000001	000010000000000000	000000000000000000
000000001000000000	0000000000000000000010	0000000000	00000000000000010	000000100000000000	000000010000000000
010000001010000000	0000000000000000000010	0000000000	00000000001000010	000000100000000000	000000010000000000
000000001000000000	0000000000000100000010	0000000100	00000000010000010	000100100000000000	000000010000000000
000000001000000000	0000000000000000000010	0000000000	00000000000000010	000000100000000000	000000010000000000
000000000000000001	0000000000100000001000	0000000000	00000010000010001	000010000000000000	000000000000000000
000010000001000000	0000000000000000000000	0000100000	00000000000000000	100000000000000000	000000000000000000
010000001010000000	0000000000000000000010	0000000000	00000000001000010	000000100000000000	000000010000001000
000000000000000000	0000000000100000000000	0000000000	00000000000000001	000010000000000000	000000000001000000
001000000000000000	0010010100000000000000	0000000000	00000000000000000	000000000000010000	000000000000000000
000000000000000000	0000000000100000000000	0000000000	00000000000000001	000010000000000000	000000000000000001
000000000000000000	0000000000000000000000	0000000001	00100000000100000	000000000000001000	000000000000000000
000000001000000000	0000000000000000000110	0000000000	00000000000000010	000000100000000000	000000010000000000
010000001010000000	0000000000000000000010	0000000000	00000000001000010	000000100000000000	000000010000000000
000000000000000000	0000000000100000001000	0000000000	00000010000010001	000010000000000000	000000000000000000
000000000000000000	0100000000100000000000	0000000000	00000000000000001	000010000000000000	000000000000000000
000000000000000000	0000000000100000000000	0000000000	00000000000000001	000010000000000000	000000000001000000
000000000000000000	0000000001000000010000	0000000000	00010001000000000	000001000000000000	100000000000100100
000000000000000000	0000000000100000000000	0000000000	00000000000000001	001010000000000000	000000000000000000
000000001000000000	0000000000000000000010	0000000000	00000000000000010	000000100000000000	000000010000000000
000000001000000000	0000000000000000000010	0001000010	00001000000000010	000000100001000000	000000011100000000
001000000100000000	0010100000000000000000	0010000000	00000000000000000	000000000000000000	000000000000000000
000000001000010000	0000000000000000000010	0001000000	00001000000000010	000000100100000000	000000011100000000
001000000100000000	0010100000000000000000	0010000000	00000000000000000	000000000000000000	000000000000000000
000000000000000000	0000000000100000000000	0000000000	00000000000000001	000010000000000000	000000000000000000
000000000000000000	0000000000100000000000	0000000000	00000000000000001	000010000000000000	000000000000000001
000000001000000000	0000000000000000000010	0001000010	00001000000000010	000000100001000000	000000011100000000
000000000000000000	0000000001000000010000	0100000000	00010001000000000	010001000010000000	000010000000100100
000000000000000000	0000000000000000000000	0000000000	00000000000001000	000000000000000000	000000000010000000
010000001010000000	0000000000000000000010	0000000000	00000000001000010	000000100000000000	000000010000000000
000000000000000000	0000000000100000000000	0000000000	00000000000000001	000010000000000000	000000000000000000
000000000000000000	0000000001000000010000	0000000000	00010001000000000	000001000000000000	100000000000100100
000000001000000000	0000000000000000000010	0000000000	00000000000000010	000000100000000000	000000010000000000
000000000000000000	0000000000100000000000	0000000000	00000000000000001	000010000000000000	000000000000000001
000000000000000000	0000000000000000000000	0000000000	00000000000001000	000000000000000000	000000000010000000
000000000000000000	0000000000100000000000	0000000000	00000000000000001	000010000000000010	000000000000000000
000000000000000000	0000000000100000000000	0000000000	00000000000000001	000010000000000000	000000000000000000
000000000000000000	0000000000100000000000	0000000000	00000000000000001	000010000000000000	000000000000000000
000000000000000000	0000000000100000000000	0000000000	00000000000000001	000010000000000000	000000000000000000
000000000000000000	0000000000000000000000	0000000000	00000000000001000	000000000000000000	000000000010000000
000010000000000000	0000000000000010000000	0000000000	00000000000000100	000000000000000000	000000000000000000
000000001000000000	0000000000000000000010	0001001000	00000000000000010	000000101000000000	000000011100000000
000000000000000000	0000000001001000010000	0000000000	00010001000000000	000001000000000000	000000000000100100
000000000000000000	0000000000000000000000	0000000000	00000000000001000	000000000000000000	000000000010000000
010000001010000000	0000000000000000000010	0000000000	00000000001000010	000000100000000000	000000010000000000
000000001000010000	0000000000000000000010	0001000000	10001000000000010	000000100100000000	000000011100000000
000000000000000000	0000000000000000000000	0000000000	00000000000001000	000000000000000000	000000000010000000
000000000000000000	0000000000000000000000	0000000000	00000000000001000	000000000000000000	000000000010000000
000000000000000000	0000000000100000000000	0000000000	00000000000000001	000010000000000000	000000000000000001
000000000000001000	0000000000100000000000	0000000000	00000000000000001	000010000000000000	000000000000000000
000000000000000000	0000000000100000000000	0000000000	00000000000000001	000010000000000000	000000000000000001
000000000000000000	0000000001000000010000	0000000000	00010001000000000	000001000010000000	000010000000100100
000000000000000000	0000000010000000000000	0000000000	00100000000100000	000000000000001000	000000000000000000
000000000000000000	0000000000000000000000	0000000001	00100000000100000	000000000000001000	000000000000000000
000000000000000000	0000000001000000010000	0000000000	00010001000000000	000001000010000000	000010000000100100
000000000000000000	0000000000100000000000	0000000000	00000000000000001	001010000000000000	000000000000000000
000000000000000000	0000000001011000010000	0000000000	00010001000000000	000001000000000000	000000000000100100
000010000000000000	0000000000000010000000	0000000000	00000000000000100	000000000000000000	000100000000000000
000000000000000000	0000000000100000000000	0000010000	00000000000000001	000010000000000000	000000000000000000
000000000000000000	0000000001000000010000	0000000000	00010001000000000	000001000010000000	000010000000100100
001000000100000000	0010100000000000000000	0010000000	00000000000000000	000000000000000000	000000000000000000
000000001000010000	0000000000000000000010	0001000000	10001000000000010	000000100100000000	000000011100000000
000000000000000000	0000000000000000000000	0000000000	00000000000001000	000000000000000000	000000000010000000
000000000000000000	0000000000100000000000	0000000000	00000000000000001	000010000000000000	000000000000000000
000000001000100000	0000000000000000000010	0000000000	00000000000000010	000000100000000001	000000010000000000
000000001000000000	0000000000000000000010	0000000000	00000000000000010	000000100000000000	000000010000000000
000000000000000000	0000000000000000000000	0000000001	00100000000100000	000000000000001000	000000000000000000
000000001000000000	0000000000000000000010	0001000000	00001000000000010	000000100001000000	000000011100000000
000000000000000000	0000000000000000000000	0000000000	00000000000001000	000000000000000000	000000000010000000
000000001000010000	0000000000000000000010	0001000000	00001000000000010	000000100100000000	000000011100000000
000000000000000000	0000000000000000000000	0000000000	00000000000001000	000000000000000000	000000000010000000
000000001000000000	0000000000000000000010	0000000000	00000000000000010	000000100000000000	000000010000000000
000000000000000000	0000000000100000000000	0000000000	00000000000000001	000010000000000000	000000000000000000
000000001000010000	0000000000000000000010	0001000000	10001000000000010	000000100100000000	000000011100000000
000000000000000000	0000000000100000000000	0000000000	00000000000000001	000010000000000000	000000000000000001
010000001010000000	0000000000000000000010	0000000000	00000000001000010	000000100000000000	000000010000000000
000000000000000000	0000000000000000000000	0000000001	00100000000100000	000000000000001000	000000000000000000
000000001000000100	0000000000000000000011	0000000000	00000000000000010	000000100000000000	000000010000000000
000000001000000000	0000000000000100000010	0000000100	00000000010000010	000000100000000000	000000010000000000
000000000000000000	0000000001000000010000	0000000000	00010001000000000	000001000010000000	000010000000100100
000000001000010000	0000000000000000000010	0001000000	10001000000000010	000000100100000000	000000011100000000
000000001000000000	0000000000000000000010	0001000000	00001000000000010	000000100001000000	000000011100000000
010000001010000000	0000001000000000000010	0000000000	00000000001000010	000000100000000000	000000010000000000
001000000100000000	0010100000000000000000	0010000000	00000000000000000	000000000000000000	000000000000000000
001100000000000000	0010010100000000000000	0000000000	00000000000000000	000000000000010000	000000000000000000
000000000000000000	0000000000100000000000	0000000000	00000000000000001	000010000000000000	000000000000000001
000000000000000000	0000000001000000010000	0000000000	00010001000000000	000001000010000000	000010000000100100
000000001000000000	0000000000000000000010	0000000000	00000000000000010	000000100000000000	010000010000000000
000000000000000000	0000000000100000000000	0000000000	00000000000000001	000010000000000000	000000000000000001
010000001010000000	0000000000000000000010	0000000000	00000000001000010	000000100000000000	000000010000000000
000000001000000000	0000000000000000000010	0001000000	00000100000000010	000000101000000000	000000011100000000
001000000100000000	0010100000000000000000	0010000000	00000000000000000	000000000000000000	000000000000000000
000000001000000000	0000000000000000000010	0000000000	00000000000000010	000000100000000000	000000010000000000
100000000000000000	0000000000100000000000	0000000000	00000000000010001	000010000000000000	000000000000000010
000000000000000000	0000000000100000000000	0000000000	00000000000000001	000010000000000000	000000000000000000
000000001000000000	0000000000000000000010	0000000000	00000000000000010	000000100000000000	000000010000000000
001000000100000000	0010100000000000000000	0010000000	00000000000000000	000000000000000000	000000000000000000
000010000000000000	1000000000000010000000	0000000000	00000000000000100	000000000000000000	000000000000000000
000000000000000000	0000000000100000001000	0000000000	00000010000010001	000010000000000000	000000000000000000
000000000000000000	0000000000100000000000	0000000000	00000000000000001	000010000000000000	000000000000000000
001000000100000000	0010100000000000000000	0010000000	00000000000000000	000000000000000000	000000000000000000
000000000000000000	0000000000100000000000	0000000000	00000000000000001	000010000000000000	000000000000000000
000000001000000000	0000000000000000000010	0000000000	00000000000000010	000000100000000000	000000010000000000
