0000000000000000	0000000000000	00001000	000000000000000100000000	00000000000010	000000000000001000000000010000
0000000010010000	0000010000010	00000100	000000000000000000001000	00000000000100	001100000000000000001000100000
0000000000000000	0000000000000	00000000	100000000010000000000000	00000000001000	000000000000000000000000000100
0000000010010000	0010000000010	00000000	000001000000000000001000	00000100000100	000100000010000000001000100000
0000000000001000	0000100000000	00000000	000000100000001000010000	00000000000000	010000000000000001000000000000
0000000000000010	0000000000000	00001000	000000000000000100000000	00000000000000	000000000000001000000000000000
0000000000000000	0000000000000	00001000	000000000000000100000000	00000000000000	000000000000011000000000010000
0000000000000000	0000000000000	00001000	000000000000000100000000	00000000000000	000000000000001000000000010000
0000000000000000	0000000000000	00000000	001100000000000000000000	01000000000000	000000000100000000000100000000
0000001011010000	0010000000010	00000000	000000000000000000001000	00000100000100	000100000000000000001000100000
0000000000000000	0000000001001	00000000	000000000000010000000000	00001000000000	000000000000000000010000000000
0000000000000000	0000000001001	00000000	000000000000010000000000	00001000000000	000000000000000000010000000000
0000000000000000	0000000000000	00001000	000000000000000100000000	00000000000000	000000000000001000000000000000
0000000000000000	0000000001001	00000000	000000000000010000000000	00001000000000	000000000000000000010000000000
0000000000000100	0000001100000	00000000	000000000000000000000000	00000001000000	000000100000000000100000000000
0000000010010000	0000010000010	00000100	000000000000000000001000	00000000000100	001100000000000100001000100000
0000000010010000	0000010000010	00000100	000000000000000000001000	00000000000100	000100000000000000001000100000
0000000000000000	0000000000000	00001000	000000000000000100000100	10000000000000	000010000000001000000000000000
0000000000000100	0000001100000	00000000	000000000000000000000000	00000001000000	000000100000000000100000000010
0000000010010000	0000000000010	00000100	000000000000000000001000	00000000000100	000100000000000000001000100000
0000000010010000	0000000000010	00000100	000000000000000000001000	00000000000100	000100000000000000001010100000
0000000010010000	0010000000010	00000000	000001000000000000001000	00000100000100	000100000010000000001000100000
0000000000000100	0000001100000	00000000	000000000000000000000000	00000001000000	000000100000000000100000000010
0000000000001000	0000100000000	00000000	000000100000001000010000	00000000000000	010000001000000001000000000000
0000000000000001	0000000000000	00000000	010000001001000000000000	00010000000000	000000000000000000000000000000
0000000000000010	0000000000000	00001000	000000000000000100000000	00000000000000	000000000000001000000000000000
0000000000000000	0100000010000	00000010	000000000100000000000000	00000000000000	000001010000000000000000000000
0000000000000000	0000000000000	00001000	000000000000000100000100	10000000000000	000010000000001000000000000000
0000000000000000	0000000000000	00000000	001100000000000000000000	00000000000000	000000000100000000000100000000
0000000000100000	0000000000000	00000000	001100000000000000000000	00000000000000	000000000100000000000100000000
0000000000000000	0000000001001	00000000	000000000000010000000000	00001000000000	000000000000000000010000000000
0000000000000000	0100000010000	00000010	000000000100000000000000	00000000000000	000001010000000000000000000000
0000000000000000	0000000000000	00000000	000000000010000001000000	00000010001000	000000000000000000000001000100
0010100010010000	1000000000010	00000001	000000000000000000001000	00000000000100	000100000000000010001000100001
0000000010010000	0010000000110	00010000	000000000000000000001000	00000100010100	000100000000000000001000100000
0000000010010000	0000000000010	00100100	000000000000000000001000	00000000000100	000100000000000000001010100000
0000000000000000	0000000000000	00001000	000000000000000100000100	10000000000000	000010000000001000000000000000
0000000000000000	0100000010000	00000010	000000000100000000000000	00000000000000	000001010000000000000000000000
0000000000000000	0000000000000	00000000	000000001001000000000000	00010000000000	000000000000000000000000000000
0000000000000000	0000000000000	00001000	000000000000000100000000	00000000000000	000000000000001000000000010000
0000000000000000	0100000010000	00000010	000000000100000000000000	00000000000000	000001010000000000000000000000
0100000000000000	0000000000000	00001000	000000000000000100000000	00000000000010	000000000000001000000000010000
0000000000000000	0000000000000	00001000	000000000000000100000000	00000000000000	000000000000001000000000010000
0000000011010000	0010000000010	00000000	000000000000000000001000	00000100000100	000100000000000000001000100000
0000000000000000	0100000010000	00000010	000000000100000000000000	00000000000000	000001000000000000000000000000
0000000000000000	0000000000000	00001000	000000000000000100000100	10000000000000	000010000000001000000000000000
0000000010010000	0000000000010	00000100	000000000000000000001000	00000000000100	000100000000000000001010100000
0000000000000000	0100000010000	00000010	000000000100000000000000	00000000000000	000001010000000000000000000000
0000000010010000	0000010000010	00000100	000000000000000000001000	00000000000100	001100000000000100001000100000
0000000000000000	0000000001001	00000000	000000000000010000000000	00001000000000	000000000000000000010000000000
0000000010010000	0000010000010	00000100	000000000000000000001000	00000000000100	001100000000000000001000100000
0000000000000000	0100000010000	00000010	000000000100000000000000	00000000000000	000001000000000000000000000000
0000000000000000	0000000001001	00000000	000000000000010000000000	00001000000000	000000000000000000010000000000
0000000000000000	0000000000000	00001000	000000000000000100000000	00000000000000	000000000000001000000000010000
0000000010010000	0010000000010	00000000	000001000000000000001000	00100100100100	000100000010000000001000100000
0000000010010000	0000010000010	00000100	000000000000000000001000	00000000000100	000100000000000000001000100000
0000000000000000	0000000001001	00000000	000000000000010000100000	00001000000000	000000000000000000010000000000
0000100010010000	1000000000010	00000000	000000000000000000001000	00000000000100	000100000000000000001000100001
0000000010010000	0000000000010	00100100	000000000000000000001000	00000000000100	000100000000000000001010100000
0000000000000000	0000000000000	00001000	000000000000000100000000	00000000000000	000010000000001000000000000000
0000000000000100	0000001100000	00000000	000000000000000000000000	00000001000000	000000100000000000100000000000
0000000000000000	0100000010000	00000010	000000000100000000000000	00000000000000	000001010000000000000000000000
0000000000000100	0000001100000	00000000	000000000000000000000000	00000001000000	000000100000000000100000000000
0000000000000000	0000000000000	00001000	000000000000000100000000	00000000000000	000000000000001000000000010000
1000000000000000	0000000001001	00000000	000000000000010000000000	00001000000000	000000000000000000010000000000
0000000000000000	0000000001001	00000000	000000000000010000000000	00001000000000	000000000000000000010000000000
1000000000000000	0000000001001	00000000	000000000000010000000000	00001000000000	000000000000000000010000000000
0000000000000000	0000000001001	00000000	000010000000010000000000	00001000000000	000000000000000000010000000000
0000000000000000	0000000000000	00001000	000000000000000100000000	00000000000000	000000000000001000000000000000
0000000011010000	0010000000010	00000000	000000000000000000001000	00000100000100	000100000000000000001000100000
0000000000001000	0000100000000	00000000	000000100000001000010000	00000000000000	010000000000000001000000000000
0000000000000000	0000000001001	00000000	000000000000010000000000	00001000000000	100000000000000000010000000000
0000001011010000	0010000000010	00000000	000000000000000000001000	00000100000100	000100000000000000001000100000
0000000000000000	0100000010000	00000010	000000000100000000000000	00000000000000	000001010000000000000000000000
0000000000000000	0000000001001	00000000	000000000000010000000000	00001000000000	000000000000000000010000000000
0000000000000000	0000000000000	00001000	000000000000000100000100	10000000000000	000010000000001000000000000000
0000000000100000	0000000000000	00000000	001100000000000000000000	00000000000000	000000000100000000000100000000
0000000000000000	0000000001001	00000000	000000000000010000000000	00001000000000	000000000000000000010000000000
0000000000000000	0000000000000	10000000	010000001001000000000000	00010000000000	000000000000000000000000000000
0000000100000000	0000000001001	00000000	000000000000010000000000	00001000000000	000000000000000000010000000000
0000000000000000	0000000000000	00000000	001100000000000000000000	00000000000000	000000000100000000000100000000
0000000000000000	0000000000000	00001000	000000000000000100000000	00000000000000	000000000000001000000000010000
0000000000000000	0100000010000	00000010	000000000100000000000010	00000000000000	000001000000000000000000000000
0000000010010000	0000000000010	00000100	000000000000000000001000	00000000000100	000100000000000000001010100000
0000000000000000	0000000000000	00001000	000000000000000100000000	00000000000001	000000000000001000000000010000
0000000000000000	0000000000000	00000000	001100000000000000000000	00000000000000	000000000100000000000100000000
0000000010010000	0000010000010	00000100	000000000000000000001000	00000000000100	001100000000000100001000100000
0000000000000000	0000000000000	00001000	000000000000000100000001	00000000000000	000010000000001000000000000000
0000000000000000	0000000001001	00000000	000000000000010000000000	00001000000000	000000000000000000010000000000
0000000000000000	0000000000000	00001000	000000000000000100000000	00000000000000	000000000000001000000000010000
0000000011010000	0010000000010	00000000	000000000000000000001000	00000100000100	000100000000000000001000100000
0000000000000000	0000000000000	00000000	001100000000000010000000	00000000000000	000000000100000000000100000000
0000000000000000	0000000000000	00001000	000000000000000100000000	00000000000000	000000000000011000000000010000
0000100010010000	1000000000010	00000000	000000000000000000001000	00000000000100	000100000000000000001000100001
0001000000000000	0000000000000	00000000	000000010000000000000000	00000000000000	000000000000000000000000000000
0000000000000000	0000000000000	00000000	000000001001000000000000	00010000000000	000000000000000000000000000000
0000000000000000	0000000000000	00001000	000000000000000100000000	00000000000001	000000000000001000000000010000
0000000000000100	0000001100000	00000000	000000000000000000000000	00000001000000	000000100000000000100000000010
0000000010010000	0010000000010	00000000	000000000000000000001000	00000100010100	000100000000100000001000100000
0000000010010000	0010000000010	00000000	000000000000000000001000	00000100010100	000100000000100000001000100000
0000000010010000	0010000000010	00000000	000001000000000000001000	00000100000100	000100000010000000001000100000
0000000000000000	0000000000000	00001000	000000000000000100000100	10000000000000	000010000000001000000000000000
0000000000000000	0101000010000	00000010	000000000100000000000010	00000000000000	000001000000000000000000000000
0000000010010000	0000000000010	00000100	000000000000000000001000	00000000000100	000100000000000000001010100000
0000000000000000	0000000000000	00001000	000000000000000100000000	00000000000000	000000000000001000000000010000
0010100010010000	1000000000010	00000001	000000000000000000001000	00000000000100	000100000000000010001000100001
0000000010010000	0000000000010	00000100	000000000000000000001000	00000000000100	000100000000000000001000100000
0000000000000000	0000000000000	00001000	000000000000000100000000	00000000000000	000000000000011000000000010000
0000000000000000	0000000000000	00001000	000000000000000100000000	00000000000000	000010000000001000000000000000
0000000000000000	0100000010000	00000010	000000000100000000000000	00000000000000	000001000000000000000000000000
0000110010010000	1000000000010	00000000	000000000000000000001000	00000000000100	000100000000000000001000100001
0000100010010000	1000000000010	00000000	000000000000000000001000	00000000000100	000100000000000000001000100001
0000001011010000	0010000000010	00000000	000000000000000000001000	00000100000100	000100000000000000001000100000
0000000000000000	0000000000000	00001000	000000000000000100000000	00000000000001	000000000000001000000000010000
0000000000000000	0000000001001	00000000	000000000000010000000000	00001000000000	000000000000000000010000000000
0000100010010000	1000000000010	00000000	000000000000000000001000	00000000000100	000100000000000000001000100001
0000000000000000	0000000000000	00001000	000000000000000100000000	00000000000000	000000000000011000000000010000
0000000010010000	0010000000010	00000000	000000000000000000001000	00000100000100	000100000000000000001000100000
0000000000000000	0000000000000	00001000	000000000000000100000000	00000000000000	000000000000001000000000010000
0000000000000000	0000000000000	00001000	000000000000000100000000	00000000000000	000000000000001000000000010000
0000000010010000	0010000000010	00000000	000000000000000000001000	00000100000100	000100000000000000001000100000
0000000000000000	0100000010000	00000010	000000000100000000000000	00000000000000	000001010000000000000000000000
0000000010010000	0000010000010	00000100	000000000000000000001000	00000000000100	001100000000000100001000100000
0000000011010000	0010000000010	00000000	000000000000000000001000	00000100000100	000100000000000000001000100000
0000000000000000	0000000000000	00001000	000000000000000100000000	00000000000000	000000000000001000000000010000
0000000000000000	0100000010000	00000010	000000000100000000000010	00000000000000	000001000000000000000000000000
0000000000000000	0000000000000	10000000	010000001001000000000000	00010000000000	000000000000000000000000000000
0000000010010000	0000000000010	00000100	000000000000000000001000	00000000000100	000100000000000000001000100000
0000000000000000	0000000001001	00000000	000000000000010000000000	00001000000000	000000000000000000010000000000
0000000011010000	0010000000010	00000000	000000000000000000001000	00000100000100	000100000000000000001000100000
0000000000000000	0000000001001	00000000	000000000000010000000000	00001000000000	000000000000000000010000000000
0000000010010000	0000000000010	00100100	000000000000100000001000	00000000000100	000100000000000000001010100000
0000000000000000	0000000000000	00001000	000000000000000100000000	00000000000010	000000000000001000000000010000
0000000000000010	0000000000000	01001000	000000000000000100000000	00000000000000	000000000000001000000000000000
0000000000000100	0000001100000	00000000	000000000000000000000000	00000001000000	000000100000000000100000000010
0000000010010000	0010000000010	00000000	000000000000000000001000	00000100000100	000100000000000000001000100000
0000000000000000	0000000000000	00000000	000000010000000000000000	00000000000000	000000000001000000000000000000
0000000010010000	0010000000010	00000000	000000000000000000001000	00000100000100	000100000000000000001000100000
0000000000000000	0100000010000	00000010	000000000100000000000000	00000000000000	000001010000000000000000000000
0000001011010000	0010000000010	00000000	000000000000000000001000	00000100000100	000100000000000000001000100000
0000000000000000	0000000000000	00001000	000000000000000100000100	10000000000000	000010000000001000000000000000
0000000000000000	0000000001001	00000000	000000000000010000000000	00001000000000	000000000000000000010000000000
0000000000000100	0000001100000	00000000	000000000000000000000000	00000001000000	000000100000000000100000000010
0000000000000000	0000000000000	00001000	000000000000000100000000	00000000000000	000000000000001000000000010000
0000000000000000	0000000000000	00001000	000000000000000100000000	00000000000000	000000000000001000000000010000
0000000000001000	0000100000000	00000000	000000100000001000010000	00000000000000	010000001000000001000000001000
0000100010010000	1000000000010	00000000	000000000000000000001000	00000000000100	000100000000000000001000100001
0000000010010000	0000010000010	00000100	000000000000000000001000	00000000000100	000100000000000000001000100000
0000000000000100	0000001100000	00000000	000000000000000000000000	00000001000000	000000100000000000100000000010
0000000010010000	0010000000010	00000000	000001000000000000001000	00000100000100	000100000010000000001000100000
