0000000000000000000	00000001000000000001000	010010101000001000000	000000000000000000	00100001100000100	00000000000000000
0000000000000000000	00000001000000000100000	000010000000001000000	000000000000000000	00100001000000000	00000000100000000
0000000000000000000	10001000000010000000000	000000000000000000000	000000000000000000	00000000000000010	01000000000010000
0001000000000000000	00000001000000000001000	010010000000001000000	100000000000000000	00100001000000000	00000000000000000
0000000000000000000	00000001000100000000000	000110000000001000001	000000000000000000	00100001000000000	00000000000000000
0000000000000000000	00000001000000000001010	010010000000001000000	000000000001000000	00100001100000100	00000000000000000
0000000000100000000	00000000000000000000000	000000000100010000000	000000000000000000	00000000000000000	00010000000000000
0000000000000000000	00000001000000000001000	010010000000001000000	000000001000000000	00100001100000100	00000000000000000
0000000000000000000	00000000100000000000000	000001000010000000000	000000000000000000	00000000000000000	00000000000000001
0000001100000000000	00000100000000000000000	000000000000000000000	000000000000000000	00000000000000000	00100000000000000
0000000000000000000	00000000100000000000000	000001000000000000000	000000000000000000	00000000000000000	00000000000000001
0000000000000000000	00000001000000000001000	010010000000001000000	000000000000000000	00100001000000000	00000000000000000
0000000000000000000	00000000000000000000000	000000000000100000010	000000010000000100	00000000000000000	00000000000000000
0000000000000000000	00000001010000000001000	010010000000001000000	000000000000000000	00100001000000000	00000000000000000
0000000000000000000	00000000000000000000000	000000000000100000010	000000010000000000	00000000000000000	00000000000000000
0000000010110000000	00000000000000000000000	000000010100000110100	000000000000000000	00001000000100000	10010000000000000
0000000000000000000	00000001000000000001000	010010000000001000000	000000000000000000	01100001000000000	00000000000000000
0000000000100000000	00000000000001000000000	000000000100000000000	000000000000000000	00000000000000000	00010000000000000
0000000000000000000	00000000100000000000000	000001000000000000000	000000000000000000	00000000000000001	00000000000000011
0000000000100000000	00000000000001000000000	000000000100000000000	000000000000000000	00000000000000000	00010000000000000
0000000000000000000	10101000000010000000000	000000000000000000000	000000000000000000	00010000000000000	01000000000010000
0000000000000000000	11001000000010000000000	000000000000000000000	000000000000000000	00000000000000000	01000000000010000
1000000000000100000	00000000000000000000001	000000000000100000000	000000000010000000	00000000000000000	00000000000001000
0001000000000000100	00000001000000000001000	010010000000001000000	100000000000000000	00100001000000000	00000000000000000
0000000000000000000	00000000001000000000000	000000000000000000000	000000000000010000	00000000000001000	00000000000000000
0000000001000000000	00000001000000000001000	010010000000001000000	000000000000000000	00100001000000000	00000000000000000
0000000000000000000	00000000000000000000000	000000000000000000000	000000000100000000	00000000000000000	00000000000000000
0000000000100000000	00000000000001000000000	000000000100000000000	000000000000000000	00000000000000000	00010000000000000
0000000000000000000	00000000000000000000000	000000000000100000010	000000010000000110	00000000000000000	00000000000000000
0000000000000000000	00000001000000000001000	010010000000001000000	000000000000000000	01100001000000000	00001000000000000
0010000000000000000	00000001000000000001000	010010000000001000000	000000001000000000	00100001100000100	00000000000000000
0000000000000000000	00000001000000000001010	010010000000001000000	000000000001000000	00100001100000100	00000000000000000
0000000000000000000	00000001000000000001000	010010000000001000000	000000000000000000	00100001100000100	00000000000000000
0000000000000000000	10101000000010000000000	001000000000000000000	000000000000000000	00010000000000000	01000100000010000
1000000000000100000	00000000000000000000001	000000000000100000000	000000000010000000	00000000000000000	00000000000001000
0000000000000000000	10001000000010000000000	000000000000000000000	000000000000000000	00000000000000000	01000000010010000
0000000000100000000	00000000000000000000000	000000000100000000000	010000000000000000	00000000000010000	00010000000000100
0000000000000000000	10001000000010000000000	000000000000000000000	000000000000000000	00000000000000000	01000000000010000
1000000000000100000	00000000000000000000001	000000000000100000000	000000000010000000	00000000000000000	00000000000001000
0000000000000000000	10001000000010000000000	000000000000000000000	000000000000000000	00000000000000000	01000000000010000
0100010000000000000	00000000000000100000100	000000000000000000000	000001000000100000	00000100000000000	00000000000000000
0000000000000000000	10101000000010000000000	001000000000000000000	000000000000000000	00010000000000000	01000100000010000
0000000000000000000	00000000100000000000000	000001000000000000000	000000000000000000	00000000000000000	00000000000000001
0000000000000000000	10001000000010000000000	000000000000000000000	000000000000000000	00000000000000000	01000000000010000
0000000000000000000	00000000100000000000000	000001000000000000000	000000000000000000	00000000000000001	00000000000000001
0001000000000000000	00000001000000000001000	010010000000001000000	100000000000000000	00100001000000000	00000000000000000
0000000000000000000	00000000100000000000000	000001000000000000000	000000000000000000	00000000000000001	00000000000000001
0000000000000000000	00000001000000000011000	010010000000001000000	000000000000000000	00100001110000100	00000000000000000
0000000000000000000	00000001000000000000000	000010000000001000000	000000000000000000	00100001000000000	00000000000000000
0000000000000000000	00000001000000000001000	110010000000001000000	000000000000001000	00100001100000100	00000000000000000
0000000000100000000	00000010000000000000000	000000000100000000000	000000000000000000	00000000000000000	00010000000000000
0000000000100000000	00000000000000000000000	000000000100010000000	000000000000000000	00000000000000000	00010000000000000
0000000000100000000	00000000000001000000000	000000000100000000000	000000000000000000	00000000000000000	00010000000000000
1000000000000100000	00000000000000000000001	000000000000100000000	000000000010000000	00000000000000000	00000000000001000
0000000000000000000	00000001000000000001000	110010000000001000000	000000000000001000	00100001100000100	00000000000000000
1000000000000100000	00000000000000000000001	000000000000100000000	000000000010000000	00000000000000000	00000000000001000
0000000000100000000	00000000000001000000000	000000000100000000000	000000000000000000	00000000000000000	00010000000000000
1000000000000100000	00000000000000000000001	000000000000100000000	000000100010000000	00000000000000000	00000000000001000
0000000000000000000	10001000000010000000000	000000000000000000000	000000000000000000	00000000000000000	01000000000010000
0000000000101000000	00000000000000000000000	000000000100000000000	000000000000000000	00000000001000000	00010000000000000
0000000000000000000	00000001000000000011000	010010000000001000000	000010000000000000	00100001110000100	00000000000000000
0000000000000000000	00000000100000000000000	000001000010000000000	000000000000000000	00000000000000000	00000000000000001
0000001000000000000	00000100000000000000000	000000000000000000000	000000000000000000	00000000000000000	00100000000000000
0000100000000000000	00000001000000000001000	010010101000001000000	000000000000000000	00100001100000100	00000000000000000
0100010000000000000	00000000000000100000100	000000000000000000000	000001000000100000	00000100000000000	00000000000000000
0000000000000000000	00010000100000000000000	000001000001000000000	000000000000000000	00000000000000000	00000001000000001
0100010000000000000	00000000000000100000000	000000000000000000000	000100000000000000	00000000000000000	00000000000000000
0000000000000000000	00000001000000000001000	010010000000001000000	000000001000000000	00100001100000100	00000000000000000
0001000000000000000	00000001000000000001000	010010000000001000000	100000000000000000	00100001000000000	00000000000000000
0001000000000000100	00000001000000000001000	010010000000001000000	100000000000000000	00100001000000000	00000000000000000
0000000000000000000	00000001000000000011000	010010000000001000000	000010000000000000	00100001110000100	00000000000000000
0000000000000000000	10001000000010000000000	000000000000000000000	000000000000000000	00000000000000000	01000000000010000
0100010000000000000	00000000000000100000000	000000000000000000000	000100000000000000	00000000000000000	00000000000000000
0000000000000000000	00000000000000000000000	000000000000000000000	000000000100000000	00000000000000000	00000000000000000
0000001000000000000	00000100000000000000000	000000000000000000000	000000000000000000	00000000000000000	00100000000000000
0000000000000000001	00000001000000000001000	010010000000001000000	000000000000000000	00100011100000100	00000000001000000
1000000000000100000	00000000000000000000001	000000000000100000000	000000000010000000	00000000000000000	00000000000001000
0000000000000000000	10001000000010001000000	000000000000000000000	000000000000000000	00000000000000000	01000000000010000
0000000000000000000	00000001000100000000000	000110000000001000001	000000000000000000	00100001000000000	00000000000000000
0000000000000000000	00000001000000000000000	000010000000001000000	000000000000000000	00100001000000000	00000000000000000
0000000000000000000	00000001000000000001000	010010000000001000000	000000000000000000	00100001100000100	00000000001000000
0000001000000000000	00000000000000000000000	000000000000000000000	000000000000000000	00000000000000000	00100000000100000
0000000000000010000	00000000000000000000000	000000000000100000010	000000010000000100	00000000000000000	00000000000000000
0000001000000000000	00000100000000000000000	000000000000000000000	000000000000000000	00000000000000000	00100000000000000
0000000000000000000	10101000000010000000000	000000000000000000000	000000000000000000	00010000000000000	01000000000010000
0001000000000000000	00000001000000000001000	010010000000001000000	100000000000000000	00100001000000000	00000000000000000
0000000000000000000	00000001000000000011000	010010000000001000000	000010000000000000	00100001110000100	00000000000000000
0100010000000000000	00000000000000100000000	000000000000000000000	000100000000000000	00000000000000000	00000000000000000
0100010000000000000	00000000000000100000000	000000000000000000000	000100000000000000	00000000000000000	00000000000000000
1000000000000100000	00000000000000000000001	000000000000100000000	000000000010000000	00000000000000000	00000000000001000
0000000000000000000	00000000100000000000000	000001000000000000000	000000000000000000	00000000000000000	00000000000000001
0000000000000000000	00000000000000000000000	000000000000100000010	000000010000000100	00000000000000000	00000000000000000
0000000000000001000	10001000000010000000000	000000000000000000000	000000000000000000	00000000000000000	01000000000010000
0000000000000000000	00000001000000000001000	010010101000001000000	000000000000000000	00100001100000100	00000000000000000
0000000000000000000	00000000000000000000000	000000000000000000000	000000000000010000	00000000000001000	00000000000000000
1000000000000100000	00000000000000010000001	000000000000100000000	000000000010000000	00000000000000000	00000000000001000
0000000000000000000	00000001000000000001010	010010000000001000000	000000000001000000	00100001100000100	00000000000000000
0000000000000000000	00000000100000000000000	000001000000000000000	000000000000000000	00000000000000001	00000000000000011
0000000000000000000	00000000100000000000000	000001000000000000000	000000000000000000	00000000000000000	00000000000000001
0000000000000000000	10001000000010000000000	000000000000000000000	000000000000000000	00000000000000000	01000000000010000
0000000000000000000	00000000100000000000000	000001000000000000000	000000000000000000	00000000000000000	00000000000000001
0000000000000000000	00000000100000000000000	000001000000000000000	000000000000000000	00000000000000001	00000000000000011
0000000000000000000	00000001000000000001000	010010000000001000000	000000000000000000	00100001000000000	00000000000000000
0000000000000000000	00000000100000000000000	000001000000000000000	000000000000000000	00000000000000000	00000000000000001
0000000000000000000	00000001000000000001000	010010000000001000000	000000000000000000	00100001000000000	00000000000000000
0000000000000000000	00000001000000000001000	010010000000001000000	000000001000000000	00100001100000100	00000000000000000
0000001000000000000	00000100000000000000000	000000000000000000000	000000000000000000	00000000000000000	00100000000000000
0000000000000000000	00000000100000000000000	000001000000000000000	000000000000000000	00000000000000001	00000000000000011
0000000000100000000	00000000000000000000000	000000000100010000000	000000000000000000	00000000000000000	00010000000000000
0001000000000000000	00000001000000000001000	010010000000001000000	100000000000000000	00100001000000000	00000000000000000
0000000000000000000	10001000000010000000000	000000000000000000000	000000000000000000	00000000000000000	01000000000010000
0000000000000000000	10101000000010000000000	001000000000000000000	000000000000000000	00010000000000000	01000100000010000
0000000000000000000	00000001000000000001000	010010000000001000000	000000000000000000	00100001000000000	00000000000000000
0000000000000000000	10001000000010000000000	000000000000000000000	000000000000000000	00000000000000000	01000000000010000
0000000000000000000	00000000000000000000000	000000000000000000000	000000000000010000	00000000000001000	00000000000000000
0000000000000000000	10101000000010000000000	000000000000000000000	000000000000000000	00010000000000000	01000000000010000
0000000000000000000	00000001000000000011000	010010000000001000000	000010000000000000	00100001110000100	00000000000000000
0000000000000000000	00000001000000000001010	010010000000001000000	000000000001000000	00100001100000100	00000000000000000
0000000000000000010	00000001000000000001000	010010000000001000000	000000000000000000	00100001000000000	00000000000000000
0000001000000000000	00000100000000000000000	000000000000000000000	000000000000000000	00000000000000000	00100000000000000
0000000000000000000	00000001000000000001000	010010101000001000000	000000000000000000	00100001100000100	00000000000000000
0000000010110000000	00000000000000000000000	000000010100000110100	000000000000000000	00001000000100000	10010000000000000
0000000000000000000	00000000100000000000000	000001000000000000000	000000000000000000	00000000000000001	00000000000000001
0000000000000000000	10001000000010000000000	000000000000000000000	000000000000000000	00000000000000000	01000000000010000
0000000000000000000	00000000100000000000000	000001000000000000000	000000000000000001	00000000000000001	00000000000000001
0000000000101000000	00000000000000000000000	000000000100000000000	000000000000000000	00000000001000000	00010000000000000
0000000000000000000	00000000100000000000000	000001000000000000000	000000000000000001	00000000000000001	00000000000000001
0000000000000000000	00000001000000000001000	010010101000001000000	000000000000000000	00100001100000100	00000000000000000
0000000000000000000	00000000100000000000000	000001000000000000000	000000000000000000	00000000000000000	00000010000000001
0000000000000000000	00000001000000000011000	010010000000001000000	000000000000000000	00100001110000100	00000000000000000
0000000000000000000	00000001000000000001000	110010000000001000000	000000000000001000	00100001100000100	00000000000000000
0000000000000000000	00000001000000000001000	010010000000001000000	000000000000000000	00100001000000000	00000000000000000
0000000000000000000	00000001000000000001000	010010101000001000000	000000000000000000	00100001100000100	00000000000000000
0000000000000000000	00000001000000000001000	010010101000001000000	000000000000000000	10100001100000100	00000000000000000
0000000000000000000	00000001000000000001000	010010101000001000000	000000000000000000	10100001100000100	00000000000000000
0000000000000000000	10101000000010000000000	001000000000000000000	000000000000000000	00010000000000000	01000100000010000
0000000000000000000	00000000100000000000000	000001000000000000000	000000000000000000	00000000000000000	00000000000000001
0000000000000000000	10101000000010000000000	001000000000000000000	000000000000000000	00010000000000000	01000100000010000
0000000000000000000	00000001000000000001000	110010000000001000000	000000000000001000	00100001100000100	00000000000000000
0000000000000000000	10101000000010000000000	001000000000000000000	000000000000000000	00010000000000000	01000100000010000
0000000000000000000	10001000000010000000000	000000000000000001000	000000000000000000	00000000000000000	01000000000010000
0000000000000000000	00000000100000000000000	000001000000000000000	000000000000000000	00000000000000000	00000000000000001
0000000000000000000	00000000100000000000000	000001000000000000000	000000000000000000	00000000000000000	00000000000000001
0000000000000000000	00000001000000000001000	010010000000001000000	000000000000000000	01100001000000000	00000000000000000
0000000000100000000	00000000000000000000000	000000000100010000000	000000000000000000	00000000000000000	00010000000000000
0000000000000000000	00000001000100000000000	000110000000001000001	000000000000000000	00100001000000000	00000000000000000
0000000000000000000	10001000000010000000000	000000000000000000000	000000000000000000	00000000000000000	01000000000010000
0000000000000000000	00000001000000000001000	010010000000001000000	000000001000000000	00100001100000100	00000000000000000
0000000000000000000	00000001000000000001000	010010000000001000000	001000000000000000	01100001000000000	00000000000000000
0000000000000000000	00000001000000000001010	010010000000001000000	000000000001000000	00100001100000100	00000000000000000
