100000001000000000	00000000000000000000000	0000000000000100	0000000000000000	000000000010000000	00000010001000000000
000000000000000000	10000000000000000100100	0010001010000000	0000010000100000	000000000000000100	00001000000000000010
100000001000001000	00000000000000000000000	0000000000000100	0000000000001000	000100000010000000	00000010000000000000
001000000000000000	10000000000000000100000	0010001010000000	0000010010000000	000000000001000100	00010000000000000010
100000001000001000	00000000000000000000000	0000010000010100	0000000000000000	000000000010000001	01000010000000000000
000000000000000000	00010000000100000000000	0000000000000010	0000000000010000	000000001000100000	00000000100100001000
010000000000000000	00010000000001000000000	0000000000000010	0000000000000000	000000000000000000	00000000000100000001
000000000000000000	00010000000100000000000	0000000000000010	0000000000010000	000000001000100000	00000000100100001000
000000000000000000	00000000000000010010000	0100000000000000	0000001100000000	000000000000000000	00000000000000000000
000000000000000000	00000000000000000000010	0100000000000000	1100100000000001	000000000000000000	00000000000000100000
000000000000000000	00010000000100000000000	0000000000000010	0000000000010000	000000001000100000	00000000100100001000
100000001000001000	00000000000000000000000	0000000000000100	0000000000001000	000100000010000000	00000010000000000000
000000000000000000	10000101000000000100000	0010001010000000	0000010000000000	000000000000000100	00010000000000000010
100000001000001000	00000000000000000000000	0000000000000100	0000000000000000	000000000010000000	00000010000010000000
000000000000000000	00000000100000010010000	0100000000000000	0000001100000000	000000000000000000	00000000000000000000
100000001000000000	00000000000000000000000	0000000000000100	0000000000000000	000000010010000000	00000010001000000000
000000000000000000	00000000000000000001001	0101000000000000	0000001100000000	000000000000000000	00000000000000000000
000000000000000000	00010000000000000000000	0000100000000010	0000000000000000	000000000000000000	00000000000100000000
000000000000000000	10000000000000000100100	0010001010101000	0000010000100100	000000000000000100	00000000000000000010
000000100000010000	00000000000000000000000	0100000000000000	0000000000000000	000000000000000000	10000000000000000000
000000000100000000	10000000000000000100100	0010001010000000	0000010000100000	000000000000000100	00000000000000000010
000000000000000000	00000000000000000000001	0101000000000000	0000001100000000	000000000000000000	00000000000000000000
000000000000000000	00000000000000000000010	0100000000000000	1110100000000001	000000000000000000	00000000000000100000
000000000000000000	10000000000000000100100	0010001010000000	0000010000100000	000000000000000100	00001000000000000010
000000000000000000	00010000000100000000000	0000000000000010	0000000000010000	000000001000100000	00000000000100001000
000000000000000000	00000000000000000000010	0100000000000000	1100100000000001	000000000000000000	00000000000000100000
000000000000000000	10000101000000000100000	0010001010000000	0000010000000000	000000000000000100	00010000000000000010
000000000000000000	00000000000000000000000	0100000001000000	1100100000000001	000000000000000000	00000000000000000000
100000001000001000	00000000000000000000000	0000000000010101	0000000000000000	000000000010000001	00000010000001000000
000001000000000000	00010000000100000000000	0000000000000010	0000000000010000	000000001000100000	00000000000100001000
000000000000000000	10000000000000000100100	0010001110001000	0000010000100100	000000000000000100	00000000000000000010
100000001000001000	00000000000000100000000	0000000000000100	0000000000000010	000000000010000000	00000010000010000000
000001000000000000	00010000000100000000000	0000000000000010	0000000000010000	000000001000100000	00000100000100001000
000000000000000000	00010000000000001000000	0000000000000010	0000000000000000	000000000000000000	00000000000100000000
100000001000000000	00000000000000000000000	0000000000000100	0000000000000000	000000000010000000	00000010001000000000
100000001000001000	00000000000000000000000	0000000000010100	0000000000000000	000000000010001001	00000010000000000000
000000000100000000	10000000000000000100100	0010001010000000	0000010000100000	000000000000000100	00000000000000000010
000000000000000000	00000000000000000000000	1100000000000000	0000000001000000	000001000000000000	00000000000000000000
000000000000000010	01000010000000000000000	0100000000000000	0000000000000000	000000000000000000	00100000000000000000
000000000000000000	00000000001000000000000	0100000000000000	1000000000000000	000000000000000000	00000000000000000000
000000000000000000	10000000010000000100100	0010001010000000	0000010000100000	000000000000000100	00000000000000010010
100000001000001000	00000000000000000000000	0000000000000100	0000000000000000	000000000010000000	00000010000010000000
000000000000100000	10000000000000000100100	0010001010001000	0000010000100100	000000000000000100	00000000000000000010
100000001000001000	00000000000000000000000	0000000000010101	0000000000000000	000000000010000001	00000010000000000000
000000000001000000	10000000000000000100100	0010001010001000	0000010000100000	000000000000000100	00000000000000000010
000000000000000000	00010000000100000000000	0000000000000010	0000000000010000	000000001000100000	00000000000100001000
000000000000000000	00010000000000001000000	0000000000000010	0000000000000000	000000000000000000	00000000000100000000
000000000100000000	10000000000000000100100	0010001010000000	0000010000100000	000000000000000100	00000000000000000010
100000001000001000	00000000000000000000000	0000000000000100	0000000000000000	001000000010000000	00000010000000000000
000000000000000000	00000000000000000000000	1100000000000000	0001000001000000	000001000000000000	00000000000000000000
000000000010000000	00000000000000000000000	0100000000000000	1100100000000001	000000000000000000	00000000000000000000
000000000000000000	10000000000000000100100	0010001010000000	0000010000100000	000000000000000100	00001000000000000010
000000000000000000	10000000000000000100100	0010001010000000	0000010000100000	000000000000000100	00001000000000000010
000100000000000000	00000000000010000000000	0100000000000000	1000000000000000	000000000000000000	00000000000000000000
100000001000001000	00000000000000100000000	0000000000000100	0000000000000010	000000000010000000	00000010000010000000
000000000000000000	00010000000000000000000	0000100000000010	0000000000000000	000000000000000000	00000000000100000000
100000001000000000	00000000000000000000000	0000000000000100	0000000000000000	000000000010000000	00000010001000000000
000000100000010000	00000000000000000000000	0100000000000000	0000000000000000	000000000000000000	10000000000000000000
000000000000000000	00000000000000000000000	1100000000000000	0000000001000000	000001000000000000	00000000000000000000
000001000000000000	00010000000100000000000	0000000000000010	0000000000010000	000000001000100000	00000000000100001000
000010000000000000	00000000000000000000001	0100000000000000	0000001100000000	000000000000000000	00000000000000000000
000000000000000000	10000000000000000100100	0010001010000000	0000010000100000	000000000000000100	00001000000000000010
000000000000000000	00000000000000000000000	1100000000000000	0000000001000000	000001000000000000	00000000000000000000
000000100000010000	00000000000000000000000	0100000000000000	0000000000000000	000000000000000000	10000000000000000000
000000000100000000	10000000000000000100100	0010001010000000	0000010000100000	000000000000000100	00000000000000000010
000000000010000000	00000000000000000000000	0100000000000000	1100100000000001	000000000000000000	00000000000000000000
000000000100000000	10000000000000000100100	0010001010000000	0000010000100000	000000000000000100	00000000000000000010
000000000000000000	00000000000000000000001	0100000000000000	0000001100000000	000000000000000000	00000000000000000000
000000000001000000	10000000000000000100100	0010001010001000	0000010000100000	000000000000000100	00000000000000000010
000000000000000000	00010000000000001000000	0000000000000010	0000000000000000	000000000000000010	00000000000100000000
000000000100000000	10000000000000000100100	0010001010000000	0000010000100000	000000000000000100	00000000000000000010
000000000000000000	00000000000000000000000	1100000000000000	0000000001000000	000001000000000000	00000000000000000000
000000000000000000	00000000000000000000010	0100000000000000	1100100000000001	000000000000000000	00000000000000100000
000000000010000000	00000000000000000000000	0100000000000000	1100100000000001	000000000000000000	00000000000000000000
000000000000000000	00000000000000000000000	1100000000000000	0000000001000000	000001000000000000	00000000000000000000
000000000000000000	00000000001000000000000	0100000000000000	1000000000000000	010000000000000000	00000000000000000000
000000000000000000	10000000000000000100100	0010001010000000	0000010000100000	000000000000000100	00001000000000000010
100000001000001000	00000000000000000000000	0000000000010100	0000000000000000	000000000010010001	00000010000000000000
000000000000100000	10000000000000000100100	0010001010001000	0000010000100100	000000000000000100	00000000000000000010
000000000010000000	00000000000000000000000	0100000000000000	1100100000000001	000000000000000000	00000000000000000000
000000000000000000	00000000000000000000000	0100000000000000	1000000000000000	000000000000000000	00000000000000000000
100000001000000000	00100000000000000000000	0000000000000100	0000000000000000	000000000010000000	00000011001000000000
000000010010000000	00000000000000000000000	0100000000000000	1100100000000001	000000000000000000	00000000000000000000
100000001000000000	00000000000000000000000	0000000000000100	0000000000000000	000000000010000000	00000010001000000000
100000001000000000	00100000000000000000000	0000000000000100	0000000000000000	000000000010000000	00000011001000000000
000000000000000000	00000000000000000000010	0100000000000000	1100100000000001	000000000000000000	00000000000000100000
000000100000010000	00000000000000000000000	0100000000000000	0000000000000000	000000000100000000	10000000000000000000
000000000010000000	00000000000000000000000	0100000000000000	1100100000000001	000000000000000000	00000000000000000000
010000000000000000	00010000000001000000000	0000000000000010	0000000000000000	000000000000000000	00000000000100000101
100000001000000000	00000000000000000000000	0000000000000100	0000000000000000	000000000010000000	00000010001000000000
100000001000000000	00000000000000000000000	0000000000000100	0000000000000000	000000000010000000	00000010001000000000
100000001000001000	00000000000000000000000	0000000000010100	0000000000000000	000000000010000001	00000010000000000000
000000000000000000	10000000010000000100100	0010001010000000	0000010000100000	000000000000000100	00000000000000010010
100000001000001000	00000000000000000000000	0000000000000100	0000000000000000	001000000010000000	00000010000000000000
100000001000000000	00000000000000000000000	0000000000000100	0000000000000000	000000000010000000	00000010001000000000
000000000100000000	10000000000000000100100	0010001010000000	0000010000100000	000000000000000100	00000000000000000010
000000000000000000	00010000000100000000000	0000000000000010	0000000000010000	000000001000100000	00000000000100001000
010000000000000000	00010000000000000000000	0000000000000010	0000000000000000	000010000000000000	00000000000100000001
100000001000001001	00000000000000000000000	0000000000010100	0000000000000000	000000100010010001	00000010000000000000
000000000000000000	00000000000000000000000	1100000000000000	0000000001000000	000001000000000000	00000000010000000000
000000000000000000	10000101000000000100000	0010001010000000	0000010000000000	000000000000000100	00010000000000000010
000000000000000000	00000000000000000000001	0100000000000000	0000001100000000	000000000000000000	00000000000000000000
100000001000001000	00000000000000000000000	0000000000010101	0000000000000000	000000000010000001	00000010000000000000
100000001000000000	00000000000000000000000	0000000000000100	0000000000000000	000000000010000000	00000010001000000000
000000000001000000	10000000000000000100100	0010001010001000	0000010000100000	000000000000000100	00000000000000000010
000000000000000010	01000010000000000000000	0100000000000000	0000000000000000	000000000000000000	00100000000000000000
000000000000000000	00000000000000000001001	0101000000000000	0000001100000000	000000000000000000	00000000000000000000
000000000000000000	10000101000000000100000	0010001010000000	0000010000000000	000000000000000100	00010000000000000010
000100000000000000	00000000000010000000000	0100000000000000	1000000000000000	000000000000000000	00000000000000000000
000000000000000000	00000000001000000000000	0100000000000000	1000000000000000	010000000000000000	00000000000000000000
000000000000000000	00010000000000000000000	0000100000000010	0000000000000000	000000000000000000	00000000000100000000
010000000000000000	00010000000000000000000	0000000000000010	0000000000000000	000010000000000000	00000000000100000001
000000000000000000	00000000000000000000000	1100000000000000	0000000001000000	000001000000000000	00000000000000000000
000000000000000010	01000010000000000000000	0100000000000000	0000000000000000	000000000000000000	00100000000000000000
100000001000001000	00000000000000000000000	0000000000000100	0000000000000000	001000000010000000	00000010000000000000
100000001000001000	00000000000000000000000	0000000000010100	0000000000000000	000000000010000001	00000010000000000000
100000001000000000	00000000000000000000000	0000000000000100	0000000000000000	000000000010000000	00000010001000000000
000000000000000000	10000000000000000100100	0010001010001000	0000010000100100	000000000000000100	00000000000000000010
100000001000001000	00000000000000000000000	0000000000000100	0000000000000000	001000000010000000	00000010000000000000
000000000000000010	01000010000000000000000	0100000000000000	0000000000000000	000000000000000000	00100000000000000000
100000001000000000	00000000000000000000000	0000000000000100	0000000000000000	000000000010000000	00000010001000000000
000000000000000000	10000101000000000100000	0010001010000000	0000010000000000	000000000000000100	00010000000000000010
000000000100000000	10000000000000000100100	0010001010000000	0000010000100000	000000000000000100	00000000000000000010
000000000000000000	00000000000000000000000	1100000000000000	0000000001000000	000001000000000000	00000000000000000000
100000001000001000	00000000000000000000000	0000000000000100	0000000000001000	000100000010000000	00000010000000000000
100000001000001000	00000000000000000000000	0000000000010100	0000000000000000	000000000010001001	00000010000000000000
000000000000000000	10000000000000000100100	0010001010001000	0000010000100100	000000000000000100	00000000000000000010
000000000000000110	01000010000000000000000	0100000000000000	0000000000000000	000000000000000000	00100000000000000000
100000001000001000	00000000000000100000000	0000000000000100	0000000000000010	000000000010000000	00000010000010000000
100000001000000000	00000000000000000000000	0000000000000100	0000000000000000	000000000010000000	00000010001000000000
000000000000000000	00000000000000000000001	0100000000000000	0000001100000000	000000000000000000	00000000000000000000
000000000000000010	01000010000000000000000	0100000000000000	0000000000000000	000000000000000000	00100000000000000000
000000000000000000	10001000000000000100100	0010001010000000	0000010000100000	100000000000000100	00001000000000000010
100000001000000000	00000000000000000000000	0000000000000100	0000000000000000	000000000010000000	00000010001000000000
000000000000000000	10000101000000000100000	0010001010000000	0000010000000000	000000000000000100	00010000000000000010
000000000000000000	00000000000000000000000	0100000000000000	1000000000000000	000000000000000000	00000000000000000000
000000000000000010	01000010000000000000000	0100000000000000	0000000000000000	000000000000000000	00100000000000000000
000000000001000000	10000000000000000100100	0010001010001000	0000010000100000	000000000000000100	00000000000000000010
000000000000000000	00000000000000000000000	0100000000000000	1000000000000000	000000000000000000	00000000000000000000
000000000000000000	00000000000000000001001	0101000000000000	0000001100000000	000000000000000000	00000000000000000000
100000001000001000	00000000000000000000000	0000000000010100	0000000000000000	000000000010000001	00000010000000000000
000000100000010000	00000000000000000000000	0100000000000000	0000000000000000	000000000000000000	10000000000000000000
001000000000000000	10000000000000000100000	0010001010000000	0000010010000000	000000000001000100	00010000000000000010
000000000100000000	10000000000000000100100	0010001010000000	0000010000100000	000000000000000100	00000000000000000010
000000000000000000	00000000000000010010000	0100000000000000	0000001100000000	000000000000000000	00000000000000000000
000000000000000000	00010000000000000000000	0000100000000010	0000000000000000	000000000000000000	00000000000100000000
000000000100000000	10000000000000000100100	0010001010000000	0000010000100000	000000000000000100	00000000000000000010
100000001000001000	00000000000000000000000	0000000000010100	0000000000000000	000000000010000001	00000010000000000000
100000001000001000	00000000000000000000000	0000000000010100	0000000000000000	000000000010000001	00000010000000000000
100000001000000000	00000000000000000000000	0000000000000100	0000000000000000	000000000010000000	00000010001000000000
