0010000000000100000	0001000010000100	00000001	0010100000000000000001	001000000000000	00000000000000000000
0000010000000000000	0000000000000000	00000000	0000001001000000000000	000000000000010	00100000000000000000
0000010000000000100	0000000000000000	00000000	0000000001100000000000	000000100000000	00000000000000000000
0000000010000000000	0000000000000000	00100000	0000000000000000000000	100000000000000	00001000000000000000
0000010000000000100	0100000000000000	00000000	0000000001100000000000	000000000000000	00000000010000000000
0000100000100000010	0000001000000000	11000000	0100000000000000100000	000000000010000	00000000000000010100
0000100000100000010	0000001000000000	11000000	0100000000000000100000	000000000010000	00000000000000010100
0000010000000000000	1000000000100000	00000000	0000000001000000000000	000001000000000	11000000100000000000
0000000000000000000	0000000000010000	00000000	0000000010000000000000	000000000000000	00000000000000000000
0000000000000000000	0000000000000000	00000000	0000000100000000000000	000000000000000	00001100000010000001
0000100000100000011	0000001000000000	11000000	0100000000000000100000	000000000010000	00000000000000010100
0000010000000000100	0000000000000000	00000010	0000000001100000000000	000000000000000	00000000000000000000
0000100000100000010	0000001000000000	11000000	0100000000000000100000	000000000010000	00000000000000010100
0000010000000000100	0000000000000000	00000000	0000000001100000000000	000000100000000	00000000000000000000
0001000000000000000	0000000000000000	00001100	0000000000000000000000	000000000000000	00001000000000000000
0000010000000000100	0000000000000000	00000010	0000000001100000000000	000000000000000	00000000000000000000
0000000000000000000	0000000000000000	00000000	0000000000000000000000	000000000000000	00001000000010000001
0000000000000000000	0000000000000000	00000000	0000000100000000000000	000000000000000	00001100000010000001
0000100000100000010	0000001000000000	11000000	0100000000000000100000	000000010010000	00000001000000010100
0100100000100000010	0000001000000000	11000000	0100000000000000000000	000000000000000	00000000000000011100
0010000000000100000	0001000010000100	00000001	0010100000000000000001	001000000000000	00000000000000000000
0000010000000000100	0000000000000000	00000000	0000000001100000000000	000000100000000	00000000000000000000
0000010000000000000	0000000000000000	00000000	0000001001001001000000	000000000000010	00100000000000000000
0000010000000000100	0000000000000000	00000010	0000000001100000000000	000000000000000	00000000000000000000
0000010000000000000	0000000000000010	00000000	0000001001001000000000	000000000000010	00100000001000000000
0000100000100000011	0000001000000000	11000000	0100000000000000100000	000000000010000	00000000000000010100
0000010100000000100	0100000000000000	00000000	0000000001100000000000	000000000000000	00000000010000000000
0000010000000000100	0000000000000000	00000010	0000000001100000000000	000010000000000	00000000000000000000
0000100000100000010	0000001000000000	11000000	0100000000000000000000	000000000000000	00000000000000010100
0000010000000000000	0000000000000010	00000000	0000001001001000000000	000000000000010	00100000001000000000
0000100000100000010	0000001000000000	11000000	0100000000000000100000	000000000010000	00000000000000010100
0000010000000000000	0000000000000010	00000000	0000001001001000000000	000000000000010	00100000001000000000
0000010000000000100	0000000000000000	00000010	0000000001100000000000	000000000000000	00000000000000000000
0000100000100000010	0000001000000000	11000000	0100000000000000100000	000000000010000	00000001000000010100
0000100000100000010	0000001000000000	11000000	0100000000000000100000	000000000010000	00000000000000010100
0000011000000001100	0000000000000000	00010000	0000000001100000000000	000000100000000	00000000000000000000
0000010000000000100	0000000000000000	00000010	0000000001100000000000	000000000000000	00000000000000000000
0010000000000100000	0001000010000100	00000001	0010100000000000000001	001000000000000	00000000000000000000
0000010000000000100	0000000000000000	00000000	0000000001100000000000	000000100000000	00000000000000000000
0000010000000000000	0000000000000000	00000000	0000001001000000000000	000000000000010	00100000000000000000
0000100000100000010	0000001000000000	11000000	0100000000000000100000	000000010010000	00000001000000010100
0000000000000000000	0000000000000000	00100000	0000000000000000000000	000000000001000	00001000000000000000
0000100000100000010	0000001000000000	11000000	0100000000000000100000	000000000010000	00000001000000010100
0000010000000000000	0000000000000010	00000000	0000001001001000000000	000000000000010	00100000000000000000
0000100000100000011	0000001000000000	11000000	0100000000000000100000	000000000010000	00000000000000010100
0000010000000000000	1000000000000000	00000000	0000000001000000000000	000000000000000	11000000100000000000
0000010000000000100	0000000000000000	00000000	0000000001100000000000	000000100000000	00000000000000000000
0000100000100000010	0000001000000000	11000000	0100000000000000100000	000000000010000	00000000000000010100
0000100000100000010	0000001000000000	11000000	0100000000000000100000	000000000010000	00000001000000010100
0000010000000000000	1000000100000000	00000000	0000000001000000000100	000000000000000	11000000000000000000
0000100000100000010	0000001000000000	11000000	0100000000000000100000	000000000010000	00000000000000010100
0000010000000000100	0000000000000000	00000000	0000000001100000000000	000000100000000	00000000000000000000
0000010000000000100	0000000000000000	00000000	0000000001100000000000	000000100000000	00000000000000000000
0000010000010000000	1000000100000000	00000000	0000000001000000000100	000000000000000	11000000000000000000
0000010000000000100	0000000000000000	00000010	0000000001100000000000	000000000000000	00000000000000000000
0000010001000000000	0000000000000000	00000000	0000001001000000000000	000000000000010	00100000000000000000
0000100000100000010	0000001000000000	11000000	0100000000000000100000	000000000010000	00000000000000010100
0000000000000000000	0000010000000000	00100000	0000000000000000001000	000000000000000	00001000000000000000
0000000000000000000	0000000000000000	00100000	0000000000000000000000	000000000001000	00001000000000000000
0000010001000000000	0000000000000000	00000000	0000001001000000000000	000000000000010	00100000000000000000
0000010001000000000	0000000000000000	00000000	0000001001000000000000	000000000000010	00100000000000000000
0000100000100000010	0000001000000000	11000000	0100000000000000100000	000000000010000	00000000000000010100
0000010000000000100	0000000000000000	00000000	0000000001100000000000	000000100000000	00000000000000000000
0000010000000000100	0000000000000000	00000000	1000000001100000000000	000000001000001	00010000010001000000
0000010000000000100	0000000000000000	00000000	0000000001100000000000	000000100000000	00000000000000000000
0000100000100000010	0000001000000000	11000000	0100000000000000100000	000000000010000	00000000000000010100
0000010000000000100	0000000000000000	00000000	0000000001100000010010	000000100000000	00000000000000000000
0000010000000000000	0000000000000001	00000000	0000001001000000000000	000000000000010	00100010000000000000
0000010100001000100	0100000000000000	00000000	0000000001100000000000	000000000000000	00000000010000000000
0000010000000000100	0000000000000000	00000000	0000000001100000000000	000000100000000	00000000000000000000
0000000010000000000	0000000000000000	00100000	0000000000000000000000	000000000000000	00001000000000000000
0000010000000000100	0000000000000000	00000010	0000000001100000000000	000000000000000	00000000000000000000
0000000000000000000	0000000000000000	00000000	0000000000000000000000	000000000000000	00001000000010000001
0000100000100000010	0000001000000000	11000000	0100000000000000100000	000000000010000	00000001000000010100
0000100000100000010	0000001000000000	11000000	0100000000000000100000	000000010010000	00000001000000010100
0000100000100000011	0000001000000000	11000000	0100000000000000100000	000000000010000	00000000000000010100
0000010000000000000	0000000000000000	00000000	0000001001001001000000	000000000000010	00100000000000000000
0000000000000000000	0000000000000000	00000100	0000000000000000000000	000000000000000	00001000000000000000
0000010000000000000	0000000000000000	00000000	0000001001001001000000	000000000000010	00100000000000000000
0000010000000000000	0000000000000010	00000000	0000011001001000000000	000000000000010	00100000000000000000
0000010000000000100	0000000000000000	00000000	0000000001100000000000	000000100000000	00000000000000000000
0000010000000000100	0000000000000000	00000010	0000000001100000000000	000010000000000	00000000000000000000
0000000000000000000	0000000000010000	00000000	0000000010000000000000	000000000000000	00000000000000000000
1000010000000010000	0000000000000000	00000000	0000001001000000000000	000000000000010	00100000000000000000
0000010000000000100	0000000000000000	00000000	0000000001100000000000	000000100000000	00000000000000000000
0000010000000000000	0000000000000000	00000000	0000001001000000000000	000000000000010	00100000000000000000
0000010000000000100	0000000000000000	00000010	0000000001100000000000	000010000000000	00000000000000000000
0000100000100000011	0000001000000000	11000000	0100000000000000100000	000000000010000	00000000000000010100
0000100000100000010	0000001000000000	11000000	0100000000000000100000	000000010010000	00000001000000010100
0000000000000000000	0000000000000000	00100000	0000000000000000000000	000000000001000	00001000000000000000
0000100000100000010	0000001000000000	11000000	0100000000000000100000	000000000010000	00000000000000010100
0100100000100000010	0000001000000000	11000000	0100000000000000000000	000000000000000	00000000000000011100
0000010001000000000	0000000000000000	00000000	0000001001000000000000	000000000000010	00100000000000000000
0000100000100000010	0000001000000000	11000000	0100000000000000100000	000000000010000	00000000000000010100
0000010000000000000	0000000000000010	00000000	0000001001001000000000	000000000000010	00100000000000000000
0000000000000000000	0000010000000000	00100000	0000000000000000001000	000000000000000	00001000000000000000
0001000000000000000	0000000000000000	00001100	0000000000000000000000	000000000000000	00001000000000000000
0000010000000000000	1000000100000000	00000000	0000000001010000000100	000000000000000	11000000000000000000
0100100000100000010	0000001000000000	11000000	0100000000000000000000	000000000000000	00000000000000010100
0000010000000000100	0000000000000000	00000000	0000000001100000000000	000000000100000	00000000010000000000
0000010000000000000	1000000100000000	00000000	0000000001000000000100	000000000000000	11000000000000000000
0000010000000000000	0000000000000001	00000000	0000001001000000000000	000000000000010	00100010000000000000
0000010000000000000	1000000000100000	00000000	0000000001000000000000	000001000000000	11000000100000000000
0000100000100000010	0000001000000000	11000000	0100000000000000100000	000000000010000	00000000000000010100
0000010000000000000	0000000000000000	00000000	0000001001000000000000	000000000000010	00100000000000000000
0000010000000000100	0000000000000000	00000010	0000000001100000000000	000100000000000	00000000000000000000
0000010000000000000	0000000000000010	00000000	0000001001001000000000	000000000000010	00100000001000000000
0000010000000000000	0000000000000010	00000000	0000011001001000000000	000000000000010	00100000000000000000
0000000000000000000	0000000000010000	00000000	0000000010000000000000	000000000000000	00000000000000000000
0000000000000000000	0000000000000000	00000100	0000000000000000000000	000000000000000	00001000000000000000
0000000010000000000	0000000000000000	00100000	0000000000000000000000	000000000000000	00001000000000000000
0000100000100000011	0000001000000000	11000000	0100000000000000100000	000000000010000	00000000000000010100
0000010000000000100	0000000000000000	00000000	0000000001100000000000	000000100000000	00000000000000000000
0000100000100000011	0000001000000000	11000000	0100000000000000100000	000000000010000	00000000000000010100
0010000000000100000	0001000010000100	00000001	0010100000000000000001	001000000000000	00000000000000000000
0000100000100000010	0000001000000000	11000000	0100000000000000100000	000000000010000	00000000000000110100
1000010000000010000	0000000000000000	00000000	0000001001000000000000	000000000000010	00100000000000000000
0000100000100000010	0000001000000000	11000000	0100000000000000100000	000000000010000	00000000000000010100
0000000000000000000	0000000000000000	00000100	0000000000000000000000	000000000000000	00001000000000000010
0000010000000000100	0000000000000000	00000000	0000000001100000000000	000000100000000	00000000000000000000
0000010000000000000	1000000000100000	00000000	0000000001000000000000	000001000000000	11000000100000000000
0000010000000000100	0000000000000000	00000010	0000000001100000000000	000010000000000	00000000000000000000
0000010000000000100	0000000000001000	00000000	0000000001100000000000	000000000000000	00000000010000000000
0000010000000000000	0000000000000000	00000000	0001001001001001000000	000000000000010	00100000000000000000
0000010000000000100	0000000000000000	00000000	0000000001100000000000	000000001000001	00010000010000000000
0000010000000000100	0000000000000000	00000000	0000000001100000000000	000000100000000	00000000000000000000
0000010000000000100	0000000000000000	00000010	0000000001100000000000	000000000000000	00000000000000000000
0000000010000000000	0000000000000000	00100000	0000000000000000000000	000000000000000	00001000000000000000
0000010000000000000	1000000001100000	00000000	0000000001000000000000	000001000000000	11000000100000000000
0000010000000000000	0000000000000010	00000000	0000011001001000000000	000000000000010	00100000000000000000
0000010000000000000	0000000000000000	00000000	0000001001000000000000	000000000000010	00100000000000000000
0000010000000000100	0000000000000000	00000000	0000000001100000000000	000000000100000	00000000010000000000
0000010000000000000	0000000000000010	00000000	0000001001001000000000	010000000000010	00100000000000000000
0000010000000000100	0000000000000000	00000000	0000000001100000000010	000000100000000	00000000000000000000
0000010000000000000	0000000000000000	00000000	0000001001001001000000	000000000000010	00100000000000000000
0000010000000000100	0000000000000000	00000000	0000000001100000000000	000000100000000	00000000000000000000
0000010000000000000	0000000000000000	00000000	0000000001000000000000	000000000000110	00000000000100000000
0000000000000000000	0000000000000000	00000000	0000000100000000000000	000000000000000	00001100000010000001
0000010000000000000	0000000000000000	00000000	0000001001000000000000	000000000000010	00100000000000000000
0000010000000000000	1000000100000000	00000000	0000000001010000000100	000000000000000	11000000000000000000
0000010000000000100	0010100000000000	00000000	0000000001100000000000	000000000000000	00000000010000000000
0000000000000000000	0000000000000000	00000000	0000000000000000000000	000000000000000	00001000000010000001
0000010000000000100	0000000000000000	00000000	0000000001100000000000	000000100000000	00000000000000000000
0000100000100000010	0000001000000000	11000000	0100000000000000100000	000000000010000	00000000000000010100
0000000000000000000	0000000000000000	00100000	0000000000000000000000	000000000001000	00001000000000000000
0000010000000000100	0000000000000000	00000010	0000000001100000000000	000000000000000	00000000000000000000
0000010000000000000	0000000000000010	00000000	0000001001001000000000	000000000000010	00100000001000000000
0000100000100000011	0000001000000000	11000000	0100000000000010100000	000000000010000	00000000000000010100
0000010000000000000	0000000000000010	00000000	0000001001001000000000	000000000000010	00100000000000000000
0000100000100000010	0000001000000000	11000000	0100000000000100000000	000000000000000	00000000000000010100
