000000000000000001000010	0000000000000000000000	0000000000000100000000000000000000000	0000000000000	000100000000000000	011000001000010000
100000100000000000000000	0000001000100010000000	0000000000000000001000000000001000000	0000001001000	000000100000000000	000000000000000000
000000001000000000000010	0010100000000000000000	0000000000000000000001000000010010000	0000000000000	000001000000000000	010000000000001000
000000000000001000000010	0000000000000000000000	0001000000000000000000000110000000000	0000000010000	000000010000000000	010100000000000000
000000100000000000000000	0000000000000000000000	0000000000000000001000001000000000010	0000000100000	000000000000000000	000000000000000010
000001000000100000000010	0010000000000000000000	0000000000010000000001010000000000000	0000100000000	000000000000100000	010000000000000000
100000100000000000000000	0000000000100010000000	0100000000000000001000000000000000000	0000000001000	100000100000000000	000000000000000000
000000010000000010000000	0000000011000000000000	0000001010100000000000000000000000000	0000010000000	000000000000011000	100000000000000001
100000100000000000000000	0000000000100010000000	0000000000000000001000000000000000000	0000000001000	000000100000000000	000000010000000000
000000100000000000000000	0000000000000000000000	0000000000000000001000000000000000000	0000000100000	000000000000000000	000000000000000010
000000100000000000000000	0000000000000000000000	0000000000000000001000000000000000000	0000000100000	000000000011000000	000000000000000010
000000100000000000000000	0000000000000000000000	0000000000000000001000000000000000000	0000000100000	000000000000000000	000000000000000010
000000010000000010000000	0000000000000000000000	0000000000100001100000000000000000000	0000000000000	000000001000001000	000000000000000000
000000000000001000000010	0000000000000000000000	0001000000000000000000000110000000000	0000000010000	000000010000000000	010100000000000000
000000100000010000000000	0000000000000000000000	0000000000000000001000000000000000000	0000000100000	000000000000000000	000000000000000010
000000100000000000000000	0000000000000000000000	0000000000000000001000000000000000010	0000000100000	001000000000000000	000000000000000010
001001000000100000000010	0010000000000000000000	0000000000010000000001010000000000000	0000100000000	000000000000100000	010000000000000000
000000000000000000000000	0000000000000001011010	0000000000000000000100000000100000000	0000000000000	000000000000000000	000000000010000100
000000000000100000000010	0010000000000000000000	0000000000000000000001010000000000000	0000100000000	000000000000000000	010000000100000000
000001000000100000000010	0010000000000000000000	0000000000010000000001010000000000000	0000100000000	000000000000100000	010000000000000000
000000000000000001000010	0000000000010000000000	0000000000000100000000000000000000000	0000000000000	000100000000000000	011000001000010000
000000000100000000000000	0000000000000001011000	0000000000000000000100000000100000000	0000000000001	010000000100000000	000000000010000100
000000000000000001000010	0000000000000000000001	0000000000000100000000000000000000000	0000000000000	000100000000000000	011000001000010000
000001000000100000000010	0010000000000000000000	0000000000000000000001010001000000000	0000100000000	000000000000000000	010000000000000000
100000100000000000000001	0000000000100010000000	0100000000000000001000000000000000000	0000000001000	000000100000000010	000000000000000000
000100000000001000000010	0000000000000000000000	0000000000000000000000000100000000000	0000000010000	000000010000000000	010100100000000000
000000000000000001000010	0000000000000000000000	0000000000000100000000000000000000000	0000000000000	000100000000000000	011000001000010000
000000000011000000000000	0000000000000000000000	0000000000001000000000000000000001000	0010000000000	000000000000000000	000000000001000000
000000100000000000001000	0000000000000000000000	0000010000000000001000000000000000010	1000000100000	000000000000000000	000000000000000010
100000100000000000000000	0000000000100010000000	0000000000000000001000000000000000000	0000000001000	000000100000000000	000000010000000000
000000100000000000000000	0000000000000000000000	0000010000000000001000000000000000010	0000000100000	000000000000000000	000000000000000010
000000001000000000110010	0011000000000000000000	0000000000000010000001000000000100001	0000000000000	000000000000000000	010000000000000000
000000100000000000000000	0000000000000000000000	0000000000000000001000000000000000000	0000000100000	000000000000000000	000000000000000010
000000100000000000000000	0000000000000000000000	0000000000000000001000000000000000000	0000000100000	000000000000000000	000000000000000010
000000000000001000000010	0000000000000000000000	0001000000000000000000000110000000000	0000000010000	000000010000000000	010100000000000000
000000001000000000000010	0010000000000000000000	0000000000000000000001000000010010000	0000000000000	000001000000000000	010000000000000000
000001000000100000000010	0010000000000000000000	0000000000000000000001010001000000000	0000100000000	000000000000000000	010001000000000000
000001000000100000000010	0010000000000000000000	0000000000000000000001010001000000000	0000100000000	000000000000000000	010000000000000000
000100000000001000000010	0000000000000000000000	0000000000000000000000000100000000000	0000000010000	000000010000000000	010100000000000000
100000100000000000000000	0000000000100010000000	0100000000000000001000000000000000000	0000000001000	000000100000000000	000000000000000000
000000000000001000000010	0000000000000000000000	0001000001000000000000000110000000000	0000000010000	000000010000000000	010100000000000000
000001000000100000000010	0010000000000000000000	0000000000000000000001010001000000000	0000100000000	000000000000000000	010000000000000000
000000010000000010000000	0000000000000000000000	0000000000100001100000000000000000000	0000000000000	000000001000001000	000000000000000000
000010010000000010000000	0000000000000000000000	0000000000100001100000000000000000000	0000000000000	000000001000001000	000000000000100000
000001000000100000000010	0010000000000000000000	0000000000010000000001010000000000000	0000100000000	000000000000100000	010000000000000000
000001000000100000000010	0010000000000000000000	0000000000010000000001010000000000000	0000100000000	000010000000100000	010000000000000000
000010010000000010000000	0000000000000000000000	0000000000100001100000000000000000000	0000000000000	000000001000001000	000000000000100000
000000001000000000000010	0010000000000000000000	0000000000000000000001000000010010000	0000000000000	000001000000000000	010000000000000000
000000010000000010000000	0000000000000000000000	0000000000100001100000000000000000000	0000000000000	000000001000001000	000000000000000000
010000000000000001000010	0000000000000000000000	0000000000000100000000000000000000100	0100000000000	000100000000000000	011000001000010000
000000000011000000000000	0000000000000000000000	0000000000001000000000000000000001000	0010000000000	000000000000000000	000000000000000000
000000010000000010000000	0000000000000000000000	0000000000100001100000000000000000000	0000000000000	000000001000001000	000000000000000000
000100000000001000000010	0000000000000000000000	0000000000000000000000000100000000000	0000000010000	000000010000000000	010100000000000000
100000100000000000000000	0000000000100010000000	0100000000000000001000000000000000000	0000000001000	100000100000000000	000000000000000000
000000000011000000000000	0000000000000000000000	0000000000001000000000000000000001000	0010000000000	000000000000000000	000000000000000000
000000000000000001000010	0000000000000000000000	0000000000000100010000000000000000000	0000000000000	000100000000000000	011000001000000000
000000000000001000000010	0000000000000000000000	0001000001000000000000000110000000000	0000000010000	000000010000000000	010100000000000000
000001000000100000000010	0010000000000000000000	0000000000010000000001010000000000000	0000100000000	000000000000100000	010000000000000000
000000100000000000000000	0000000000000000000000	0000000000000000001000000000000000000	0000000100000	000000000011000000	000000000000000010
000000100000000000000000	0000000000000000000000	0000000000000000001000000000000000010	0000000100000	000000000000000000	000000000000000010
000000001000000000000010	0010000000000000000000	0000000000000000000001000000010010000	0000000000000	000001000000000000	010000000000001000
000000010000000010000000	0000000011000000000000	0000001010100000000000000000000000000	0000010000000	000000000000011000	100000000000000001
000000100000000000000000	0000000000000000000000	0000000000000000001000000000000000000	0000000100000	000000000000000000	000000000000000010
000000100000000000000000	0000000000000000000000	0000000000000000001000001000000000010	0000000100000	000000000000000000	000000000000000010
000000100000000000000000	0000000000000000000000	0000000000000000001000000000000000000	0000000100100	000000000000000000	000000000000000010
000010010000000010000000	0000000000000000000000	0000000000100001100000000000000000000	0000000000000	000000001000001000	000000000000100000
100000100000000000000000	0000001000100010000000	0000000000000000001000000000000000000	0000000001000	000000100000000000	000000000000000000
000100000000001000000010	0000000000000000000000	0000000000000000000000000100000000000	0000000010000	000000010000000000	010100000000000000
000001000000100000000010	0010000000000000000000	0000000000010000000001010000000000000	0000100000000	000000000000100000	010000000000000000
000000000000000000000000	0000000000000001011010	0000000000000000000100000000100000000	0000000000000	000000000000000000	000000000010000100
000001000000100000000010	0010000000000000000000	0000000000010000000001010000000000000	0000100000000	000000000000100000	010000000000000000
000000100000010000000000	0000000000000000000000	0000000000000000001000000000000000000	0000000100000	000000000000000000	000000000000000010
000100000000001000000010	0000000000000000000000	0000000000000000000000000100000000000	0000000010000	000000010000000000	010100000000000000
000000100000000000000000	0000000000000000000000	0000000000000000001000000000000000000	0000000100000	000000000011000000	000000000000000010
000001000000100000000010	0010000000000000000000	0000000000010000000001010000000000000	0000100000000	000000000000100000	010000000000000000
000001000000100000000010	0010000000000000000000	0000000000000000000001010001000000000	0000100000000	000000000000000000	010000000000000000
000001000000100000000010	0010000000000000000000	0000000000010000000001010000000000000	0000100000000	000000000000100000	010000000000000000
000100000000001000000010	0000000000000000000000	0000000000000000000000000100000000000	0000000010000	000000010000000000	010100100000000000
000000000000000001000010	0000000000010000000000	0000000000000100000000000000000000000	0000000000000	000100000000000000	011000001000010000
000000000000000001000010	0000000000010000000000	0000000000000100000000000000000000000	0000000000000	000100000000000000	011000001000010000
000000100000000000000000	0000000000000000000000	0000000000000000001000000000000000000	0000000100000	000000000011000000	000000000000000010
000000001000000000000010	0010000100000000000000	0000000000000000000001000000010000000	0000000000000	000001000000000000	010000000000000000
000100000000001000000010	0000000000000000000000	0000000000000000000000000100000000000	0000000010000	000000010000000000	010100000000000000
000000001000000000000010	0010000000000100000000	0000000000000000000001000000010010000	0000000000000	000001000000000000	010000000000001000
000000000000000000000000	0000000000000001011010	0000000000000000000100000000100000000	0000000000000	000000000000000000	000000000010000100
000000001000000000000010	0010000000000000000000	0000000000000000000001000000010010000	0000000000000	000001000000000000	010000000000000000
000001000000100000000010	0010000000000000000000	0000000000010000000001010000000000000	0000100000000	000000000000100000	010000000000000000
000000001000000000000010	0010000000000000000000	0000000000000000000001000000010010000	0000000000000	000001000000000000	010000000000000000
000000000011000000000000	0000000000000000000000	0000000000001000000000000000000001000	0010000000000	000000000000000000	000000000001000000
000001000000100000000010	0010000000000000000000	0010100000000000000001010000000000000	0000100000000	000000000000000000	010000000000000000
000001000000100000000010	0110000000000000000000	0000000000000000000001010000000000000	0000100000000	000000000000000000	010000000000000000
000000000000100000000010	0010000000000000000000	0000000000000000000001010000000000000	0000100000000	000000000000000000	010000000000000000
000001000000100000000010	0010000000000000000000	0000000000010000000001010000000000000	0000100000000	000000000000100000	010000000000000000
000000000000000001000010	0000000000000000000000	0000000000000100000000000000000000000	0000000000000	000100000000000000	011000001000010000
000000100000000000000000	0000000000000000000000	0000000000000000001000000000000000010	0000000100000	000000000000000000	000000000000000010
000001000000100000000010	0010000000000000000000	0000000000000000000001010001000000000	0000100000000	000000000000000000	010001000000000000
000000000000100000000010	0010000000000000000000	0000000000000000000001010000000000000	0000100000000	000000000000000000	010000000100000000
100000100000000000000000	0000000000100010000000	0000000000000000001000000000000000000	0000000001000	000000100000000000	000000000000000000
000100000000001000000010	0000000000000000000000	0000000000000000000000000100000000000	0000000010000	000000010000000000	010100000000000000
000000000000000001000010	0000000000010000000000	0000000000000100000000000000000000000	0000000000000	000100000000000000	011000001000010000
000000100000000100000000	0000000000000000000000	0000000000000000001000000000000000000	0000000100000	000000000000000000	000000000000000010
000001000000100000000010	0010000000000000000000	0000000000000000000001010001000000000	0000100000000	000000000000000000	010001000000000000
000000000011000000000000	0000000000000000000000	0000000000001000000000000000000001000	0010000000000	000000000000000000	000000000001000000
000000000000000001000010	0000000000000000000000	0000000000000100000000000000000000000	0000000000000	000100000000000000	011000001000010000
000000000000000001000010	0000000000000000000000	0000000000000100010000000000000000000	0000000000000	000100000000000000	011000001000000000
000100000000001000000010	0000000000000000000000	0000000000000000000000000100000000000	0000000010000	000000010000000000	010100000000000000
000000000000000001000010	0000000000000000000100	0000000000000100000000000000000000000	0000000000000	000100000000000000	011000001000010000
100000100000000000000000	0000000000100010000000	0100000000000000001000000000000000000	0000000001000	000000100000000000	000000000000000000
000001000000100000000010	0010000000000000000000	0000000000010000000001010000000000000	0000100000000	000000000000100000	010000000000000000
100000100000000000000000	0000000000100010000000	0000000000000000001000000000000000000	0000000001000	000000100000000000	000000000000000000
000000000000000001000010	0000000000000000000000	0000000000000100000000000000000000000	0000000000000	000100000000000000	011000001000010000
000000100000000000000000	0000000000000000000000	0000000000000000001000000000000000000	0000000100000	000000000000000000	000010000000000010
100000100000000000000000	0000000000100010000000	0100000000000000001000000000000000000	0000000001000	100000100000000000	000000000000000000
000000000000100000000010	0010000000000000000000	0000000000000000000001010000000000000	0000100000000	000000000000000000	010000000000000000
000100000000001000000010	0000000000000000000000	0000000000000000000000000100000000000	0000000010000	000000010000000000	010100000000000000
100000100000000000000000	0000000000100010000000	0100000000000000001000000000000000000	0000000001000	100000100000000000	000000000000000000
000000001000000000000010	0010000000000000000000	0000000000000000000001000000010010000	0000000000000	000001000000000000	010000000000001000
000000000000000001000010	0000000000000000000000	0000000000000100000000000000000000000	0000000000000	000100000000000000	011000001000010000
000000001000000000110010	0011000000000000000000	0000000000000010000001000000000100001	0000000000000	000000000000000000	010000000000000000
000001000000100000000010	0010000000000000000000	0010100000000000000001010000000000000	0000100000000	000000000000000000	010000000000000000
000000001000000000000010	0010000000000000000000	0000000000000000000001000000010010000	0000000000000	000001000000000000	010000000000000000
000001000000100000000010	0010000000000000000000	0000000000010000000001010000000000000	0000100000000	000000000000100000	010000000000000000
000000001000000000000010	0010000000000000000000	0000000000000000000001000000010010000	0000000000000	000001000000000000	010000000000000000
100000100000000000000000	0000001000101010000000	1000000000000000001010000000001000000	0000000001000	000000100000000000	000000000000000000
000000010000000010000000	0000000000000000000000	0000000000100001100000000000000000000	0000000000000	000000001000001000	000000000000000000
000000010000000010000000	1000000000000000000000	0000000000100001100000000000000000000	0000000000000	000000001000001000	000000000000000000
000001000000100000000010	0010010000000000000000	0000000000010000000001010000000000000	0000100000000	000000000000100000	010000000000000000
000000100000000000000000	0000000000000000000000	0000000100000000001000000000000000000	0000000100000	000000000000000000	000000000000000010
100000100000000000000000	0000001000100010000000	0000000000000000001000000000001000000	0000001001000	000000100000000000	000000000000000000
000001000000100000000010	0010000000000000000000	0000000000010000000001010000000000000	0000100000000	000000000000100000	010000000000000000
000000000000000001000010	0000000000000000000000	0000000000000100000000000000000000000	0000000000000	000100000000000000	011000001000010000
000000000000000001000110	0000000000000000000000	0000000000000100000000000000000000000	0000000000010	000100000000000001	011000001000010000
000000010000000010000000	0000000010000000000000	0000001010100000000000100000000000000	0000000000000	000000000000001000	000000000000000001
000000100000000000000000	0000000000000000000000	0000000000000000001000000000000000000	0000000100100	000000000000000000	000000000000000010
000010010000000010000000	0000000000000000000000	0000000000100001100000000000000000000	0000000000000	000000001000001000	000000000000100000
100000100000000000000000	0000000000100010000000	0000000000000000001000000000000000000	0000000001000	000000100000000000	000000000000000000
100000100000000000000000	0000000000100010000000	0100000000000000001000000000000000000	0000000001000	000000100000000000	000000000000000000
010000000000000001000010	0000000000000000000000	0000000000000100000000000000000000100	0000000000000	000100000000000100	011000001000010000
000000000000000001000010	0000000000000000000000	0000000000000100000000000000000000000	0000000000000	000100000000000000	011000001000010000
000000001000000000000010	0010000000000000100000	0000000000000000000001000000010010000	0000000000000	000001000000000000	010000000000000000
000100000000001000000010	0000000000000000000000	0000000000000000000000000100000000000	0000000010000	000000010000000000	010100000000000000
100000100000000000000000	0000000000100010000000	0100000000000000001000000000000000000	0000000001000	000000100000000000	000000000000000000
100000100000000000000000	0000001000100010000000	0000000000000000001000000000001000000	0000001001000	000000100000000000	000000000000000000
000000000000001000000010	0000000000000000000000	0001000001000000000000000110000000000	0000000010000	000000010000000000	010100000000000000
000001000000100000000010	0010000000000000000000	0000000000010000000001010000000000000	0000100000000	000000000000100000	010000000000000000
000000000000000001000010	0000000000010000000000	0000000000000100000000000000000000000	0001000000000	000100000000000000	011000001000010000
000001000000100000000010	0010000000000000000000	0000000000010000000001010000000000000	0000100000000	000000000000100000	010000000000000000
100000100000000000000000	0000001000101010000000	1000000000000000001010000000001000000	0000000001000	000000100000000000	000000000000000000
000000100000000000000000	0000000000000000000000	0000000000000000001000000000000000000	0000000100000	000000000000000000	000000000000000010
100000100000000000000000	0000000000100010000000	0100000000000000001000000000000000000	0000000001000	100000100000000000	000000000000000000
