0001000000001000000000	0000000000010000000000000000	000000000000000000	000000100000000	000000000000010	0000000000000000000
0000000000000100100000	0010000000000000000000000000	000000010000000000	100000000000000	000010000000000	0000000000000000000
0000000000000000000000	0000000000100000001000000000	010000000000101010	000001000010000	000000000000000	0000000000000001000
0001000000001000000000	0000000000010000000001000000	000000000000000000	000000100000000	000000000000010	0000000000000000000
0000000011001000000000	0000010000000000000000000000	000000000000000000	000000000000000	000000000000000	0000000000000000000
0000000000001000000000	0001100000000001000000010000	000000000000000000	000000100000000	000000000000000	0000000000000010000
1000000000000000100000	0000000000001000000000000000	000010000000010000	000000000000010	000100010110000	0000000000000000010
0000000000001000000010	0000000000010000000000000000	000000000000000000	000000100000000	000000000000010	0000000000000000000
0000000000000000000000	0000000000000000001000000000	000000000000000010	000001010100000	000000001000000	0000000000000000000
0000000000000000100100	0000000000001010000000000100	000000000000000100	000000000000000	000000000000000	0000000000000000000
0000000000000000000000	0000000000000000001000000000	000000000000000010	000001010100000	000000001000000	0000000000000000000
0001000000001000000000	0000000000010000000000001000	000000000000000000	000000100000000	000000000000010	0000000000000000000
0000000000000000100100	0000000000001010000000000000	000000000000000100	000000000000000	000000000000000	0000000000000000000
0000000000000000000000	0000000010000000001000000000	000000000000000010	000011010100000	000000001000000	0000000000000000000
1000000000000010100000	0000000000001000000000000000	000010000000000000	000000000000000	000100000100000	0000000000000000010
0100000000010000000000	0000000000000000000000100000	000000000001000000	000000000000001	000000000000000	0000100000000000100
0000000000001000000000	0000000000010000000000000000	000000001100000000	000000100000000	000000000000110	0000000000000000000
0001000000001000000000	0000000000010000000000000000	000000000000000000	000000100000000	000000000000010	0000000000000000000
0000000000001001000000	0000100000000000000000010000	000000000000000000	000000100000000	000000100001000	0000000000000010000
0000000000000100100000	0010000000000000000000000000	000000010000000000	100000000000000	000010000000000	0000000000000000000
0000000000000000100100	0000000000001010000000000100	000000000000000100	000000000000000	000000000000000	0000000000000000000
0000000100100000100100	0000000000001000100000000000	100000000000000000	000000000000000	000000000000000	0000000101000000000
0000000000001001000000	0000100000000000000000010000	000000000000000000	000000100000000	000000100001000	0000000000000010000
0001000000001000000000	0100000000010000000000000000	000000000000000000	000000100000000	000000000000010	0000000000000000000
0000000000001000000010	0000000000010000000000000000	000000000000000000	000100100000000	000000000000010	1000000000000000000
0001000000001000010000	0000000000010000000000001000	000000000000000000	000000100000000	000000000000010	0000000000000000000
0000000000001001000000	0000100000000000000000010000	000000000000000000	000000100000000	000000100001000	0000000000000010000
0001000000001000000000	0000000000010000000000000000	000000000000000000	000000100000000	000000000000010	0000000000000000000
0010000000000000000000	0000000000000000001000000000	000001000000000010	000001010100000	000000001000000	0000000000000000000
0001000000001000000000	0000000000010000000000000000	000000000000000000	000000100000000	000000000000010	0000000000000000000
0001000000001000000000	0000000000010000000000000000	000000000000000000	000000100000000	000000000000010	0000000000000000000
0000000000001000000000	0000000000010000000000000000	000000001000000000	000000100000000	000000000000110	0000000000000000000
0001000000001000000000	0000000000010000000000000000	000000000000000000	000000100000000	000000000000010	0000000000000000000
0000000000000000000000	0000000000000000001000000000	000000000000000010	000001010100000	000000001000000	0000000000000000000
0000000000100000100100	0000000000001000000000000000	100000000000000000	000000000000000	000001000000000	0000000001000000000
0000000000000000000000	0000000010000000001000000000	000000000000000010	000011010100000	000000001000000	0000000000000000000
0000000011001000000000	0000010000000000000000000000	000000000000000000	000000000000000	000000000000000	0000000000000000000
0000000000000000100100	0000000000001010000000000000	000000000000000100	000000000000000	000000000000000	0000000000000000000
0000000000000000100100	0000000000001010000000000100	000000000000000100	000000000000000	000000000000000	0000000000000000000
0000000000000000100100	0000000000001010000000000100	000000000000000100	000000000000000	000000000000000	0000000000000000000
0100000000010000000000	0000000000000000000010100000	000000000001000000	000000000000001	000000000000000	0000100000000000100
0001000000001000000000	0000000000010000000000000000	000000000000000000	000000100000000	000000000000010	0000000000000000000
0000111000000000000000	1000000001000000000000000000	000000000010000000	000000000001000	010000000000000	0100000000000000000
0000000000001001000000	0000100000000000000000010000	000000000000000000	000000100000000	000000100001000	0000000000000010000
0001000000001000000000	0000001000010000000000000000	000000000000000000	000000100000000	000000000000010	0000000000000000000
0000000000000000100100	0000000000001010000000000000	000000000000000100	000000001000000	000000000000000	0000000000000000000
1000000000000000100000	0000000000001000000000000000	000010000000000000	000000000000000	000100000100000	0000000000000000011
1000000000000000100000	0000000000001000000000000000	000010000000000000	000000000000010	000100000100000	0000000000000000010
0000111000000000000000	1000000001000000000000000000	000000000010000000	000000000001000	010000000000000	0100000000000000000
0000000000000000100100	0000000000001010000000000100	000000000000000100	000000000000000	000000000000000	0000000000000000000
0000000000001000001010	0000000000010000000000000000	000000000000000000	000000100000000	000000000000010	1000000000000000000
1000000000000000100000	0000000000001000000000000000	000010000000000000	000000000000000	000100000100000	0000000000000000011
1000000000000000100000	0000000000001000000000000000	000010000000000000	000000000000000	000100000100000	0000000000000000010
0000000000001000000010	0000000000010000000000000000	000000000000000000	000000100000000	000000000000010	0000000000000000000
0000000000000000000000	0000000000000000001000000000	000000000000000010	000001010100000	000000001000000	0000000000000000000
0000000000100000100100	0000000000001000000000000000	100000000000000000	000000000000000	000000000000000	0000000001000000000
0001000000001000000000	0000000000010000000000000000	000000000000000000	000000100000000	000000000000010	0001000000000000000
1000000000000000100000	0000000000001000000000000000	000010000000000000	000000000000010	000100000100000	0000000000000000010
1000000000000000100000	0000000000001000000000000000	000010000000000000	000000000000000	000100000100000	0000000000000000011
0100000000010000000000	0000000000000000000010100000	000000000001000000	000000000000001	000000000000000	0000100000000000100
0000000000000000000000	0000000000000000001000000000	000000000000000010	000001010100000	000000001000000	0000000000000000000
0001000000001000000000	0000000000010000000000000000	000000000000000000	000000100000000	000000000000010	0001000000000000000
0000000011001000000000	0000010000000000000000000000	000000000000000000	000000000000000	000000000000000	0010001000110000000
0000000000001000000010	0000000000010000000000000000	000000000000000000	000000100000000	000000000000010	0000000000000000000
0001000000001000000000	0000000000010000000000000000	000000000000000000	000000100000000	000000000000010	0000000000000000000
1000000000000000100000	0000000000001000000000000000	000010000000000000	000000000000010	000100000100000	0000000000000000010
0100000000010000000000	0000000000000000000010100000	000000000001000000	000000000000001	000000000000000	0000100000000000100
0000000000000100100000	0010000000000000000000000000	000000010000000001	100000000000000	000010000000000	0000000000000000000
0001000000001000000000	0000000000010000000000000000	000000000000000000	000000100000000	000000000000010	0000000000000000000
0001000000001000000000	0000000000010000000000000000	000000000000000000	000000100000000	000000000000010	0000000000000000000
0000000000001000000000	0000000000010000000000000000	000000001000000000	000000100000000	000000000000110	0000000000000000000
0001000000001000000000	0000000100010000000000000000	000000000000000000	000000100000000	000000000000010	0000000000000000000
1000000000000000100000	0000000000001000000000000000	000010000000000000	000000000000010	000100000100000	0000000000000000010
0000000000001000000010	0000000000010000000000000000	000000000000000000	000000100000000	000000000000010	0000000000000100000
0000000011001000000000	0000010000000000000000000000	000000000000000000	001000000000000	000000000000000	0000000000000000000
0000000100100000100100	0000000000001000100100000000	100000000000000000	000000000000000	000000000000000	0000000001000000000
0000111000000000000000	1000000001000000000000000000	000000000010000000	000000000001000	010000000000000	0100000000001000000
0000000000001000000010	0000000000010000000000000000	000000000000000000	000000100000000	000000000000010	0000000000000000000
0000000011001000000000	0000010000000000000000000000	000100000000000000	000000000000000	000000000000000	0010000000010000000
0001000000001000000000	0000000000010000000000000000	000000000000000000	000000100000000	000000000000010	0000000000000000000
0001000000001000000000	0000000000010000000000000001	000000000000000000	000000100000000	000000000000010	0000000000000000000
0001000000001000000000	0000000000010000000000000000	000000000000000000	000000100000000	000000000000010	0000000000000000000
0001000000001000000000	0000000000010000000000000000	000000000000000000	000000100000000	000000000000010	0000000000000000000
0000000000001001000000	0000100000000000000000010000	000000000000000000	000000100000000	000000100001000	0000000000000010000
0000000000001000000000	0000000000010000000000000000	000000000000000000	000000100000000	000000000000011	0000000000000000000
0000000000001001000000	0000100000000000000000010000	000000000000000000	000000100000000	000000100001000	0000000000000010000
0000000100100000100100	0000000000001000100000000000	100000000000000000	000000000000000	000000000000000	0000000001000000000
0001000000001000000000	0000000000010100000000000000	000000000000000000	000000100000000	000000000000010	0000000000000000000
0000000000001000000000	0000000000010000000000000000	000000100000000000	000000100000000	000000000000011	0000000000000000000
0000000000001001000000	0000100000000000000000010000	000000000000000000	000000100000000	000000100001000	0000000000000010000
0000000011001000000000	0000010000000000000000000000	000000000000000000	000000000000000	000000000000000	0000000000000000000
0000000000000000000000	0000000000000000001000000000	000000000000000010	000001010100000	000000001000000	0000000000000000000
0000000000000000000000	0000000000000000001000000000	010000000000101010	000001000010000	100000000000000	0000000000000001000
0000000000001000000010	0000000000010000000000000000	000000000000000000	000000100000000	000000000000010	0000000000000000000
0000000000000000100101	0000000000001010000000000000	000000000000000100	000000000000000	000000000000000	0000000000000000000
0000000000001001000000	0000100000000000000000010000	000000000000000000	000000100000000	000000100001000	0000000000000010000
0000000000001000000000	0000000000010000000000000000	000000000000000000	000000100000000	000000000000011	0000000000000000000
0001000000001000000000	0000000000010000000000000000	000000000000000000	000000100000000	000000000000010	0000000000000000000
0000000000001001000000	0000100000000000000000010000	000000000000000000	000000100000000	001000100001000	0000000000000010000
0000000000001001000000	0000100000000000000000010000	000000000000000000	000000100000000	000000100001000	0000000000000010000
0001000000001000000000	0000000000010000000000000000	000000000000000000	000000100000000	000000000000010	0000010000000000000
0000000000000000000000	0000000000000000001000000000	010000000000101010	000001000010000	100000000000000	0000000000000001000
0001000000001000000000	0000000000010000000000000000	000000000000000000	000000100000000	000000000000010	0000000000000000000
0001000000001000000000	0000000000010100000000000000	000000000000000000	000000100000000	000000000000010	0000000000000000000
0001000000001000000000	0000000000010000000000000000	000000000000000000	000000100000000	000000000000010	0000000000000000000
0100000000010000000000	0000000000000000000010100000	000000000001000000	000000000000001	000000000000000	0000100000000000100
0000000000000000000000	0000000000000000001000000000	000000000000000010	000001010100000	000000001000000	0000000000000000000
0000000000001000000000	0000000000010000000000000000	000000001100000000	000000100000000	000000000000110	0000000000000000000
0000000011001000000000	0000010000000000000000000000	000000000000000000	000000000000000	000000000000000	0000000000000000000
0000000000001000000010	0000000000010000000000000000	000000000000000000	000000100000000	000000000000010	0000000000000000000
0001000000001000000000	0000000000010000000000000000	000000000000000000	000000100000000	000000000000010	0001000000000000000
0000000000001000000010	0000000000010000000000000000	000000000000000000	000100100000000	000000000000010	1000000000000000000
0000000000000000100100	0000000000001000000000000000	000000000000000000	010000000000000	000000000000000	0000000001000000000
1000000000000000100000	0000000000001000000000000000	001010000000000000	000000000000100	000100000100000	0000000000000000010
0001000000001000000000	0000000000010000000000000000	000000000000000000	000000100000000	000000000000010	0000000000000000000
1000000000000000100000	0000000000001000000000000000	000010000000000000	000000000000000	000100000100000	0000000000000000011
0000000000100000100100	0000000000001000000000000000	100000000000000000	000000000000000	000000000000000	0000000001000000000
0000000000001000000000	0000000000010000000000000000	000000000000000000	000000100000000	000000000000011	0000000000000000000
0000000000001000000010	0000000000010000000000000000	000000000000000000	000000100000000	000000000000010	0000000000000000000
0000000000001000000000	0000000000010000000000000000	000000000000000000	000000100000000	000000000000011	0000000000000000000
1000000000000000100000	0000000000001000000000000000	000010000000000000	000000000000010	000100000100000	0000000000000000010
1000000000000000100000	0000000000001000000000000000	000010000000000000	000000000000000	000100000100000	0000000000000000011
0000000000000000100100	0000000000001010000000000000	000000000000000100	000000000000000	000000000000000	0000000000000000000
0001000000001000000000	0000000000010000000000000000	000000000000000000	000000100000000	000000000000010	0000000000000000000
1000000000000010100000	0000000000001000000000000000	000010000000000000	000000000000000	000100000100000	0000000000000000010
0000000000001000000000	0000000000010000000000000000	000000000000000000	000000100000000	000000000000011	0000000000000000000
0000000000000000000000	0000000000000000001000000000	000000000000000010	000001010100000	000000001000000	0000000000000000000
0000000011001000000000	0000010000000000000000000000	000000000000000000	001000000000000	000000000000000	0000000000000000000
0000000000001000000010	0000000000010000000000000000	000000000000000000	000000100000000	000000000000010	0000000000000000000
0000000011001000000000	0000010000000000010000000000	000000000000000000	000000000000000	000000000000000	0000000000000000000
0000000011001000000000	0000010000000000000000000000	000000000000000000	000000000000000	000000000000000	0010000000010000000
0001000000001000000000	0000000000010000000001000000	000000000000000000	000000100000000	000000000000010	0000000000000000000
0001000000001000000000	0000000000010000000000000000	000000000000000000	000000100000000	000000000000010	0000000000000000000
0000000000001000000010	0000000000010000000000000000	000000000000000000	000100100000000	000000000000010	1000000000000000000
0001000000001000000000	0000000000010000000000000000	000000000000000000	000000100000000	000000000000010	0000000000000000000
0000000100100000100100	0000000000001000100000000000	100000000000000000	000000000000000	000000000000000	0000000011000000000
0000000011001000000000	0000010000000000000000000000	000000000000000000	000000000000000	000000000000000	0010001000110000000
0000000000000000000000	0000000000000000001000000000	010000000000101010	000001000010000	100000000000000	0000000000000001000
0000000000001000000000	0001100000000000000000010010	000000000000000000	000000100000000	000000000000000	0000000000000010000
0001000000001000000000	0000000000010000000000000000	000000000000000000	000000100000000	000000000000010	0000000000000000000
0000000011001000000000	0000010000000000000000000000	000100000000000000	000000000000000	000000000000000	0010000000010000000
0000000000001000000000	0000000000010000000000000000	000000000000000000	000000100000000	000000000000011	0000000000000000000
0000000000001000000000	0000000000010000000000000000	000000001000000000	000000100000000	000000000000110	0000000000000000000
0000000100100000100100	0000000000001000100000000000	100000000000000000	000000000000000	000000000000000	0000000001000000000
0000000000000000100100	0000000000001010000000000000	000000000000000100	000000000000000	000000000000000	0000000000000000000
0000000000000100100000	0010000000000000000000000000	000000010000000001	100000000000000	000010000000000	0000000000000000000
0001000000001000000000	0000000000010000000000000000	000000000000000000	000000100000000	000000000000010	0000000000000000000
0000000100100000100100	0000000000001000100000000000	100000000000000000	000000000000000	000000000000000	0000000001000000000
0000000011001000000000	0000010000000000010000000000	000000000000000000	000000000000000	000000000000000	0000000000000000000
0000000011001000000000	0000010000000000000000000000	000000000000000000	000000000000000	000000000000000	0010001000110000000
