00000000001000000010	10000000000100	00001000000000010	0000010000000000000	00000000000000001	000000000000000000011
00100000001000000000	00000000000100	00101000000000010	0000000000010000000	00000000000000101	000000000000000010011
00100000001000000000	00000000000100	00001000000000010	0000000000010000000	00000000000000101	000000000000000010011
00100000001000000000	00000000000100	00001000000000010	0000000000010000000	00000000000000101	000000000000000010011
00000000000001000000	00000000100000	00000000001000000	0000000001000000000	00000000000000000	000000000010001000000
00000000000001000000	00000000100000	00000000001000000	0000000000000100000	01000000000000000	000000000000001000000
00000000001010000000	00000000000100	00001000000000010	0000000000000000000	00000000000000001	000000000000000000011
00000000000001000000	00000000100000	00000000001000000	0000000000000100000	00001000000000000	000000000000001000000
00000000011000000010	10000000000100	00001000000000010	0010010000000000000	00000000000000001	000000000000000000011
00000000001000000010	10000000000100	00001000000000010	0000010000000000000	00000000000000001	000000000000000000011
00000000000000010000	00000000000000	00000000000100000	0000000000000001000	00000000000000000	000000000100010000000
00000000000001000000	00000010100000	00000000001000000	0000000000000100000	01000000000000000	000000000000001000000
00000000000000100001	00000100000000	00000100010000001	0001101000000000000	00000000000000000	000001010000000000000
00000000000000010000	00000000000000	00000000000100000	0000000000000001000	00000000000000000	000000000000010000000
10000000000001000000	00000000100000	00000001001000000	0000000000000010000	00000000010000000	000000000000001000100
00000000000000010000	00000000001000	00000000000100000	0000000000000001000	00000000000000000	000000000000110000000
00000000000001000000	00000000100000	00000000001000000	0000000000000000000	00000100000000000	000000000000001000000
00000000101100000000	00000000000100	10001000000000010	1000000000000000000	00000000000000011	000000000000000100011
00001000000000100000	00000100000000	00000100000000001	0001101000000000000	00000001000000000	000001000000000000000
10000000000001000000	00000000100000	00000001001000000	0000000000000000000	00000000010000000	000000000000001000100
00000100000001000000	00000000000000	00000000001000000	0000000000001000001	10000000000000000	000000000000001000000
00000001000001001000	00000000000000	00010000001000000	0000000000000000010	00000000001000000	000000000000001000000
00000100000001000000	01000000000000	00000000001000000	0000000000001000000	10000000000000000	000000001000001000000
00000000000000000000	00000000010000	00000000000000000	0000001000000000000	00000000000000000	011000000000000000000
00010000000000000000	00000000000000	00000000000010000	0000000000100000000	00000010000000000	000000000000000000000
00000000000001000000	00000000100000	00000000001000000	0000000000000100000	00001000000000000	000000000000001000000
00100000001000000000	00000000000100	01001000000000010	0000000000000000000	00000000000000001	000000000000000000011
01000000000001000000	00000000100000	00000000001000000	0000000000000000000	00000000000000000	000000000000001000000
00000000000001000000	00000000100000	00000000001000000	0000000000000100000	00001000000000000	000000000000001000000
00000000000000000100	00000000000001	00000000000000000	0000001000000000000	00000000000000000	011000000000000000000
10000010000001000000	00000000100000	00000001001000000	0000000000000000000	00000000010000000	000000000000001000100
10000000000001000000	00000000100000	00000001001000000	0000000000000000000	00000000010000000	000000000000001000100
00000000101100000000	00000000000100	10001000000000010	1000000000000000000	00000000000000001	000000000000000100011
00000000000000010000	00000000000000	00000000000100000	0000000000000001000	00000000000000000	000000000000110000000
00000000000000100000	00000100000000	00000100000000001	0001101000000000000	00000000000000000	000001000000000000000
10000010000001000000	00000000100000	00000001001000000	0000000000000000000	00000000010000000	000000000000001000100
00000000000000010000	00000000000000	00000000000100000	0000000000000001000	00000000000000000	000000000000010000000
00000001000001001000	00000000000000	00010000001000000	0000000000000000000	00100000001000000	000000000000001000000
00100000001000000000	00000000000100	00001000000000010	0000000000000000000	00000000000000101	000000000000000000011
00000001000001001000	00000000000000	00010000001000000	0000000000000000000	00100000001000000	000000000000001000000
00010000000000000000	00000000000000	00000000000010000	0000000000100000000	00000010000000000	000000000000000000000
00100000001000000000	00000000000100	00001000000000010	0000000000010000000	00000000000010101	000000000000000000011
00100000001000000000	00001000000100	01001000000000010	0000000010000000000	00000000000100001	000000000000000000011
00000000000000000000	00000000010000	00000000000000000	0000001000000000000	00000000000000000	011000000000000000000
00000001000001001000	00000000000000	00010000001000000	0000000000000000000	00100000001000000	000000000000001000000
00100000001000000000	00000000000100	00001010000000010	0000000000010000000	00000000000010101	000000000000000000011
00000100000001000000	00000000000000	00000000001000000	0000000000001000001	10000000000000000	000000000000001000000
00100000001000000000	00000000000100	00001000000000010	0000000000000000000	00000000000000101	000000000000000000011
00000000000000010000	00000000000000	00000000000100000	0000000000000001000	00000000000000000	000000000000010000000
00000000000000100000	00000100000000	00000100000000001	0001101000000000000	00000000000000000	000001000000000000000
00010000000000000000	00000000000000	00000000000010000	0000000000100000000	00000010000000000	000000000000000000000
00000000000000010000	00000000000000	00000000000100000	0000000000000001000	00000000000000000	000000000000010000000
00000000001000000010	10000000000100	00001000000000010	0000010000000000000	00000000000000001	000000000000000000011
00000000000001000000	00000000100000	00000000001000000	0000000000000100000	01000000000000000	000000000000001000000
00000000000000010000	00000000000000	00000000000100000	0000000000000001000	00000000000000000	000000000000010000000
01000000000001000000	00000000100000	00000000001000000	0000000000000000000	00000000000000000	000000000000001000000
00000000000000100000	00000000000000	00000100000000001	0101101000000000000	00000000100000000	000001000000000000000
00000100000001000000	00000000000000	00000000001000000	0000000000001000000	10000000000000000	000000000000001000000
00100000001000000000	00000000000100	00001000000000010	0000000000010000000	00000000000000101	000000000000000010011
00000000101100000000	00000000000100	10001000000000010	1000000000000000000	00000000000000011	000000000000000100011
00000000000001000000	00000000100000	00000000001000000	0000000000000100000	01000000000000000	000000000000001000000
00100000001000000000	00000000000100	00001000000000010	0000000000010000000	00000000000010101	000000000000000000011
00000000000000010000	00000000000000	00000000000100000	0000000000000001000	00000000000000000	000000000000010000000
00010000000000000000	00000000000000	00000000000010000	0000000000100000000	00000010000000000	000000000000000000000
01000000000001000000	00000000100000	00000000001000000	0000000000000000100	00000000000000000	000000000000001000000
00000100000001000000	00000000000000	00000000001000000	0000000000001000001	10000000000000000	000000000000001000000
00000000001000000010	10000000000100	00001000000000010	0000010000000000000	00000000000000001	000000000000000000011
00000000000001000000	00000000100000	00000000001000000	0000000000000100000	01000000000000000	000000000000001000000
00100000001000000000	00000000000100	01001000000000010	0000000010000000000	00000000000100001	000000100000000000011
00000000000001000000	00000000100000	00000000001000000	0000000001000000000	00000000000000000	000100000000001000000
00100000001000000000	00000001000100	00001000000000010	0000000000010000000	00000000000000101	000000000000000010011
00100000001000000000	00000000000100	00001000000000010	0000000000000000000	00000000000000101	000000000000000000011
00100000001000000000	00000000000100	00001000000000010	0000000000010000000	00000000000000101	000000000000000010011
00100000001000000000	00000000000100	00001000000000010	0000000000010000000	00000000000000101	000000000000000010011
00000100000001000000	01000000000000	00000000001000000	0000000000001000000	10000000000000000	000000001000001000000
00000000000000000000	00000000010000	00000000000000000	0000001000000000000	00000000000000000	011000000000000000000
00000000000000010000	00000000000000	00000000000100000	0000000000000001000	00000000000000000	000000000000110000000
00000000000001000000	00010000100010	00000000001000000	0000000000000000000	00000000000000000	000010000001001000000
00000000000000000000	00000000000000	00000000000000000	0000001000000000000	00000000000000000	011000000000000000000
00000000000000010000	00000000000000	00000000000100000	0000000000000001000	00000000000000000	000000000000010000000
00000000000000000000	00000000010000	00000000000000000	0000001000000000000	00000000000000000	011000000000000000000
01000000000001000000	00000000100000	00000000001000000	0000000000000000100	00000000000000000	000000000000001000000
10000000000001000000	00000000100000	00000001001000000	0000000000000000000	00000000010000000	000000000000001000100
00000000000000100000	00000100000000	00000100100000001	0001101000000000000	00000000000000000	000001000000000000000
00000000000000000000	00000000010000	00000000000000000	0000001000000000000	00000000000000000	011000000000000000000
00100000001000000000	00000000000100	00001000000000010	0000000000000000000	00000000000000101	000000000000000000011
00000000011000000010	10000000000100	00001000000000010	0010010000000000000	00000000000000001	000000000000000000011
00000000000000000000	00000000010000	00000000000000000	0000001000000000000	00000000000000000	011000000000000000000
00000000000000100000	00000100000000	00000100100000001	0001101000000000000	00000000000000000	000001000000000000000
01000000000001000000	00000000100000	00000000001000000	0000000000000000000	00000000000000000	000000000000001001000
00100000001000000000	00000000000100	01001000000000010	0000000000000000000	00000000000000001	000000000000000000011
00000100000001000000	00000000000000	00000000001000000	0000000000001000001	10000000000000000	000000000000001000000
00000000000000000000	00000000010000	00000000000000000	0000001000000000000	00000000000000000	011000000000000000000
00000000000001000000	00010000100010	00000000001000000	0000000000000000000	00000000000000000	000010000001001000000
00000000001000000010	10000000000100	00001000000000010	0000010000000000000	00000000000000001	000000000000000000011
00000000000000010000	00000000000000	00000000000100000	0000000000000001000	00000000000000000	000000000000010000000
00000000000000100000	00000100000000	00000100100000001	0001101000000000000	00000000000000000	000001000000000000000
00000100000001000000	00000000000000	00000000001000000	0000000000001000001	10000000000000000	000000000000001000000
00000000000001000000	00000000100000	00000000001000000	0000000000000000000	00000100000000000	000000000000001000000
00000000000000010000	00000000000000	00000000000100000	0000000000000001000	00000000000000000	000000000000010000000
00000000000000010000	00000000001000	00000000000100000	0000000000000001000	00000000000000000	000000000000110000000
00000000000000100000	00000000000000	00000100000000001	0101101000000000000	00000000100000000	000001000000000000000
00100000001000000000	00000000000100	00001000000000010	0000000000010000000	00000000000010101	000000000000000000011
00100000001000000000	00000000000100	00001000000000010	0000000000010000000	00000000000000101	000000000000000010011
00100000001000000000	00000000000100	01001000000000010	0000000010000000000	00000000000100001	000000100000000000011
00000000000000010000	00000000000000	00000000000100000	0000000000000001000	00000000000000000	000000000000010000000
00000000000000010000	00000000000000	00000000000100000	0000000000000001000	00000000000000000	000000000000010000000
00000000000000010000	00000000000000	00000000000100000	0000000000000001000	00000000000000000	000000000000010000000
00000000000001000000	00000000100000	00000000001000000	0000000001000000000	00000000000000000	000000000000001000000
00000000001000000010	10000000000100	00001000000000010	0000010000000000000	00000000000000001	000000000000000000011
00000000000001000000	00000000100000	00000000001000000	0000000001000000000	00000000000001000	000000000000001000000
00000000000000010000	00000000000000	00000000000100000	0000000000000001000	00000000000000000	000000000000110000000
10000000000001000000	00000000100000	00000001001000000	0000000000000000000	00000000010000000	000000000000001000100
00000000001000000010	10000000000100	00001000000000010	0000010000000000000	00000000000000001	000000000000000000011
00100000001000000000	00001000000100	01001000000000010	0000000010000000000	00000000000100001	000000000000000000011
00000000000000010000	00100000000000	00000000000100000	0000000100000001000	00000000000000000	000000000000010000000
00000000000000000100	00000000000001	00000000000000000	0000001000000000000	00000000000000000	011000000000000000000
00100000001000000000	00000000000100	01001000000000010	0000000010000000000	00000000000100001	000000000000000000011
00000000000000010000	00000000000000	00000000000100000	0000000000000001000	00000000000000000	000000000000010000000
00100000001000000000	00000000000100	00001000000000010	0000000000000000000	00000000000000101	000000000000000000011
00100000001000000000	00000000000100	00001000000000010	0000000000000000000	00000000000000101	000000000000000000011
00100000001000000000	00000000000100	00001000000000010	0000000000010000000	00000000000000101	000000000000000010011
00000000000001000000	00000000100000	00000000001000000	0000000000000000000	00000000000000000	000000000000001000000
00000000000000010000	00000000000000	00000000000100000	0000000000000001000	00000000000000000	000000000000010000000
00000000000000010000	00000000000000	00000000000100000	0000000000000001000	00000000000000000	000000000000110000000
00100000001000000000	00000000000100	00001000000000010	0000000000010000000	00000000000000101	000000000000000010011
00100000001000000000	00000000000100	01001000000000010	0000000010000000000	00000000000100001	000000100000000000011
01000000000001000000	00000000100000	00000000001000000	0000000000000000000	00000000000000000	000000000000001000000
00000000000001000000	00000000100000	00000000001000000	0000000000000000000	00000100000000000	000000000000001000000
00000000000001000000	00000000100000	00000000001000000	0000000000000000000	00000100000000000	000000000000001000000
00000000000001000000	00000000100000	00000000001000000	0000000000000100000	01000000000000000	000000000000001000000
00000000000000010000	00000000000000	00000000000100000	0000000000000001000	00000000000000000	000000000000010000000
00001000000000100000	00000100000000	00000100000000001	0001101000000000000	00000000000000000	000001000000000000000
00000100000001000000	01000000000000	00000000001000000	0000000000001000000	10000000000000000	000000001000001000000
00000000001000000010	10000000000100	00001000000000010	0000010000000000000	00000000000000001	000000000000000000011
00100000001000000000	00000000000100	00001000000000010	0000000000010000000	00000000000000101	000000000000000010011
00100000001000000000	00000000000100	00001000000000010	0000000000010000000	00000000000000101	000000000000000010011
00000000101100000000	00000000000100	10001000000000010	1000000000000000000	00000000000000001	000000000000000100011
00000000000001000000	00000000100000	00000000001000000	0000000000000000000	00000100000000000	000000000000001000000
00000000000001000000	00000000100000	00000000001000000	0000000001000000000	00000000000001000	000000000000001000000
00000100000001000000	00000000000000	00000000001000000	0000000000001000001	10000000000000000	000000000000001000000
00000000011000000010	10000000000100	00001000000000010	0010010000000000000	00000000000000001	000000000000000000011
10000000000001000000	00000000100000	00000001001000000	0000000000000000000	00000000010000000	000000000000001000100
00000100000001000000	00000000000000	00000000001000000	0000000000001000001	10000000000000000	000000000000001000000
00100000001000000000	00000000000100	01001000000000010	0000000010000000000	00000000000100001	000000000000000000011
00100000001000000000	00000000000100	00001000000000110	0000000000000000000	00000000000000101	000000000000000000011
00100000001000000000	00000000000100	00001000000001010	0000000000010000000	00010000000000101	100000000000000000011
00000000000000010000	00000000000000	00000000000100000	0000000000000001000	00000000000000000	000000000000010000000
00000000000000010000	00000000000000	00000000000100000	0000000000000001000	00000000000000000	000000000000010000000
00000000000000100000	00000000000000	00000100000000001	0101101000000000000	00000000100000000	000001000000000000000
