010000000000100000000	000000000000000	000000000000000	000000000000000000	0000000010000000000	000001000000010000
000000001101001110000	000100000000000	000000000000100	100001000100000100	0000000000000000000	000000000000000000
000000001101001110000	000100000000000	000000000000100	100001000100000100	0000000000001000000	000000000000000000
000000000000100000000	000000000000000	000000000000000	000000000000000000	0000000010000000000	000001000000010000
000100010001000000000	000000100000000	100000001100000	000000000000000010	0000111000000000010	000000001000000000
000000001101000110000	000000001000000	000000000000100	100001010100000100	0000000000000000000	100000000000000000
000000000000100000000	000000000000000	000000000000000	000000000000000000	0000000010000000000	000001000000010000
000000001001000100000	000000000000000	000000000000000	100101000001000100	0000000000010000000	000100100000000000
000000001101001110000	000100000000000	000000000000100	100001000100000100	0000000000000000000	000000000000000000
000100000001000000000	000000100000000	100000001000000	000000000000000010	0000111000000000010	000000001000000000
000100000001010000000	000000100000000	100000001001000	000000000000000010	0000111000000000010	000000001000000000
000000000000000000000	000000010000000	010001000000000	001000000000000000	0000000000000100000	000000000001000000
000000001001000100000	010000000000000	000000000000000	100101000010000100	0010000000000000100	000000000010000000
000000001101001110000	000100000000000	000000000000100	100001000100000100	0000000000001000000	000000000000000000
000000001001000100000	000000000000000	000000100000100	100001000100000100	0000000000000000000	000000000000000000
000000001001000100000	010000000000000	000000000000000	100101100000000100	0000000000000000000	000000000010001000
000000000000000000000	000000010000000	010001000000000	001000000000000000	0000000000000100000	000000000000000000
000000101001000100000	000000000010100	000000000000000	100001000000000100	0000000001000000000	000000000000000000
000001000000100000000	000010000000000	000000000000000	000000000000000000	0000000010000000000	001011000000010000
000000001101000110000	000000000000000	000000000000100	100001010100000100	0000000000000000000	100000000000000000
000000001001000100000	000000000000000	000000000000000	100101000001000100	0000000000000000001	000100100000000000
000000000000000000000	000000010000000	010001000000000	001000000000000000	0000000000000100000	010000000000000100
000100000001000000000	000000100000000	100000001000000	000000000000000010	0000111000000000010	000000001000000000
000000000000000000000	000000010000000	010001000000000	001000000000000000	0000000000000100000	000000000000000000
000000001001000100000	000000000000000	000000000000000	100101000001000100	0000000000000000000	000100100000000000
000000101001000100000	000000000010100	000000000000000	100001000000000100	0000000001000000000	000000000000100000
000000000000000000000	000000010000000	010001000000000	001000000000000000	0000000000000100000	000000000000000001
000000001001000100000	000000000000000	000000000000000	100101000001000100	0001000000000000001	000100100000000000
000000000000000000100	000001000000010	000100000000000	000010001000000000	0000000000000000000	000000000100000010
000100000001000000000	000000100000000	100000001000000	000000000000000010	0000111000000000010	000000001000000000
000000001001000100000	000000000000000	000000000000000	100101000001000100	0000000000000000000	000100100000000000
000001000000100000000	000010000000000	000000000000000	000000000000000000	0000000010000000000	001011000000010000
000000000000000000010	000000000000000	000100000000000	000000001000000000	0000000000000000000	000000010000000010
000000000000000000010	000000000000000	000100000000000	000000001000000000	0000000000000000000	000000010000000010
000001000000100000000	000010000000000	000000000000000	000000000000000000	0000000010000000000	001011000000010000
000000001101000110000	000000000000000	000000000000100	100001010100000100	0000000000000000000	100000000000000000
000000000000000000000	000000010000000	010001000000000	001000000000000000	0000000000000100000	000000000000000000
000010000000000000000	000000010000000	010001000000000	001000000000000000	0000000000000100000	000000000000000000
000000000000000000000	000001000000010	000110000000000	000010001000000000	0000000000000000000	000000000100000010
000000001101001110000	000100000000000	000000000000100	100001000100000100	0000000000000000000	000000000000000000
000000000000000000000	000001000000010	001100000000000	000010001000000000	0000000000000000000	000000000100000010
000000000000000000000	000000010000000	010001000000000	001000000000000000	0000000000000100000	000000000000000000
000001000000100000000	000010000000000	000000000000000	000000000000000000	0000000010000000000	001011000000010000
000000000000000000000	000000010000000	010001000000000	001000000000000000	0000000000000100000	000000000000000000
100000101001000100000	000000000010100	000000000000000	100001000000001100	0000000001000000000	000000000000000000
000000001101001110000	000100000000000	000000000000100	100001000100000100	0000000000000000000	000000000000000000
010000000000100000000	000000000000000	000000000000000	000000000000000000	0000000010000000000	000001000000010000
000000000000000000010	000000000000000	000100000000000	000000001000000000	0000000000000000000	000000010000000010
000000000000000000000	000001000000010	000100000000000	000010001000000000	0000000000000000000	000000000100000010
000100000001000000000	000000100000000	100000001000000	000000000000000010	0000111000000000010	000000001000000000
000000001001000100001	000000000000000	000000100000100	100001000100000100	0000000000000000000	000000000000000000
100000101001000100000	000000000010100	000000000000000	100001000000001100	0000000001000000000	000000000000000000
000000001001000100000	000000000000000	000000100000100	100001000100000100	0000000000000000000	000000000000000000
000001000000100000000	000010000000000	000000000000000	000000000000000000	0000000010000000000	001011000000010000
000100000001000000000	000000100000000	100000001000000	000000000000010010	0000111000000000010	000000001000000000
100000101001000101000	000000000010100	000000000000000	100001000000001100	0000000001000000000	000000000000000000
000000001001000100000	000000000000000	000000000000000	100101000001000100	0000000000000000000	000100100000000000
000000001001000100000	000000000000000	000000000000000	100101000001000100	0000000000000000000	000100100000000000
000000000000000000000	000001000000010	000110000000000	000010001000000000	0000000000000000000	000000000100000010
000000000000000000000	000001000000010	000100000000000	000010001000000000	0000000000000000000	000000000100000010
000000001001000100000	011000000000000	000000000000000	100101000010000100	0010000000000000100	000000000010000000
000100000001000000000	000000100000000	100000001000000	000000000000000010	0000111000000000010	000000001000000000
000001000000100000000	000010000000000	000000000000000	000000000000000000	0000000010000000000	001011000000010000
000000000000000000010	000000000000000	000100000000000	000000001000000000	0000000000000000000	000000010000000010
000000001001000100000	000000000000000	000000100000100	100001000100000100	0000000000000000000	000000000000000000
000000001001000100000	000000000000000	000000000000000	100101000001000100	0000000000000000001	000100100000000000
000000000000000000000	000000010000000	010001000000000	001000000000000000	0000000000000100000	000000000000000000
000001000000100000000	000010000000000	000000000000000	000000000000000000	0000000010000000000	001011000000010000
000000101001000100000	000000000010100	000000000000000	100001000000000100	0000000001000000000	000000000000000000
000000000000000000000	000000010000000	010001000000000	001000000000000000	0000000000000100000	000000000000000000
000000001101000110000	000000000000000	000000000000100	100001010100000100	0000000000000000000	100000000000000000
000000001001000100000	010000000000000	000000000000000	100101000010000100	0010000000000000100	000000000010000000
000000000000000000010	000000000000000	000100000000000	000000001000000000	0000000000000000000	000000010000000010
000000000000000000000	000000010000000	010001000000001	001000000000000000	0000000000000100000	000000000000000100
000000000000000000010	000000000000000	000100000000000	000000001000000000	0000000000000000000	000000010000000010
000000000000000000000	000000010000000	010001000000000	001000000000000000	0000000000000100000	010000000000000100
000000001001000100000	010000000100000	000000000000000	100101100000000100	0000000000000000000	000000000010001000
000000001001000100000	010000000000000	000000000000000	100101000010000100	0010000000000000100	000000000010000000
000100000001000000000	000000100000000	100000011000000	000000000000000010	0000111000000000010	000000001000000000
000000001001000100000	000000000000000	000000100000100	100001000100000100	0000000000000000000	000000000000000000
000000000000000000000	000000010000000	010001000000000	001000000000000000	0000000000000100000	000000000000000000
000000101001000100000	000000000010101	000000000000000	100001000000000100	0000000001000000000	000000000000000000
000000000000000000010	000000000000000	000100000000000	000000001000000000	0000000000000000000	000000010000000010
000000101001000100000	000000000010100	000000000000000	100001000000000100	0000000001000000000	000000000000000000
000000101001000100000	000000000010101	000000000000000	100001000000000100	0100000001000000000	000000000000000000
010000000000100000000	000000000001000	000000000000000	010000000000000000	0000000010000000000	000001000000010000
000000000000000000000	000000010000000	010001000000000	001000000000000000	0000000000000100000	000000000001000000
000000001001000100000	000000000000000	000000000000000	100101000001000100	0000000000000000000	000100100000000000
000000000000000000000	000000010000000	010001000000000	001000000000000000	0000000000100100000	000000000000000000
000100000001000000000	000000100000000	100000001000000	000000000000100010	0000111000000000010	000000001000000000
000100000001000000000	000000100000000	100000001000000	000000000000000010	0000111000000000010	000000001000000000
000000000000000000010	000000000000000	000100000000000	000000001000000000	0000000000000000000	000000010000000010
000100000001000000000	000000100000000	100000001000000	000000000000000010	0000111000000000010	000000001000000000
000000001101000110000	000000000000000	000000000000100	100001010100000100	0000000000000000000	100000000000000000
000000000000000000000	000000010000000	010001000000010	001000000000000000	0000000000000100000	000000000000000000
000100000001000000000	000000100000000	100000001000000	000000000000000010	0000111000000000010	000000001000000000
000000001101001110000	000100000000000	000000000000100	100001000100000100	0000000000001000000	000000000000000000
000000001001000100000	000000000000000	000000000000000	100101000001000100	0000000000000000000	000100100000000000
000000000000000000000	000001000000010	000100000000000	000010001000000000	0000000000000000000	000000000100000010
000000001001000100000	010000000000000	000000000000000	100101000010000100	0010000000000000100	000000000010000000
000000000000000000000	000000010000000	010001000000000	001000000000000000	0000000000000100000	000000000000000000
000000000000100000000	000000000000000	000000000000000	000000000000000000	0000000010000000000	000001000000010000
000100000001000000000	000000100000000	100000001000000	000000000000000010	0000111000000000010	000000001000000000
000000001001000100000	000000000000000	000000000000000	100101000001000100	0000000000000000000	000100100000000000
000000000000000000000	000000010000000	010001000000000	001000000000000000	0000000000000100000	000000000001000000
000001000000100000000	000010000000000	000000000000000	000000000000000000	0000000010000000000	001011000000010000
000000000000000000000	000001000000010	000100000000000	000010001000000000	0000000000000000000	000000000100000010
000000001001000100000	100000000000000	000000000000100	100001000100000100	0000000000000011000	000000000000000000
000000001001000100000	000000000000000	000000000000000	100101000001000100	0000000000000000001	000100100000000000
000000001001000100000	010000000000000	000000000000000	100101100000000100	0000000000000000000	000000000010001000
000000001101000110000	000000000000000	000000000000100	100001010100000100	0000000000000000000	100000000000000000
001000001101000110000	000000000000000	000000000000100	100001010100000100	0000000000000000000	100000000000000000
000000001101000110000	000000000000000	000000000000100	100001010100000100	0000000000000000000	100000000000000000
001000001101000110000	000000000000000	000000000000100	100001010100000100	0000000000000000000	100000000000000000
000000000000000000000	000000010000000	010001000000000	001000000000000000	0000000000000100000	000000000000000000
000000000000100000000	000000000000000	000000000000000	000000000000000000	0000000010000000000	000001000000010000
000000000000000000010	000000000000000	000100000000000	000000001000000000	0000000000000000000	000000010000000010
000000000000000000000	000001000000010	000100000000000	000010001000000000	0000000000000000000	000000000100000010
000000000000000000010	000000000000000	000100000000000	000000001000000000	0000000000000000000	000000010000000010
000000000000100000000	000000000000000	000000000000000	000000000000000000	0000000010000000000	000001000000010000
000000001001000100000	000000000000000	000000000000100	100001000100000100	0000000000000010000	000000000000000000
000000101001000100000	000000000010100	000000000010000	100001000000000100	0000000001000000000	000000000000000000
000000001001000100000	000000000000000	000000100000100	100001000100000100	0000000000000000000	000000000000000000
000000001001000100000	000000000000000	000000000000000	100101000001000100	0000000000000000000	000100100000000000
000000001101001110000	000100000000000	000000000000100	100001000100000100	0000000000000000000	000000000000000000
000000000000100000000	000000000000000	000000000000000	000000000000000000	0000000010000000000	000001000000010000
000100000001000000000	000000100000000	100000001000000	000000000000000010	0000111000000000010	000000001000000000
001000001101000110000	000000000000000	000000000000100	100001010100000100	0000000000000000000	100000000000000000
000000000000100000000	000000000000000	000000000000000	000000000000000000	0000000010000000000	000001000000010000
000000001101000110000	000000000000000	000000000000100	100001010100000100	0000000000000000000	100000000000000000
000000000000000000000	000000010000000	010001000000000	001000000000000000	0000000000000100000	010000000000000100
000000000010000000000	000001000000010	000100000000000	000010001000000001	1000000100000000000	000000000100000010
000100000001000000000	000000100000000	100000001000000	000000000000100010	0000111000000000010	000000001000000000
000000001001000100000	010000000000000	000000000000000	100101100000000100	0000000000000000000	000000000010001000
000000101001000100000	000000000010100	000000000000000	100001000000000100	0000000001000000000	000000000000100000
000100000001010000000	000000100000000	100000001000000	000000000000000010	0000111000000000010	000000001000000000
000100000001010000000	000000100000000	100000001001000	000000000000000010	0000111000000000010	000000001000000000
000000000000000000000	000000010000000	010001000000000	001000000000000000	0000000000000100000	000000000000000000
000000001001000100000	000000000000000	000000000000000	100101000001000100	0000000000000000000	000100100000000000
000000101001000100000	000000000010100	000000000000000	100001000000000100	0000000001000000000	000000000000000000
000001000000100000000	000010000000000	000000000000000	000000000000000000	0000000010000000000	001011000000010000
000000001101000110000	000000000000000	000000000000100	100001010100000100	0000000000000000000	100000000000000000
000000001001000100000	000000000000000	000000000000100	100001000100000100	0000000000000010000	000000000000000000
000000001101001110000	000100000000000	000000000000100	100001000100000100	0000000000000000000	000000000000000000
000100000001000000000	000000100000000	100000001000000	000000000000000010	0000111000000000010	000000001000000000
000100000001000000000	000000100000000	100000001000000	000000000000000010	0000111000000000010	000000001000000000
000000001001000100000	010000000000000	000000000000000	100101100000000100	0000000000000000000	000000000010001000
000000000000000000000	000001000000010	000100000000000	000010001000000000	0000000000000000000	000000000100000010
000000001101000110000	000000000000000	000000000000100	100001010100000100	0000000000000000000	100000000000000000
000000001001000100000	010000000000000	000000000000000	100101100000000100	0000000000000000000	000000000010001000
