00001000000000000	0001000000000001000000000	000000000001000	0010000000010000000	00000000000000000000	00000000000000000000000000000
00001000000000000	0000000000000001000000000	000000000001000	1010000000010000000	00000000000000000000	00000000000000000000000000000
00001000000000000	0000000000000001000000000	000000000001000	1010000000010000000	00000000000000001000	00000000000000000000000000000
00000000000000000	0000000000000100000000000	000000000000100	0101000000100000000	00001000000000000000	00000001000110000000000000000
00001000000000000	0000000000000001000000000	000000010001000	0010000000010000000	00000000000000000000	00000000000000000000000000000
10000100000000000	0000000000000100010000000	100000000000001	0100000000000000000	00000000000010000000	00000000000100000001000001000
00000000000000000	0000000000000100000000010	000100000000000	0000000000001000000	00100000000000000000	00000000000100000100000000000
00010000000001000	0100100000000100000000000	000000000000010	0100000100000000000	00000001000000000000	00000000000100001000000000000
00000010000000000	0000000000000100100000000	000000000000000	0100000000000000000	00001000000000000000	00000000000100000000000000001
00010000000001000	0100100000000100000000000	000000000000010	0100000100000000000	00000001000000000000	00000000000100001000000000000
00010000000001000	0100100000000100000000000	000000000000010	0100001100000000000	00000001000000000000	00000000000100000000000000000
00010000000001000	0100100000000100000000000	000000000000010	0100000100000000000	00000001000000000000	00000000000100001000000000000
00001000000000000	0000000000000001000000000	000000010001000	0010010000010000000	00000000000000000000	00000000000000000000000000000
00001000000000000	0000000000000001000000000	000000010001000	0010000000010000000	00000000000000000000	00000000000000000000000000000
00000000000010000	0010000000000000001000000	000000000000000	0000000000000000000	00000000000000000000	00100000000000000000010100000
00010000000001000	0100100000000100000000000	000000000000010	0100001100000000000	00000001000000000000	00000000000100000000000000000
00010000000001000	0100100000000100000000000	000000000000010	0100001100000000000	00000001000000000000	00000000000100000000000000000
00000000000000000	0000000000000100000000001	000000100000000	0100000000000000000	00001100000000000000	00000101000100000000000000000
00000000000000000	0000000000000100000000000	000000000000000	0101000000100000000	00001000000000000000	00000001000110000000000000000
00010000000001000	0100100000000100000000000	000000000000010	0100000100000000000	00000001000000000000	00000000000100001000000000000
00001000000000000	0000000000000001000000000	000000010001000	0010000000010000000	00000000000000000000	00000000000000000000000000000
00000001000010000	0010000000000000001000000	000000000000000	0000000000000010000	00000000000000000000	00100000000000000000010100000
00010000000001000	0100100000000100000000000	000000000000010	0100001100000000000	00000001000000000000	00000000000100000000000000000
00000000000000000	0000000000000100000000010	000100000000000	0000000000001000000	00100000000000000000	00000000000100000100000000000
00000000000000001	0000000000000000000000000	000010000000000	0000000000000000000	01000000000000000000	00010000001000010000000000000
00000000000010000	0010000000000000001000000	000000000000000	0000000000000000000	00000000000000000000	00100000000000000000010100000
00010000000001000	0100100000000100000000000	000000000000010	0100000100000000000	00000001000000000000	00000000000100001000000000000
00010000000001000	0100100000000100000000000	000000000000010	0100001100000000000	00000001000000000000	00000000000100000000000000000
00001000000000000	0000000000000001000000000	000000010001000	0010000000010000000	00000000000000000000	00000000000000000000000000000
00010000100001000	0100100000000110000000000	000000000000010	0100000100000000000	00000001000000000000	00000000000100001000000000000
00000000001000000	0000000000011100000000000	000000000000000	0000000000000000000	00100000000000000000	00000000000101000000000000000
00000000000000000	0000000000000100000000000	000000000000000	0101000000100000000	00001000000000000000	00000001000110000000000000000
00000000000000001	0000000000000000000000000	000010000000000	0000000000000000000	01000000000000000000	00010000001000010000000000000
00000000000000000	0000000000000100000000000	000000000000100	0101000000100000000	00001000000000000000	00000001000110000000000000000
00000000000010000	0010000000000000001000000	000000000000000	0000000000000000000	00000000000000000000	00100000000000000000010100000
00000000000000001	0000000000000000000000000	000010000000000	0000000000000000000	01000000000000000000	00010000001000010000000000000
00000000000000000	0000000010000100010000000	000000000000001	0100000000000000000	00000000000010000000	00000000000100000001000001000
00010000000001000	0100100000000100000000000	000000000000010	0100001100000000000	00000001000000000000	00000000000100000000000000000
00000000000000000	0000000010000100010000000	000000000000001	0100000000000000000	00000000000010000000	00000000000100000001000001000
00001000000000000	0000000000000001000000000	000000010001000	0010000000010100000	00000000000000000000	00000000000000000000000000000
00010000000001000	0100100000000100000000000	000000000000010	0100000100000000000	00000001000000000000	00000000000100001000000000000
00001000000000000	0000000000000001000000000	000000000001000	1010000000010000000	00000000000000001000	00000000000000000000000000000
00000000000000001	0000000000000000000000000	000010000000000	0000000000000000000	01000000000000000000	00010000001000010000000000000
00000000000000000	0000000000000100000000000	000000000000100	0101000000100000000	00001000000000000000	00000001000110000000000000000
00000000000010000	0010000000000000001000000	000000000000000	0000000000000000000	00000000000000000000	00100000000000000000010100000
00000000000000000	0000000010000100010000000	000000000000001	0100000000000000000	00000000000010000000	00000000000100000001000001000
00001000010000000	0000010000000001000000000	000000000001000	0010000000010000000	00000010000000000000	10000000000000000000000000000
00000000000000000	0000000000000100000000010	000100000000000	0000000000001000000	00100000000000000000	00000000000100000000000000000
00010000000001000	0100100000000100000000000	000000000000010	0100000100000000000	00000001000000000000	00000000000100001000000000000
00000000000000000	0000000010000100010000000	000000000000001	0100000000000000000	00000000000010000000	01000000000100000001000001000
00000000000000001	0000000000000000000000000	000010000000000	0000000000000000000	01000000000000000000	00010000001000010000000000000
00000000000000000	0000000000000100000000010	000100000000000	0000000000001000000	00100000000000000000	00000000000100000000000000000
00000000000000000	0000000000000100010000000	000000000000001	0100000000000000000	00000000000010000000	00000000000100000001000001000
00001000000000000	0000000000000001000000000	000000010001000	0010000000010000000	00000000000000000000	00000000000000000000000000000
00010000000001000	0100100001000100000000000	000000000000010	0100001100000000000	00000001000000000000	00000000010100000000000000000
00001000000000000	0001000000000001000000000	000000000001000	0010000000010000000	00000000000000000000	00000000000000000000000000000
00001000000000000	0000000000000001000000000	000000010001000	0010000000010100000	00000000000000000000	00000000000000000000000000000
00000000000000000	0000000010000100010000000	000000000000001	0100000000000000000	00000000000010000000	00000000000100000001000001000
00010000000001000	0100100000000100000000000	000000000000010	0100001100000000000	00000001000000000000	00000000010100000000000000000
00000000000000000	0000001010000100010000000	000000000000001	0100000000000000000	00000000000010000000	00000000000100000001000001000
00000001000010000	0010000000000000001000000	000000000000000	0000000000000010000	00000000000000000000	00100000000000000000010100000
00010000100001000	0100100000000110000000000	000000000000010	0100000100000000000	00000001000000000000	00000000000100001000000000000
00010000000001000	0100100000000100000000000	000000000000010	0100001100000000000	00000001000000000000	00000000010100000000000000000
00001000000100000	0000000000000001000000000	010000000001000	0010100000010000000	00000000000000000000	00000000000000000000000000000
00000000000010000	0010000000000000001000000	000000000000000	0000000000000000000	00000000000000000000	00100000000000000000010100000
00000000000000000	0000000000000100000000000	000000000000000	0101000000100000000	00001000000000000000	00000001000110000000000000000
00000000000000001	0000000000000000000000000	000010000000000	0000000000000000000	01000000000000000000	00010000001000010000000000000
00001000000000000	0000000000000001000000000	000000000001000	0010000000010000000	00000000001000000000	00000000000000000010000000000
00000000000000001	0000000000000000000000000	000010000000000	0000000000000000000	01000000000000000000	00010000001000010000000000000
00000000000000000	0000000000000100000000000	000000000000000	0101000000000000000	00001000000000000000	00001011000110000000000000000
00000000000000000	0000000010000100010000000	000000000000001	0100000000000000000	10000000000010000000	00000000000100000001000001000
00001000000000000	0001000000000001000000000	000000000001000	0010000000010000000	00000000000000000000	00000000000000000000000000000
00000000000000000	0000000000000100000000010	000100000000000	0000000000001000000	00100000000000000000	00000000000100000000000000000
00001000000000000	0000000000000001000000000	000000000001000	1010000000010000000	00000000000000000000	00000000000000000000000000000
00001000000000000	0000000000000001000000000	000000010001000	0010000000010000000	00000000000000000000	00000000000000000000000000000
00000000000010000	0010000000000000001000000	000000000000000	0000000000000000000	00000000000000000000	00100000000000000000010100000
00001000000000000	0001000000000001000000000	000000000001000	0010000000010000000	00000000000000000000	00000000000000000000000000000
00000000000000000	0000000000000100000000000	000000000000000	0101000000100000000	00001000000000000000	00000001000110000000000000000
00001000000000000	0000000000000001000000000	000000000001000	1010000000010000000	00000000000000001000	00000000000000000000000000000
00001000000000000	0000000000000001000000000	000000010001000	0010000000010100000	00000000000000000000	00000000000000000000000000000
00001000000000000	0000000000000001000000000	000000010001000	0010000000010000000	00000000000000000000	00000000000000000000000000000
00010000000001000	0100100000000100000000000	000000000000010	0100000100000000000	00000001000000000000	00000000000100001000000000000
00001000000000000	0000000000000001000000000	000000010001000	0010000000010000000	00000000000000000000	00000000000000000000000000000
00000000000000000	0000000000000100000000000	000000000000100	0101000000100000000	00001000000000000000	00000001000110000000000000000
00001000000000000	0000000000000001000000000	000000000001000	1010000000010000000	00000000000000001000	00000000000000000000000000000
00000000000000000	0000000010000100010000000	000000000000001	0100000000000000000	00000000000010000000	00000000000100000001000001000
00000000000000000	0000000010000100010000000	000000000000001	0100000010000000000	00000000000010000000	00000000000100000001000001000
00001000000000000	0000000000000001000000000	000000010001000	0010010000010000000	00000000000000000000	00000000000000000000000000000
00001000000000000	0000000000000001000000000	000000000001000	0010000000010000000	00000000001000000000	00000000000000000010000000000
00000001000010000	0010000000000000001000000	000000000000000	0000000000000010000	00000000000000000000	00100000000000000000010100000
00010000000001000	0100100000000100000000000	000000000000010	0100000100000000000	00000001000000000000	00000000000100001000000000100
00010000000001000	0100100000000100000000000	000000000000010	0100001100000000000	00000001000000000000	00000000010100000000000000000
00001000000000000	0000000000000001000000000	000000010001000	0010000000010000000	00000000000000000000	00000000000000000000000000000
00001000000000000	1000010000000001000000000	000000000001000	0010000000010000000	00000010000000000000	00000000000000000000000000000
00001000000000000	0000000000000001000001000	000000010001000	0010010000010000000	00000000000000000000	00000000000000000000000000000
00000010000000000	0000000000000100100000000	000000000000000	0100000000000000000	00001000000000000000	00000000000100000000000000001
00001000000000000	0000000000000001000000000	000000000001000	0010000000010000000	00000000001000000000	00000000000000000010000000000
00000000000000000	0000000000000100000000000	000000000000000	0101000000000000000	00001000000000010000	00000011000110000000000000000
00010000000001000	0100100000000100000000000	000000000000010	0100000100000000000	00000001010000000000	00000000000100001000000000000
00000000000000110	0000000100000000000100000	001000001100000	0000000000000000001	00010000000100000011	00000000000000100000101000000
00001000000000000	0000000000000001000000000	000000010001000	0010000000010000000	00000000000000000000	00000000000000000000000000000
00000000000000000	0000000000000100000000000	000000000000100	0101000000100000000	00001000000000000000	00000001000110000000000000000
00001000000000000	0000000000000001000000000	000000000001000	1010000000010000000	00000000000000001000	00000000000000000000000000000
01100000000000000	0000000000100000000000100	000000000010000	0000000000000000000	00000000000001100000	00000000100000000000000010010
00000010000000000	0000000000000100100000000	000000000000000	0100000000000000000	00001000000000000000	00000000000100000000000000001
01100000000000000	0000000000100000000000100	000000000010000	0000000000000000000	00000000000001100000	00000000100000000000000010010
00000000000000000	0000100000000100000000000	000000000000000	0100000100000000100	00000001100000000100	00000000000100000000000000000
00010000000001000	0100100000000100000000000	000000000000010	0100000100000000000	00000001000000000000	00000000000100001000000000000
00001000000000000	0000000000000001000000000	000000000001000	1010000000010000000	00000000000000000000	00000000000000000000000000000
00001000000000000	0000000000000001000000000	000000000001000	1010000000010000000	00000000000000000000	00000000000000000000000000000
00000001000010000	0010000000000000001000000	000000000000000	0000000000000010000	00000000000000000000	00100000000000000000010100000
00000000000000000	0000000000000100000000000	000000000000000	0101000000100000000	00001000000000000000	00000001000110000000000000000
00001000000000000	0000010000000001000000000	000000000001000	0010000000010000000	00000010000000000000	00000000000000000000000000000
00010000000001000	0100100000000100000000000	000000000000010	0100001100000000000	00000001000000000000	00000000000100000000000000000
00001000000100000	0000000000000001000000000	010000000001000	0010100000010000000	00000000000000000000	00000000000000000000000000000
00001000000000000	0000000000000001000000000	000000000001000	0010000000010000000	00000000001000000000	00000000000000000010000000000
00001000000000000	0000000000000001000000000	000000000001000	0010000000010000000	00000000001000000000	00000000000000000010000000000
00000001000010000	0010000000000000001000000	000000000000000	0000000000000010000	00000000000000000000	00100000000000000000010100000
00000000000000001	0000000000000000000000000	000010000000000	0000000000000000000	01000000000000000000	00010000001000010000000000000
00000000000000000	0000100000000100000000000	000000000000000	0100000100000001100	00000001100000000100	00000000000100000000000000000
00001000000000000	0000000000000001000000000	000000000001000	0010000000010000000	00000000001000000000	00000000000000000010000000000
00000000000000001	0000000000000000000000000	000010000000000	0000000000000000000	01000000000000000000	00010000001000010000000000000
00001000000000000	0000000000000001000000000	000000000001000	1010000000010000000	00000000000000001000	00000000000000000000000000000
00001000000000000	0000000000000001000000000	000000010001000	0010000000010000000	00000000000000000000	00000000000000000000000000000
00000000000000001	0000000000000000000000000	000010000000000	0000000000000000010	01000000000000000000	00010000001000010000000000000
00001000000000000	0000000000000001000000000	000000010001000	0010000000010000000	00000000000000000000	00000000000000000000000000000
00000010000000000	0000000000000100100000000	000000000000000	0100000000000000000	00001000000000000000	00000000000100000000000000001
00001000000000000	0000000000000001000000000	000000010001000	0010000000010000000	00000000000000000000	00000000000000000000000000000
00010000000001000	0100100000000100000000000	000000000000010	0100000100000000000	00000001000000000000	00000000000100001000000000000
00010000000001000	0100100000000100000000000	000000000000010	0100001100000000000	00000001000000000000	00000000000100000000000000000
00000000000000001	0000000000000000000000000	000010000000000	0000000000000000000	01000000000000000000	00010000001000010000000000000
00001000000000000	0000000000000001000000000	000000010001000	0010010000010000000	00000000000000000000	00000000000000000000000000000
00000000000000000	0000000000000100000010000	000000000000000	0101000000000000000	00001000000000000000	00000001000110000000000000000
00000000000000001	0000000000000000000000000	000010000000000	0000000000000000000	01000000000000000000	00010000001000010000000000000
00000000000000000	0000000010000100010000000	000000000000001	0100000000000000000	00000000000010000000	00000000000100000001000001000
00000000000000000	0000000010000100010000000	000000000000001	0100000000000000000	00000000000010000000	00000000000100000001000001000
00001000000000000	0000000000000001000000000	000001000001000	1010000000010000000	00000000000000001000	00000000000000000000000000000
00010000000001000	0100100000000100000000000	000000000000010	0100001100000000000	00000001000000000000	00000000000100000000000000000
00000000000010000	0010000000000000001000000	000000000000000	0000000000000000000	00000000000000000000	00100000000000000000010100000
00001000000000000	0000010000000001000000000	000000000001000	0010000000010000000	00000010000000000000	00000000000000000000000000000
00001000000000000	0000000000000001000000000	000000010001000	0010010000010000000	00000000000000000000	00000000000000000000000000000
00000000000010000	0010000000000000001000000	000000000000000	0000000001000000000	00000000000000000000	00100000000000000000010100000
00001000000000000	0000000000000001000000000	000000010001000	0010000000010000000	00000000000000000000	00000000000000000000000000000
00000000000000000	0000000000000100010000000	000000000000001	0100000000000000000	00000000000010000000	00000000000100000001000001000
00000000000000000	0000000000000100000000000	000000000000000	0101000000100000000	00001000000000000000	00000001000110000000000000000
00000000000000000	0000000010000100010000000	000000000000001	0100000000000000000	00000000000010000000	00000000000100000001000001000
00000010000000000	0000000000000100100000000	000000000000000	0100000000000000000	00001000000000000000	00000000000100000000000000001
00000000000000000	0000000000000100000000000	000000000000000	0101000000100000000	00001000000000000000	00000001000110000000000000000
00000000000000000	0000000000000100000000000	000000000000000	0101000000100000000	00001000000000000000	00000001000110000000000000000
00000010000000000	0000000000000100100000000	000000000000000	0100000000000000000	00001000000000000000	00000000000100000000000000001
