00000000	00000000000	00000000	0000000000	000000010000	0000001001
00000000	10000000000	00000000	0000000000	000000000000	0000000000
00000001	00000000000	00000000	0000000000	000000000000	0000000000
00000000	00000000010	00000000	0000000000	000000000000	0000000000
00000000	00000000000	00000000	0000000000	000000000000	0000000000
00000000	00000000000	00000000	0000000000	000000000000	0000000000
00000000	00000000000	00000000	0000000000	000000000000	0000000000
00000000	00000000000	00000000	0000000000	000000000000	0000000000
00000000	00000000000	00000000	0000000000	000000000100	0000000010
00000000	00000000000	00000000	1010000000	000000000000	0000000000
00000100	00000000000	00100000	1000000000	000000000000	0000000000
00000000	00000000000	00000000	0000000000	000000000000	0001000000
00000000	00000000000	01000000	0000000000	000000000000	0000000000
00000000	00000000000	00000000	1000000000	000000000000	0000000000
00000000	00100000000	00000000	0000000000	000000000000	0000000000
00000000	00000000000	00000000	1000000000	000000000000	0000000100
00000000	00000000000	00000000	0000000000	000000000000	0000000000
00000000	00000000000	00000000	1000000000	000000000000	0000000000
00000000	00000100000	00000000	0000000000	000000000000	0000000000
00000000	00000000000	00000000	0000000000	001100000000	0000000000
00000000	00000000000	00000000	0000000000	000000000000	0000000000
00000000	00000000000	00000000	0000000000	001100000000	0000000000
00000000	00000000000	00000000	1000000000	000000000000	0000000000
00000000	00000100000	00000000	0000000000	000000000000	0000000000
00000000	00000000000	00000000	0000000000	000000000000	0000000000
00000000	00000000000	00000000	0000000000	000000000000	0000000000
00000000	00000000000	00000000	0000000000	000000000000	0000000000
00000000	00000000000	00000000	0000000010	000000000000	0000000000
00000000	00000000000	00000000	0000000000	000000000000	0000000010
00000000	00100000000	00000000	0000000001	000000000001	0000000000
00000000	00000000000	00000001	0000000000	000000000000	0000000000
00000100	00000000000	00100000	1000000000	000000000000	0000000000
00000000	00000000000	00000000	1000000100	000000000000	0000000000
00000001	00000000000	00000000	0000000000	000000000000	0000000000
00000000	00000000000	00000000	0100100000	000000000000	0000000000
00000100	00000000000	00100000	1000000000	000000000000	0000000000
00000000	00000000000	00000000	1000000000	000000000000	0000000000
00000000	00000000000	10000000	0000000000	000000000000	0000000000
00000000	00000000000	01000000	0000000000	000000000000	0000000000
00000000	00000000000	00000000	0000000000	000000000000	0011000000
00000000	00000000000	00000000	1000000000	000000000000	0000000100
00000000	00000000000	00000000	0000000000	000000000000	0000000000
00000000	00000000010	00000000	0000000000	000000000000	0000000000
00000000	00000000000	00000000	0000000000	000000000000	0000000000
00000100	00000000000	00100010	1000000000	000000000000	0000000000
00000000	00001000000	00000000	0000000000	000000000000	0000000000
00000000	00000000000	00000000	0000000000	100000000000	0000000000
00000000	00000000010	00000000	0000000000	000000000000	0000000000
00000000	00000000000	00000000	0100100000	000000000000	0000000000
10000000	00100000000	00000000	0000000000	000000000000	0000000000
00001000	00000000000	00000000	0000000000	000000000000	0000000000
00000000	00000100000	00000000	0000000000	000000000000	0000000000
00000000	00000000000	00000000	1000000000	000000000000	0000000000
00000000	00000000000	00000000	0000000000	000000000000	0000000000
00000000	00000000000	00000000	0000000000	000000000000	0000000000
00000000	00000000000	00000000	1000000000	000000000000	0000000000
00000000	00000100000	00000000	0000000000	000000000000	0000000000
00000000	00000100000	00000000	0000000000	000000000000	0000000000
00000000	00000000000	00000000	1000000000	000000000000	0000000100
00000000	00000000000	00000000	1000000000	000000000000	0000000000
00000000	00000000000	00000000	0000000000	001100000000	0000000000
00000000	00000000000	00000000	0000000000	000000000000	0000000000
00000000	01000000000	00000000	0000000000	000000000000	0000000000
00010000	00000000000	00000100	0000000000	000000000000	0000000000
00000000	00000000010	00000000	0000000000	000000000000	0000000000
00000000	00000000000	00000000	0100100000	000000000000	0000000000
00000000	00000000000	10000000	0000000000	000000000000	0000000000
00000000	00000000000	00000000	0001000000	000000000000	0000000000
00001000	00000000000	00000000	0000000000	000000000000	0000100000
00000000	00100000000	00000000	0000000001	000000000001	0000000000
00000000	00000000010	00000000	0000000000	000001100000	0000000000
00000000	00000000000	01000000	0000000000	000000000000	0000000000
00000000	00000000000	00000000	1000000000	000000000000	0000000000
00100000	00000000000	00000000	1000000000	000000000000	0000000100
00000000	00000000000	00000000	0000000000	000000000000	0000000000
00000000	00000000000	00000000	0000000000	000000000000	0000000000
00000000	00000000000	00000000	0000000000	001100000000	0000000000
00000000	00000000000	00000000	0000000010	000000000000	0000000000
00000000	00000000000	00000000	1010000000	000000000000	0000000000
00000000	00000000000	01000000	0000000000	000000000000	0000000000
00000000	00000000010	00000000	0000000000	000000000000	0000000000
00000000	00000000010	00000000	0000000000	010000000000	0000000000
00000000	00000000000	00000000	1000000000	000000001000	0000000000
00000000	00000000000	00010000	0000000000	000100000000	0000000000
00000000	00000000000	00000000	0000000010	000000000000	0000000000
00000000	00000000000	00000000	0000000000	000000000000	0000000000
00000000	00000000000	00000000	1000000000	000000000000	0000000000
00000000	00000000000	00000000	0000000000	000000000000	0000000000
00000000	00000000000	00000001	0000000000	000000000000	0000000000
00100000	00000000000	00000000	1000000000	000000000000	0000000100
00000000	00000000000	00000000	1000000000	000000000000	0000000000
00000000	00000001000	00000000	0000000000	000000000000	0000000000
00000000	00000000000	00000000	1000000000	000000001000	0000000000
00000000	00000000000	00000000	0000000000	000000000000	0000000000
00000000	00000000000	00000000	0000000000	000000010000	0000001001
00000000	00000000000	01000000	0000000000	000000000000	0000000000
00000000	00000100000	00000000	0000000000	000000000000	0000000000
00000000	00000000000	00000000	1000000000	000000000000	0000000000
00000000	00000000000	00000000	1000000000	000000000000	0000000000
00000000	00000000000	00000000	0000000000	000000000000	0000000000
00000000	00000000000	00000000	0000000000	000000000000	0000000000
00000000	00000000000	00000000	0000100000	000000000000	0000000000
00000000	00010010101	00000000	0000001000	000000000000	0000000000
00000000	00000000000	00000000	0000000000	000000000000	0000000010
00000000	00100000000	00000000	0000000001	000000000001	0000000000
00000000	00000100000	00000000	0000000000	000000000000	0000000000
00001000	00000000000	00000000	0000000000	000000000000	0000100000
00000001	00000000000	00000000	0000000000	000000000000	0000000000
00000000	00000000000	00000100	0000010000	000000000000	0100000000
00000100	00000000000	00100000	1000000000	000000000000	0000000000
00000000	01000000000	00000000	0000000000	000000000000	0000000000
00000000	00000000000	00001100	0000000000	000000000000	0000000000
00000000	00000000010	00000000	0000000000	000001100000	0000000000
00000000	00000000000	00000000	0000000000	000000000000	0000000000
00000010	00000000000	00000000	0000000000	000000000000	0000000000
00000000	00000000010	00000000	0000000000	000000000000	0000000000
00000000	00000001000	00000000	0000000000	000000000000	0000000000
00000000	00100000000	00000000	0000000001	000000000001	0000000000
00000000	00000100000	00000000	0000000000	000000000000	0000000000
00000000	00000000000	00000000	0000000000	000000010000	0000001000
00000000	00100000000	00000000	0000000001	000000000001	0000000000
00000000	00000000000	00000000	0000000000	001110000000	0000000000
00000000	00000000000	00000000	0000000000	000000000000	0000010000
01000000	00000000000	01000000	0000000000	000000000000	0000000000
00000000	00000000000	00000000	0000000000	000000010000	0000001001
00000000	00000000000	00000000	0000000010	000000000000	0000000000
00000000	00000000000	01000000	0000000000	000000000000	0000000000
00000000	00000000010	00000000	0000000000	000000000000	0000000000
00000000	10000000000	00000000	0000000000	000000000010	0000000000
00000010	00000000000	00000000	0000000000	000000000000	0000000000
00000000	00000000000	00000000	0000000000	000000000000	0000000000
00000000	00000000000	00000001	0000000000	000000000000	0000000000
00000000	00000001000	00000000	0000000000	000000000000	0000000000
00000000	00000100000	00000000	0000000000	000000000000	0000000000
00000000	00000000000	00000000	1000000000	000000000000	0000000000
00000000	00000100000	00000000	0000000000	000000000000	0000000000
00000000	00000000000	00000000	0000000000	000000010000	0000001000
00000000	00000000000	00000000	0000000000	000000000000	0011000000
00000000	10000000000	00000000	0000000000	000000000000	1000000000
00000000	00000000000	00000000	0000000000	000000000000	0000000000
00000000	00000000000	00000000	1000000000	000000000000	0000000100
00000000	10000000000	00000000	0000000000	000000000000	1000000000
00000000	00000000000	00000000	1000000000	000000000000	0000000000
00000010	00000000000	00000000	0000000000	000000000000	0000000000
00000000	00000001000	00000000	0000000000	000000000000	0000000000
00000000	00000000010	00000000	0000000000	000000000000	0000000000
00100000	00000000000	00000000	1000000000	000000000000	0000000100
00000000	00000000000	01000000	0000000000	000000000000	0000000000
00000000	00010010101	00000000	0000001000	000000000000	0000000000
00000000	00000100000	00000000	0000000000	000000000000	0000000000
