00000000000	0000	00000000000000	000000000	00000000100	0000000000
00000000000	0000	00000000000000	000000000	00000000000	0000000000
00000000000	0000	00000000000000	000000000	00000000100	0000000000
00000000010	0000	00000000000000	000100000	00000000000	0000000000
00000000000	0000	00000000000000	000100000	00000000000	0000000000
00000000000	0000	00000000000000	000101000	00000000000	0000010000
00000000000	0000	00000000000000	000000000	00000000000	0000000000
00000000000	0100	00000000000000	000000000	00000000000	0000100000
00000000000	0000	00000000000000	000000000	00100000010	0000000000
00000000000	0000	00000000000000	000000000	00000000000	0000000000
00000000000	0000	00000000100000	000000000	11000000000	0000000000
10000000000	0000	00000000000000	000000000	00000001000	0000000000
00000000000	0000	00001000000000	000000000	00000000000	0000000000
00000000000	0000	00000000001000	000000000	00000000000	0000000000
10000000000	0000	00000000000000	000000000	00000001000	0000000000
00000000000	0000	00000000000001	000000000	00000000000	0000000000
00000000100	0000	00000001000000	000000000	00000000000	0000000000
00000000000	0000	00000000000000	000000000	11000000000	0000000000
00000000000	0000	00000000000000	000100000	00000000000	0000000000
00000000000	0000	00001000000000	000000000	00000000000	0000000000
00100000000	0000	00000000000000	000000000	00000000000	0000000000
00000000000	0000	00000000000000	000000000	00000100000	0000000010
10000000000	0000	00000000000000	000000000	00000001000	0000000000
00000100000	0001	00000000000000	000000001	00000000000	0000000000
00000000000	0100	00000000000000	000000000	00000000000	0000100000
00000000000	0100	00000000000000	000000000	00000000000	0000100000
00000000000	0000	00000000000000	000000000	00000000000	0000000000
00000000000	0000	00000000000000	000000000	11000000000	0000000000
00000000000	0000	00000000000000	000100000	00000000000	0000000000
00000000000	0010	00000000000000	000000000	00000000000	0000000001
00000000000	0000	00000000000000	010000000	00000000000	0000000000
01000000000	0000	00000000000000	000000000	00001000000	0000000000
00000000000	0000	00000000000000	000000000	00000000000	0000000000
00000000000	0000	00000000000000	000000100	00000000000	0000000000
00000000000	0010	00000000000000	000000000	00000000000	0000000000
00000000000	0000	00000000000000	000000000	00000000000	0000000000
00000000000	0000	00100000000000	000000000	00000000000	0000000000
00000000000	0000	00000000000100	000100000	00000000001	0000000000
00000000000	0000	00100000000000	000000000	00000000000	0000000000
00000000000	0001	00000000000000	000000000	00000000000	0000000000
00000000000	0000	00000000001000	000000000	00000000000	0000000000
00000000000	0000	00000000000000	000000000	00000000000	0000000000
00000000000	0000	00000000000000	000000000	00000000000	0000000000
00000000000	0000	00000000000000	000000000	00000000000	0000000000
00000000000	0000	00000000000000	000000000	00000000000	0000000000
00010000000	0000	00000000000000	000000000	00000000000	0000000000
00000000000	1000	00000000001000	000000000	00000000000	0000000000
00000000000	0000	00000000000000	000000000	00000000000	0000000000
00001000000	0000	00000000001000	000000000	00000000000	0000000000
00000000000	0000	00000000000000	000000000	00000000000	0000000000
00000000000	0000	00000001000000	000000000	00000000000	0000000000
10000000000	0000	00000000000000	000000000	00000001000	0000000000
00000000000	0000	00000000000000	000000000	00000000000	0000000000
00000000000	0000	00000000000000	000000000	00000000000	0000000000
00000000000	0000	01000000000000	000000100	00000000000	0000000000
00000000000	0000	00000000000000	000000000	00000000000	0000000000
00000000000	0001	00000000000000	000000000	00000000000	0000000000
00000000000	0001	00000000000000	000000000	00010000000	0000000000
00000000000	0000	00000000001000	000000000	00000000000	0000000000
00000000000	0000	00000000001000	000000000	00000000000	0000000000
00000000000	0010	00000000000000	000000000	00000000000	0000000000
00000000000	0000	00000000000010	000000100	00000000000	0000000000
00000000000	0000	00000000000000	000000000	00000010000	0000000000
00000000000	0000	00000000000000	000000000	00000000000	0000000000
00000000000	0000	00000000000000	000000000	00000000000	0000000000
00000000000	0000	00000000000000	000000000	00000000000	1000000000
00000000000	0000	00000000000000	000000100	00000000000	0000000000
00000000000	0100	00000000000000	000000000	00000000000	0000100000
00000000000	0000	00000000000000	010000000	00000000000	0000000000
00000000000	0000	00000001000000	000000000	00000000000	0000000100
00000000000	0000	00000001000000	000000000	00000000000	0000000000
00000000000	0000	00000000000000	000000000	00000000000	0000000000
00100000000	0000	00000000000000	000000000	00000000000	0000000000
00000100000	0001	00000000000000	000000001	00000000000	0000000000
00000000000	0000	00000000000000	000101000	00000000000	0000010000
00000000000	0000	00001000000000	000000000	00000000000	0000000000
00000000000	0000	00000000000000	000000000	00001000000	0000000000
00000000000	0000	00000000000001	000000000	00000000000	0000000000
00000000000	0000	00000000000000	000100000	00000000000	0001010000
00000000000	0000	00010000000000	000000000	00000100000	0000000010
00000000000	0000	00100000000000	000000000	00000000000	0000000000
00000000000	0000	00000000000000	000100000	00000000000	0000000000
00000000000	0000	00000000000000	000000000	00000000000	0000000000
00000000000	0000	00000000000000	000000000	11000000000	0000000000
00000000000	0000	00000000000000	000000000	11000000000	0000000000
00000000000	0001	00000000000000	000000000	00010000000	0000000000
00000000000	0000	00000000000000	000000000	00000000000	0000000000
00000000000	0000	00000000000000	000000000	00000000100	0000000000
00000000000	0000	00000000000000	000000000	00000000000	0000000000
10000000000	0000	00000000000000	000000000	00000001000	0000000000
00000000000	0000	00100000000000	000000000	00000000000	0000000000
00000000000	0000	00000000000000	000000000	00000000000	0000000000
00000000000	0000	00000000000000	000000000	00001000000	0000000000
00000000000	0000	00010000000000	000000000	00000100000	0000000010
00000000000	0000	00000000000000	000000000	00000000000	0000000000
00000000000	0000	00000000000000	000000000	00000000000	0000000000
00000000000	0000	00000000000000	000100000	00000000000	0000000000
00000000000	0000	00000000000000	000000100	00000000000	0000000000
00000000000	0000	00000000000000	100000000	00000000000	0000000000
00000000000	0000	00000000000000	000000000	00001000000	0000000000
00000000000	0000	00000000000000	000000100	00000000000	0000000000
00000000000	0000	01000000000000	000000100	00000000000	0000000000
00000000000	0000	00000000000000	000000000	00000100000	0000000010
00000000000	0100	00000000000000	000000000	00000000000	0000100000
00000000000	0000	00000001000000	000000000	00000000000	0000000000
00000000000	0000	00000000000000	000000100	00000000000	0000000000
00000000000	0000	00000000001000	000000000	00000000000	0000000000
00000010000	0000	10000000001000	000000000	00000000000	0000000000
00000000000	0000	00100000000000	000000000	00000000000	0000000000
00000000000	0000	00000000000000	000000100	00000000000	0000000000
00000100000	0001	00000000000000	000000001	00000000000	0000000000
00000000000	0000	00000000000000	000000000	00000100000	0100000010
00000000000	0000	00000000000000	000000100	00000000000	0000000000
00000000000	0000	00000000000000	000000000	00000000000	0000000000
00000000000	0000	00000000000000	000000100	00000000000	0000000000
00000000000	0000	00000000000000	000000000	00000000000	0000000000
00000000000	0000	00000000000000	000000100	00000000000	0000000000
00000000000	0000	00000000000000	000000000	00000100000	0000000010
00000000000	0000	00000000001000	000000000	00000000000	0000000000
00000000000	0000	00000000000000	000000100	00000000000	0000000000
00000000000	0000	00000000000000	000000010	00000000000	0000000000
00000000000	0000	00000000000000	000000000	00000100000	0000000010
00000000000	0000	00000011000000	000000000	00000000000	0000000000
00000000000	0000	00000000000000	000000000	00000000100	0000000000
00000000000	0000	00000000000000	001000000	00000000000	0000000000
00000000000	0000	00100000000000	000000000	00000000000	0010000000
00000001000	0000	00000000000000	000000000	11000000000	0000000000
00000000000	0000	00000000001000	000000000	00000000000	0000000000
00000000000	0000	00000000000000	000010000	00000000000	0000001000
00000000000	0010	00000000000000	000000000	00000000000	0000000000
00000000000	0010	00000000000000	000000000	00000000000	0000000000
00000000000	0001	00000000000000	000000000	00010000000	0000000000
10000000000	0000	00000000000000	000000000	00000001000	0000000000
00000000000	0000	00001000000000	000000000	00000000000	0000000000
00000000000	0000	00000000000000	000000000	00001000000	0000000000
00000000000	0000	00000000000000	000000000	00000000000	0000000000
00000000000	0000	00000000000000	000100000	00000000000	0000000000
00000000000	0000	00001000000000	000000000	00000000000	0000000000
00000001001	0000	00000100000000	000000000	11000000000	0000000000
00000000000	0000	00000000000000	000000000	00000000000	0000000000
00000000000	0000	00000000000000	000000000	11000000000	0000000000
00000000000	0000	00000000001000	000000000	00000000000	0000000000
00010000000	0000	00000000000000	000000000	00000000000	0000000000
00010000000	0000	00000000000000	000000000	00000000000	0000000000
00000000000	0000	00000000000001	000000000	00000000000	0000000000
00010000000	0000	00000000000000	000000000	00000000000	0000000000
00000000000	0000	00000000000100	000100000	00000000001	0000000000
00000000000	0000	00000000000000	000000000	00100000010	0000000000
00000000000	0000	00000000000000	000000000	00000100000	0000000010
00000000000	0000	00000000010000	000000100	00000000000	0000000000
