0000100000000000000	000010000000	0001000000000	1000010000000000000000	000000010000000000	000000000000000000001000100
0000100001000000000	000010000100	0001000000000	0000010000000000000000	000000000000000000	000000000101000000000000000
0000000010000100001	000000000000	0000000000000	0000000000000000000100	000000000000000000	100010000000000100000000000
0001010000000000000	000000000000	0000101000010	0000000000000000000000	000000000000000000	000000000000010000000001000
0000000010000100000	000001000000	0000000000000	0000000000000000000100	000000000000000000	000010000000000100000000000
0001010000000000000	000000000000	0000101000010	0000000000000000000000	000000000000000010	000000000000010000000011000
0001010000000000000	000000000000	0000101000010	0000000000000000000000	000000000000000010	000000000000010000000011000
0001010000000000000	000000000000	0000101000010	0000000000000000000000	000000000000001000	000000000000010000000001000
0001010000000000000	000000000000	0000101000010	0000000000000000000000	000000000000010000	000000000000010000000001000
0000000000000000000	000000001000	1000000000001	0000000000000100000000	000000100000000000	000000000000000010000000000
0000000010000100000	000000000000	0000000000000	0000000000000000000100	000000000000000000	000010000000000100000000000
0001010000000000000	000000000000	0000101000010	0000000000000000000000	000000000000000000	000100000000010000000001000
0000000010000100000	000000000000	0000000000000	0000000000000000000100	000000000000000000	000010000000000100000000000
0001010000000000000	000000000000	0000101000010	0000000000000000000000	010000000010000000	000000000000010000000001000
0000100000000000000	000010000000	0001000000000	1000010000000000000000	000000010000000000	000000000000000000001000100
0001010000000000000	000000000000	0000101000010	0000000000000000000000	000000000000000010	000000000000010000000011000
0000000000000000000	000000000000	0000000000000	0000000000000100000000	001000000000000000	000000000000000010000000000
0000000000000000010	000000000000	0000000001000	0100000000100000001000	000100000000000000	000000100000000001000000000
0000000000000000000	001000000000	0000000001000	0100000100000000000010	000100000000000000	000000100000000001000000011
0000000010000100000	000001000000	0000000000000	0000000000000000000100	000000000000000000	000010000000000100000000000
1000000100000000000	101000000000	0000000101000	0100000100000010000000	000100000000000000	000000100000000001000000010
0001010000000000000	000000000000	0000101000010	0001000000000000000000	010000000000000000	000000000000010000000001000
0010000000000000000	001000000000	0000010001000	0100000100000000000000	000100000000000000	000000100000000001000000010
0010000000000000000	001000000000	0000010001000	0100000100000000000000	000100000000000000	000001100000000001010000010
0000100001000000000	000010000100	0001000000000	0000010000000000000000	000000000001000000	000000000101000000000000000
0000000000000000010	000000000000	0000000001000	0100000000100000001000	000100000000000000	000000100000000001000100000
0001010000000000000	000000000000	0000101000010	0000000000000000000000	000000000000001000	000000000000010000000001000
0000010000000000000	000000000000	0000101000010	0000000000010000000000	000000000000000000	000000000000010000000001000
0000000010000100000	000000000010	0000000000000	0000000000001000000100	000000000000100000	000010000000000100000000000
0000010000000000000	000000000000	0000101000010	0000000000000000000000	000000000000000000	000000000000010000000001000
0001010000000000000	000000000000	0000101000010	0000000000000000000000	000000000000000010	000000000000010000000011000
0001010000000000000	000000000000	0000101000010	0000000000000000000000	000000000000000010	000000000000010000000011000
0000100001000000000	000010000100	0001000000000	0000010000000000000000	000000000000000000	000000000100000000000000000
0000000010000100000	000000000010	0000000000000	0000000000001000000100	000000000000100000	000010000000000100000000000
0000000010000100000	000001000000	0000000000000	0000000000000000000100	000000000000000000	000010000000000100000000000
0000000010000100000	000000000000	0000000000000	0000000000000000000100	000000000000000000	100010010000000100000000000
0001010000000000000	000000000000	0000101000010	0000000000000000000000	010000000000000000	000000000000010000000001000
0000100000000000000	000110000000	0001000000000	1000010000000000000000	000000010000000000	000000000000000000001000100
0000000000000000010	000000000000	0000000001000	0100000000000000000000	000100000000000000	000000100000000001000000000
0000000000000000000	000000000000	0000000000000	0000000001000100000000	001010000000000001	000000000000100010000000000
0001010000000000000	000000000000	0000101000010	0000000000000000000000	000000000000000000	000100000000010000000001000
0000010000000000000	000000000000	0000101000010	0000000000000000000000	000000000000000000	000000000000010000000001000
0000000000000001000	000000000000	0000000000000	0000000000000000000000	000000001000000000	000000100000000001000000000
0001010000000000000	000000000001	0000101000010	0000000000000000000000	010000000000000000	000000000000010000000001000
0000100001000000000	000010000100	0001000000000	0000010000000000000000	000000000000000000	000000000100000000000000000
0000010000000000000	000000000000	0000101000010	0000000000000000000000	000000000000000000	000000000000010000000001000
0000100001000000000	000010000100	0001000000000	0000010000000000000000	000000000000000000	000000000100000000000000000
0001010000000000000	000000000000	0000101000010	0000000010000000000000	000000000000001000	000000000000010000000001000
0001010000001000000	000000000000	0000101000010	0000000000000000000000	000000000000000000	000000000000010000000001000
0001010000000000000	000000000000	0000101000010	0000000000000000000000	000000000000000000	000100000000010000000001000
0000000000000000010	000000000000	0000000001000	0100000000000000000000	000100000000000100	000000100000000001000000000
0000000000000000010	000000000000	0000000001000	0100000000100000001000	000100000000000000	000000100000000001000100000
0000000010000100000	000000000010	0000000000000	0000000000001000000100	000000000000100000	000010000000000100000000000
0000010000000000000	000000000000	0000101000010	0000000000000000000000	000000000000000000	000000000000010000000001000
0001010000000000000	000000010000	0000101000010	0000000000000000000000	000000000000001000	000000000000010000000001000
0000000010000100000	000000000000	0000000000000	0000000000000000000100	000000000000000000	100010000000000100000000000
0001010000000000000	000000000000	0000101000010	0000000000000000000000	000000000000000000	000100000000010000000001000
0000000010000100000	000000000000	0000000000000	0000001000000000000100	000000000000000000	000010000000000100000000000
0001010000000000000	000000000000	0000101000010	0001000000000000000000	010000000000000000	000000000000010000000001000
0000000000000000010	000000000000	0000000001000	0100000000100000001000	000100000000000000	000000100000000001000000000
0001010000000000000	000000000000	0000101000010	0000000000000000000000	000000000000000000	000100000000010000000001000
0001010000000000000	000000000000	0000101000010	0000000000000000000000	000000000000001000	000000000000010000000001000
0000000010000100000	000001000000	0000000000000	0000000000000000000100	000000000000000000	000010000000000100000000000
0000100001000000000	000010000100	0001000000000	0000010000000000000000	000000000000000000	000000000100000000000000000
0000100000000000000	000010000000	0001000000000	1000010000000000010000	000000010000000000	000000000000000000000000100
0000100001000000000	000010100100	0001000000000	0000010000000000000000	000000000000000000	000000000100000000000000000
0001010000000000000	000000000000	0000101000010	0000000000000000000000	000000000000000000	000100000000010000000001000
0000000000000000010	000000000000	0000000001000	0100000000000000000000	000100000000000000	000000100000000001000000000
0000000000000000000	001000000000	0000000101000	0100000100000000000000	000100000000000000	000000100000000001000000010
0000000010000100000	000001000000	0000000000000	0000000000000000000100	000000000000000000	000010000000000100000000000
0000100001000000000	000010000100	0001000000000	0000010000000000000000	000000000001000000	000000000101000000000000000
0000000010000100000	000001000000	0000000000000	0000000000000000000100	000000000000000000	000010000000000100000000000
0000000000000000100	001000000000	0000000001000	0100000100000000000010	000100000000000000	000000100000000001000000011
0010000000000000000	001000000000	0000010001000	0100000100000000000000	000100000000000000	000000100000000001000000010
0000000010000100000	000001000000	0000000000000	0000000000000000000100	000000000000000000	000010000000000100000000000
0000100001000000000	000010000100	0001000000000	0000010000000000000000	000000000000000000	000000000100000000000000000
0000000010000100000	000001000000	0000000000000	0000000000000000000100	000000000000000000	000010000000000100000000000
0001010000001000000	000000000000	0000101000010	0000000000000000000000	000000000000000000	000000000000010000000001000
0001010000000000000	000000000000	0000101000010	0000000000000000000000	000000000000000000	000100000000010000000001000
0000000010000100000	000000000000	0000000000000	0000001000000000000100	000000000000000000	000010000000000100000000000
0000000000000000010	000000000000	0100000001000	0100000000000000000000	000100000000000000	000000100000000001000000000
0000000000000000000	000000000000	0000000000000	0000000000000100000000	001000000000000000	000000000000000010000000000
0001010000000000000	000000000000	0000101000010	0000000010000000000000	000000000000001000	000000000000010000000001000
0001010000000000000	000000000000	0000101000010	0000000000000000000000	000000000000000010	000000000000010000000011000
0001010000000000000	000000000000	0000101000010	0000000000000000000000	000000000000000000	000100000000010000000001000
0001010000000000000	000000000000	0000101000010	0000000000000000000000	000000000100000000	000000000000010000000001000
0000100001000000000	010010000100	0001000000000	0000010000000000000000	000000000000000000	000000000100000000000000000
0001010000000000000	000000000000	0000101000010	0000000000000000000000	000000000000000000	000000000000010000000001000
0001010000000000000	000000000000	0000101000010	0000100000000000000000	010000000000000000	000000000000010000000001000
0000000000000000000	000000001000	1000000000001	0000000000000100000000	000000100000000000	000000000000000010000000000
0000000010000100000	000000000000	0000000000000	0000000000000000000100	000000000000000000	000010000000000100000000000
0000000010000100000	000001000000	0000000000000	0000000000000000000100	000000000000000000	000010000000000100000000000
0000000000010000000	000000000000	0000000000000	0000000000000100000000	001000000000000000	000000000000000010000000000
0000100000000000000	000110000000	0001000000000	1000010000000000000000	000000010000000000	000000000000000000001000100
0000000000000000010	000000000000	0000000001000	0100000000000000000000	000100000000000000	010000100000000001000000000
0000000010000100000	000001000000	0000000000000	0000000000000000000100	000000000000000000	000010000000000100000000000
0001010000000000000	000000000000	0000101000010	0000000000000000000000	000000000000001000	000000000000010000000001000
1000000000000000000	101000000000	0000000101000	0100000100000010000000	000100000000000000	000000100000000001000000010
0001010000000000000	000000000000	0000101000010	0000000000000000000000	000000000000000010	000000000000010000000011000
0000000010000100000	000001000000	0000000000000	0000000000000000000100	000000000000000000	000010000000000100000000000
0010000000000000000	001000000000	0010010001000	0100000100000000000000	000100000000000000	000000100000000001000000010
0000000010000100000	000000000000	0000000000000	0000000000000000000100	000000000000000000	000010000000000100000000000
0000000000000000000	000000000000	0000000000000	0000000000000100000000	001000000000000000	000000000000000010000000000
0000100000100000000	000000000000	0000000000000	0000010000000001000001	100000000000000000	001000001000000000000000000
0000010000000000000	000000000000	0000101000010	0000000000010000000000	000000000000000000	000000000000010000000001000
0001010000000000000	000000000000	0000101000010	0000000000000000000000	000000000000000000	000100000000010000000001000
0000100001000000000	000010000100	0001000000000	0000010000000000000000	000000000000000000	000000000100000000000000000
0001010000000000000	000000000000	0000101000010	0000000000000000000000	000000000000001000	000000000000010000000001000
0000000000000000000	001000000000	0000000101000	0100000100000000000000	000100000000000000	000000100000000001000000010
0001010000000000000	000000000000	0000101000010	0000000000000000000000	010000000000000000	000000000000010000000001000
0000000000000000010	000000000000	0000000001000	0100000000000000000000	000100000000000000	000000100000001001000000000
0001010000000000000	000000000000	0000101000010	0000000000000000000000	000000000000000000	000100000000010000000001000
0001010000000000000	000000010000	0000101000010	0000000000000000000000	000000000000001000	000000000000010000000001000
0000010000000000000	000000000000	0000101000010	0000000000000000000000	000000000000000000	000000000000010000000001000
1000000000000000000	101000000000	0000000101000	0100000100000010000000	000100000000000000	000000100000000001000000010
0000000000000000000	001000000000	0000000101000	0100000100000000000000	000100000000000000	000000100000000001000000010
0000100001000000000	000010000100	0001000000000	0000010000000000000000	000000000000000000	000000000100000000000000000
0000100001000000000	000010000100	0001000000000	0010010000000000000000	000000000000000000	000000000100000000000000000
0000100001000000000	000010000100	0001000010000	0000010000000000000000	000000000000000000	000000000100000000000000000
0010000000000000000	001000000000	0000010001000	0100000100000000000000	000100000000000000	000000100000000001010000010
0000010000000000000	000000000000	0000101000010	0000000000010000000000	000000000000000000	000000000000010000000001000
0000000000000000010	000000000000	0000000001000	0100000000100000001000	000100000000000000	000000100000000001000000000
0001010000000000000	000000000001	0000101000010	0000000000000000000000	010000000000000000	000000000000010000000001000
0000000010000100000	000000000000	0000000000000	0000001000000000000100	000000000000000000	000010000000000100000000000
0000000000000000000	000000001000	1000000000001	0000000000000100000000	000000100000000000	000000000000000010000000000
0000000010000100000	000001000000	0000000000000	0000000000000000000100	000000000000000000	000010000000000100000000000
0000000000000000000	000000000000	0000000000000	0000000001000100000000	001000000000000000	000000000000000010000000000
0000000000000000000	000000000000	0000000000100	0000000000000100100000	001001000000000000	000000000000000010000000000
0010000000000000000	001000000000	0010010001000	0100000100000000000000	000100000000000000	000000100000000001000000010
0001010000000000000	000000000000	0000101000010	0000000000000000000000	000000000000000010	000000000000010000000011000
0000000000010000000	000000000000	0000000000000	0000000000000100000000	001000000000000000	000000000000000010000000000
0001010000000000000	000000000000	0000101000010	0000000000000000000000	000000000000000000	000000000000010000000001000
0000000000000010000	001000000000	0000000101000	0100000100000000000000	000100000000000000	000000100000000001000000010
0100000000000000000	001000000000	0000000001000	0100000000000000000000	000100000000000000	000000100000000001100000010
0001010000000000000	000000000000	0000101000010	0000000000000000000000	000000000000000010	000000000000010000000011000
0000000000000001000	000000000000	0000000000000	0000000000000000000000	000000001000000000	000000100000000001000000000
0001010000000000000	000000000000	0000101000010	0000000000000000000000	000000000000000000	000100000000010000000001000
0000000000000000000	001000000000	0000000101000	0100000100000010000000	000100000000000000	000000100000000001000000010
0000000010000100000	000000000010	0000000000000	0000000000001000000100	000000000000100000	000010000000000100000000000
0001010000000000000	000000000000	0000101000010	0000000000000000000000	000000000000001000	000000000000010000000001000
0001010000000000000	000000000000	0000101000010	0000000000000000000000	000000000000000000	000000000000010000000001000
0000000000000000000	001000000000	0000000101000	0100000100000000000000	000100000000000000	000000100010000001000000010
0000000010000100000	000000000010	0000000000000	0000000000001000000100	000000000000100000	000010000000000100000000000
0000000000000000010	000000000000	0000000001000	0100000000000000000000	000100000000000000	000000100000000001000000000
0000000000000000000	001000000000	0000000101000	0100000100000000000000	000100000000000000	000000100000000001000000010
0010001000000000000	001000000000	0000010001000	0100000100000000000000	000100000000000000	000000100000000001000000010
0001010000000000000	000000000000	0000101000010	0000000000000000000000	000000000000000000	000000000000010000000001000
0000000000000001000	000000000000	0000000000000	0000000000000000000000	000000001000000000	000000100000000001000000000
0000100001000000000	000010000100	0001000000000	0000010000000000000000	000000000000000000	000000000100000000000000000
0000100000100000000	000000000000	0000000000000	0000010000000001000001	100000000000000000	001000001000000000000000000
