00000000000000000	0000000000000100	0000000000000000000000	00000000000	00001000001100000000	000000100000000000
00000000000000000	0000000000000000	0000000000101000000100	00000000100	00000100000000010000	000000000000000000
00000000000000000	0000001100000000	0001000000000000000000	00000000000	00000000000000000000	000000010000000000
00000000000000000	0000000000000100	0000000000000000000000	00000000000	00001000001100000000	000000100000000000
00100000010000001	0000000000000000	0000000000000001010000	00000010000	00000000000000000000	000100000000000000
00000000000000000	0000000000000100	0000000000000000000000	00000000000	00001000001100000000	000000100000000000
00000000000000000	0000000000000100	0000000000000000000000	00000000000	00001000001100000000	000000100000000000
00000000000000100	0011000010000000	0000000000000100000000	00001001000	00000000100000000000	010000000000010000
00000000000001000	0000000000010000	0000000000000000000000	00000000000	00000001000000000100	000000000000000011
00100000010000001	0000000000000000	0000000000000001010000	01000010000	00000000000000000000	001000000000000000
00000000000000000	0000000000000000	0000000000101000000100	00000000100	00000100000000010000	000000000000000000
10000000110000000	0000000000000000	0000000000010000000000	00000000000	00000000000000000000	000000000000000000
00000000000001000	0000000000010000	0000000000000000000000	00000000000	00000000000000000100	000000000000001010
00000001011000010	0000000000100000	0000100000000000100000	00000000000	00000000000000000010	000000000000000000
00000000000000100	0011000010001000	0000000000000100000000	00001001000	00000000100000000000	010000000000010000
00000000000000100	1011000011000000	0000000000000100000000	00001001010	00000000100000000000	010000000000010000
00001000010100001	0000000000000000	1000000001000000010000	00000000000	00000000000000000000	000000000000000000
00000000000000100	0011000010000000	0000000000000100000000	00001001000	00000000100000000000	010000000100010000
00000000000001000	0000000000010000	0000000000000000000000	00000000000	00000000000000000100	000000000000000010
00000000000000000	0000001100000000	0001000000000000000000	00000000000	00000000000001000000	000000010000000000
00001000010100001	0000000000000000	1000000001000000010000	00000000000	00000000000000000000	000000000000000000
00010000000000000	0000000000000100	0000000000000000000000	00000000000	00001000001100000000	000000100000000000
00000000000000000	0000001100000000	0001000000000000000000	00000000000	00000000000000000000	000000010000000000
00000000000000000	0000000000000100	0000000000000010000000	00000000000	00001000001100000000	000000100000000000
00001000010100001	0000000000000000	1000000001000000010000	00000000000	00000000000000000000	000000000000000000
00100000010000001	0000000000000000	0000000000000001010000	00000010000	00000000000000000000	000100000000000000
00000000000000100	0011000010000000	0000000000000100000000	00101001000	01000000100000000000	010000000000010100
00000000000001000	0000000000010000	0000000000000000000000	00000000000	00000000000000000100	000000000001000010
00000000000000000	0000011100000010	0001000000000000000000	00000000000	00000000000000000000	000000010000000000
00000000000000100	0011000010000000	0000000000000100000000	00101001000	00000000100000000000	010000000000010000
00000000000000100	0011000010000000	0000000000000100000000	00001001000	00000000100000000000	010000000000010000
00000000010000000	0000000000000000	0100000000010000000000	00000000000	00000000000000000000	000000000000000000
00000000000000000	0000001100000000	0001000000000000000000	00000000000	00000000000000000000	000000010000000000
00000000000000000	0000000000000100	0000000000000000000000	00000000000	00001000001100000000	000000100000000000
00000000010010010	0000000000000000	0000000000000000000000	00000000000	00000000000000000010	000000000010000000
00000000000000100	0011000010000000	0000000000000000000001	00001001001	00000000100000000000	110000000000010000
00000000000000000	0000001100000000	0001000000000000000000	00000000000	00000000000000000000	000000010000000000
00100000010000001	0000000000000000	0000000000000001010000	00000010000	00000000000000000000	000100000000000000
10000000110000000	0000000000000000	0000000000010000000000	00000000000	00000000000000000000	000000000000000000
00000000000000000	0000000000000100	0000000000000000000000	00000000000	00001000001100000000	000000100000000000
00000000000000100	0011000010001000	0000000000000100000000	00001001000	00000000100000000000	010000000000010000
00000000010010010	0000000000000000	0000000000000000000000	00000000000	00000000000000000010	000000000010000000
00000000000000100	0011000010000000	0000000000000000000001	00001001001	00000000100000000000	110000000000010000
00000000000000000	0000001100000000	0001000000000000000000	00000000000	00000000000001000000	000000010000000000
00000000000000000	0000000000000100	0000000000000000000000	00000000000	00001000001100000000	000000100000000000
00000000000000000	0000000000000000	0000000000101000000100	00000000100	00000100000000010000	000000000000000000
00000000000000000	0000000000000100	0000000000000000000000	00000000000	00001000001100000000	000000100000000000
00000010000000100	0011100010000000	0000000000000100000010	00001001000	00000000100000000000	010000000000010000
00100000010000001	0000000000000000	0000000000000001010000	01000010000	00000000000000000000	001000000000000000
00000000010000000	0000000000000000	0100000000010000000000	00000000000	00000000000000000000	000000000000000000
00000010000000100	0011100010000000	0000000000000100000010	00001101000	00000000100000000000	010000000000010000
00000000000000000	0000000000000100	0000000000000010000000	00000000000	00001000001100000000	000000100000000000
00000000000000000	0000000000000100	0000000000000000000000	00000000000	00001000001100000000	000000100000000000
00000000000000000	0000001100000000	0001000000000000000000	00010000000	00000000000000000000	000000010000000000
00000000000000000	0000001100000000	0001000000000000000000	00000000000	00000000000000000000	000000010000000000
00001000010100001	0000000000000000	1000000001000000010000	00000000000	00000000000000000000	000000000000000000
00000000000000000	0000000000000000	0000000000101000000100	00000000100	00000100000000010000	000000000000000000
00000000000000100	0011000010000000	0000000000000100000000	00001001000	00000000100000000000	010000000000010000
00000000000000000	0000000000000100	0000000000000000000000	10000000000	00001000001100000000	000000100000000000
00000010000000100	0011100010000000	0000000000000100000010	00001001000	00000000100000000000	010000000000010000
00000000000000100	0011000010000000	0000001000000100000000	00101001000	01000000100000000000	010000000000010000
00000000000000100	0011000010000000	0000000000000000000001	00001001001	00000000100000000000	110000000000010000
10000000110000000	0000000000000000	0000000000010000000000	00000000000	10010000000000000000	000000000000000000
11000000110000000	0000000000000001	0000000000010000000000	00000000000	00000000000000000000	000000000000000000
00100000010000001	0000000000000000	0000000000000001010000	01000010000	00000000000000000000	001000000000000000
00000000000000000	0000000000000100	0000000000000000000000	00000000000	00001000001100000000	000000100000000000
00000000000000100	0011000010001000	0000000000000100000000	00001001000	00000000100000000000	010000000000010000
00000000010000000	0000000000000000	0100000000010000000000	00000000000	00000000000000000000	000000000000000000
00000000000000000	0000000000000100	0000000000000000000000	00000000000	00001000001100000000	000000100000000000
00001000010100001	0000000000000000	1000000001000000010000	00000000000	00000000000000000000	000000000000000000
00000000000001000	0000000000010000	0000000000000000000000	00000000000	00000000000000000100	000000000000000010
00000000000000000	0000000000000100	0000000000000000000000	00000000000	00001000001100000000	000000100000000000
00000000000000000	0000000000000100	0000000000000000000000	00000000000	00001000001100100000	000000100000000000
00001000010100001	0000000000000000	1000000001000000010000	00000000000	00000000000000000000	000000000000000000
00000000000000000	0000001100000000	0001000000000000000000	00000000000	00000000000000000000	000000010000000000
00000000000000100	0011000010000000	0000000000000100000000	00001001000	00000000100000000000	010000000100010000
00000000000000000	0000001100000000	0001000000000000000000	00000000000	00000000000000000000	000000011000000000
00000000000000100	0011000010000000	0000000100000100000000	00001001000	00000000100010000001	010010000000110000
00001100010100001	0000000000000000	1000000001000000010000	00000000000	00000000000000000000	000000000000000000
00000000000000000	0000000000000000	0000000000101000000100	00000000100	00000100000000010000	000000000000000000
00000000010010010	0000000000000000	0000000000000000000000	00000000000	00000000000000000010	000000000010000000
00000010000000100	0011100010000000	0000000000000100000010	00001001000	00000000100000000000	010000000000010000
00000001011000010	0000000000100000	0000100000000000100000	00000000000	00000000000000000010	000000000000000000
00000000000000100	0011000010000000	0000000000000000000001	00001001001	00000000100000000000	110000000000010000
00100000010000001	0000000000000000	0000000000000001010000	00000010000	00000000000000000000	000100000000000000
00000000000000000	0000001100000000	0001010000000000000000	00000000000	00000000000000000000	000000010000000000
00000000000000000	0100000000000100	0000000000000000000000	00000000000	00001000001100100000	000000100000000000
10000000110000000	0000000000000000	0000000000010000000000	00000000000	00100000000000000000	000000000000000000
00001000010100001	0000000000000000	1000000001000000010000	00000000000	00000000000000000000	000000000000000000
00000000000000100	0011000010000000	0000000000000000000001	00001001001	00000000100000000000	110000000000010000
11000000110000000	0000000000000001	0000000000010000000000	00000000000	00000000000000000000	000000000000000000
00000000000000000	0000001100000000	0001000000000000000000	00000000000	00000000000000000000	000000010000000000
00100000010000001	0000000000000000	0000000000000001010000	00000010000	00000000000000000000	000100000000000000
00000000000000000	0000000000000100	0000000000000000000000	00000000000	00001000011100100000	000000100000000000
00000000000000000	0000001100000000	0001000000000000000000	00000000000	00000000000000000000	000000010000000000
00000000000000100	0011000010000000	0000000000000100000000	00101001000	00000000100000000000	010000000000010000
00000000000001000	0000000000010000	0000000000000000000000	00000000000	00000000000000000100	000000000000000010
00000000000000100	0011000010000000	0000000100000100000000	00001001000	00000000100010000000	010010000000110000
00000000000000100	0011000010000000	0000000000000000000001	00001001001	00000000100000000000	110000000000010000
00000000000000000	0000000000000100	0000000010000000000000	00000000000	00001000001100000000	000000100000000000
00000000000000000	0000001100000000	0001000000000000000000	00000000000	00000000000000000000	000000010000000000
00000000000000000	0000001100000000	0001000000000000000000	00000000000	00000000000000000000	000000010000000000
00000000000001000	0000000000010000	0000000000000000000000	00000000000	00000000000000000100	000000000001000010
00000000010000000	0000000000000000	0100000000010000000000	00000000000	00000000000000000000	000000000000000000
00000000000000000	0000000000000000	0000000000101000000100	00000000100	00000100000000010000	000000000000000000
00000000000000100	0011000010001000	0000000000000100000000	00001001000	00000000100000000000	010000000000010000
00000000000000000	0000000000000100	0000000000000000000000	00000000000	00001000001100000000	000000100000000000
00000000000000100	1011000011000000	0000000000000100000000	00001001010	00000010100000000000	010000000000010000
00000000000000100	1011000011000000	0000000000000100000000	00001001010	00000000100000001000	010000000000010000
00000000000000100	1011000011000000	0000000000000100000000	00001001010	00000000100000000000	010000000000010000
00000000000000100	0011000010000000	0010000000000100000000	00001001000	00000000100000000000	010000000000010000
00000000010000000	0000000000000000	0100000000010000000000	00000000000	00000000000000000000	000000000000000000
00000000000000000	0000001100000000	0001000000000000000000	00000000000	00000000000000000000	000000010000000000
00000000000000000	0000001100000000	0001000000000000000000	00000000000	00000000000000000000	000000010000000000
10000000110000000	0000000000000000	0000000000010000000000	00000000000	10010000000000000000	000000000000000000
00000000000000100	0011000010000000	0000000000000100000000	00001001000	00000000100000000000	010000000100010000
00000000000000000	0000000000000100	0000000000000010000000	00000000000	00001000001100000000	000000100000000000
00000000000000000	0000001100000000	0001000000000000000000	00000000000	00000000000000000000	000000010000000000
00000000000000000	0000000000000000	0000000000101000000100	00000000100	00000100000000010000	000000000000000000
00000000010000000	0000000000000000	0100000000010000000000	00000000000	00000000000000000000	000000000000000000
00000000000000100	0011000010000000	0000000000000100000000	00001001000	00000000100000000000	010000000000010000
00000000000000100	0011000010000000	0000000000000100000000	00001001000	00000000100000000000	010000000100010000
00000000000001000	0000000000010000	0000000000000000000000	00000000000	00000000000000000100	000000000000001010
00000000010010010	0000000000000000	0000000000000000000000	00000000000	00000000000000000010	000000000010000000
00000000000000100	0011000010001000	0000000000000100000000	00001001000	00000000100000000000	010001000000010000
00000000000000000	0000001100000000	0001000000000000000000	00000000000	00000000000000000000	000000011000000000
00000000000000000	0000001100000000	0001000000000000000000	00000000000	00000000000000000000	000000010000000000
00000000000000000	0000001100000000	0001000000000000000000	00000000000	00000000000000000000	000000011000000000
00100000010000001	0000000000000000	0000000000000001010000	00000010000	00000000000000000000	000100000000000000
00000000000000000	0000000000000100	0000000000000000000000	10000000000	00001000001100000000	000000100000000000
10000000110000000	0000000000000000	0000000000010000000000	00000000000	00000000000000000000	000000000000000000
00000000000000000	0000000000000100	0000000000000000000000	00000000000	00001000001100000000	000000100000000000
00000000000000100	0011000010000000	0000000000000100000000	00001001000	00000000100000000000	010000000100010000
00000000000000000	0000000000000100	0000000000000010000000	00000000000	00001000001100000000	000000100000000000
10000000110000000	0000000000000000	0000000000010000000000	00000000000	10010000000000000000	000000000000000000
00000000000000100	1011000011000000	0000000000000100000000	00001001010	00000010100000000000	010000000000010000
00000000000000000	0000001100000000	0001000000000000000000	00000000000	00000000000000000000	000000010000000000
00000000000000100	1011000011000000	0000000000000100001000	00001001010	00000000100000000000	010000000000010000
00001000010100001	0000000000000000	1000000001000000010000	00000000000	00000000000000000000	000000000000000000
00000000000000100	1011000011000000	0000000000000100001000	00001001010	00000000100000000000	010000000000010000
00000000000000000	0000000000000100	0000000000000000000000	00000000000	00001000001100100000	000000100000000000
10000000110000000	0000000000000000	0000000000010000000000	00000000000	00000000000000000000	000000000000000000
00001000010100001	0000000000000000	1000000001000000010000	00000000000	00000000000000000000	000000000000000000
00000000000000000	0000000000000000	0000000000101000000100	00000000100	00000100000000010000	000000000000000000
00000000000000000	0000000000000000	0000000000101000000100	00000000100	00000100000000010000	000000000000000000
00000000010000000	0000000000000000	0100000000010000000000	00000000000	00000000000000000000	000000000000000000
10000000110000000	0000000000000000	0000000000010000000000	00000000000	10010000000000000000	000000000000000000
10000000110000000	0000000000000000	0000000000010000000000	00000000000	00000000000000000000	000000000000000000
00000010000000100	0011100010000000	0000000000000100000010	00001001000	00000000100000000000	010000000000010000
00000000000000100	0011000010000000	0000000000000100000000	00001001000	00000000100000000000	010000000000010000
