000000001000100000000	00010000000001000	0000000000000000000000000	0000000101000000000000000000	00000000000000	000000000000000
000000000000000000000	00100000000000100	0000010000000000000000000	0001100000000000000000000000	00000000010000	000000000000000
000000000000000000000	00100000000000100	0000010000000000000000000	0001100000000000000000000000	00000000010000	000000000000000
000010000000000000000	00100000000000000	0000100000000000000000000	0000100000000000000000000000	00000000010000	000000000000000
000100000000000000000	00100000000000000	0000100000000000000000000	0000100000000000000000000000	00000000010000	000000000000000
000000011000100000000	00000000000011000	0100000000000000000000000	0000000001000000000000000000	00000000000000	000000000000000
000000000000000000000	00100000000000000	0000100000000000000000000	0000100000000000000000000000	00000000010000	000000000000000
000000001000100000000	00000000000001000	0000000000000000000000000	0000000001000000000100000000	00100000000000	000000010000000
000000100000000000000	00000000000000000	0000000000000000000000000	0000000000100000000000000100	00010000000000	000000001100000
000000000000000000000	00100000000000000	0000100000000000000000000	0000100000000000000000000000	00000000010000	000000000000000
000000000000000001000	00000000000000011	0010000000000000010000010	0000001000000001000000000000	00000000000000	000000000000000
000000001000100000000	01010000010001000	0000000000000000000000000	0000000101000000000000000000	00000000000000	000000000000000
000000001000100000000	00010000000001000	0000000000000000000000000	0000000101000000000000000000	00000000000000	000000000000000
000000001000100000000	00010000000001000	0000000000000000000000000	0000000101000000000000000000	00000000000000	010000000000000
000000000000000000000	00000000000100000	0000000000000000000000000	0000000000000000000000100000	00000000000001	000000000000000
000000001000100000000	00000000000001000	0000000000000000000000000	0000000001000000000000000000	00100000000000	000000000000000
000000001000100000000	00010000000001000	0000000000000000000000000	0000000101000000000000000000	00000000000000	000000000000000
000000000000000000000	00100000000000100	0000010000000000000000000	0001100000000000000000000000	00000000010000	000000000000000
000000000000000000000	00100000000000100	0000010000000000000000000	0001100000000000000000000000	00000000010000	000000000000000
100001000001000000110	00000000000000000	0000000000100000100000100	0100000000000000000000000000	00000000000000	000100000001000
000000000000000000000	00000000000100000	0000000000000000000000000	0000000000000000000000100000	00000000000001	000000000000000
000000001000100000000	00010000000001000	0000000000000000000000000	0000000101000000000000000000	00000000000000	010000000000000
000000000000000000000	00000000000100000	0000000000000000000000000	0000000000000000000000100000	00000000000001	000000000000000
000000000000000010000	00000010000000001	0000000000000000000101011	0000000000000100000000000000	00000000100000	000001000000010
000000000000000000000	00000000000100000	0000000000000000000000000	0000000000000000000000100010	00000000000001	000000000000000
000100000000000000000	00100000000000000	0000100000000000001000000	0000100000000000000000000000	00000000010000	000000000000000
000000100000000000000	00000000001000000	0000000000000000000000000	0000000000000000010001000100	00000000000000	000010001000000
100001000001000000110	00000000000000000	0000000000100000100000100	0100000000000000000000000000	00000000000000	000100000001000
000000000000000010000	00000000000000001	0000000000000000000101011	0000000000000100000000000000	00000000100000	000000000000010
010001000001000000110	00001000000000000	0000000000100000000010100	0100000000000000000000000001	00000000001000	000000000001000
000100000000000000000	00100000000000000	0000100000000000000000000	0000100000000000000000000000	00000010010000	000000000000000
000001000001000000110	00000000000000000	0000000000101000100000100	0100000000000000000000000000	00000000000000	000100000001000
000000000000000100000	00000001100000000	0000000010000010000000000	0000000010010000000000010000	10001000000000	101000000000000
000000000000000000000	00100000000000100	0000000000000000000000000	0001100000000000000000000000	01000000010000	000000000000000
000000000000010100000	00000001100000000	0000000000000010000000000	0000000010010000000000010000	00001000000000	101000000000000
000000001000100000000	00000000000001000	0000000000000000000000000	0000000001000000000100000000	00100000000000	000000010000000
000000001000100000000	00010000000001000	0000000000000000000000000	0000000101000000000000000000	00000000000010	000000000000000
000000000000000000000	00000000000100000	0000000000000000000000000	0000000000000000000000100000	00000000000001	000000000000000
000000100000000000000	00000000000000000	0000000000000000000000000	0000000000100000000000000100	00010000000000	000000001100000
000001000001000000110	00000000000000000	0000000000100000100000100	0100000000000000000000000000	00000000000000	000100000001000
000000000000000000000	00100000000000100	0000010000000000000000000	0001100000000000000000000000	00000001010000	000000000000000
000001000001000000110	00000000000000000	0000000000100000100000100	0100000000000000000000000000	00000000000000	000100000001000
000000000000000000000	00100000000000100	0000010000000000000000000	0001100000001000100000000000	00000000010000	000000000000000
000000000000000010000	00000000000000001	0000000000000000000101011	0000000000000100000000000000	00000000100000	000000000000010
000000001000101000000	00010000000001000	0000000000000000000000000	0000000101000000000000000000	00000000000000	000000000000000
000000000000000000000	10000000000100000	0001000000000000000000000	0000000000000000000000100000	00000000000001	000000000000000
000000000000000010000	00000000000000001	0000000000000000000101011	0000000000000100000000000000	00000000100000	000000000000010
000000000000000000000	00000000000100000	0000000000000000000000000	0000000000000000000000100000	00000000000001	000000000000000
000001000001000000110	00000000000000000	0000000000100000100000100	0100000000000000000000000000	00000000000000	000100100001000
000000000000000000000	00000000000100000	0000000000000000000000000	0000000000000000000000100000	00000000000001	000000000000000
000000000000000001000	00000000000000011	0010000000000000010000010	0000001000000001000000000000	00000000000000	000000000000000
000000000000000000000	00100000000000100	0000010000000000000000000	0001100000000000000000000000	00000000010000	000000000000000
000000000000000001000	00000000000000011	0010000000000000010000010	0000001000000001000000000000	00000000000000	000000000000000
000000000000000010000	00000010000000001	0000000000000000000101011	0000000000000100000000000000	00000000100000	000000000000010
000000000000000000000	00100000000000100	0000000000000000000000000	0001100000000000000000000000	01000000010000	000000000000001
000000100000000000000	00000000000000000	0000000000000000000000000	0000000000000000010001000100	00000000000000	000000001000000
000000000000000000000	00100000000000000	0000100000010000000000000	0000100000000000000000000000	00000000010000	000000000000000
000000001000100000000	00000000000001000	0000000000000000000000000	0000000001000000000100000000	00100000000000	000000010000000
010001000001000000111	00000000000000000	0000000000100000000010100	0100000000000000000000000001	00000000000000	000000000001000
000000000000000010000	00000000000000001	0000000000000000000101011	0000000000000100000000000000	00000000100000	000000000000010
000000000000000010000	00000000000000001	0000000000000000000101011	0000000000000100000000000000	00000000100000	000000000000010
000000000000000001000	00000000000000011	0010000000000000010000010	0000001000000001000000000000	00000000000000	000000000000000
000000100000000000000	00000000000000000	0000000000000000000000000	0000000000000000010001000100	00000000000000	000000001000000
000000000000000000000	00000000000100000	0000000000000000000000000	0000000000000000000000100000	00000000000001	000000000000000
000000001000100000000	01010000010001000	0000000000000000000000000	0000000101000000000000000000	00000000000000	000000000000000
000000001000100000000	00000000000001000	0000000000000000000000000	0000000001000000000100000000	00100000000000	000000010000000
000000000000000000000	00000000000100000	0001000000000000000000000	0000000000000000000000100000	00000000000001	000000000000000
000000001000100000000	01010000010001000	0000000000000000000000000	0000000101000000000000000000	00000000000000	000000000000000
000000100000000000000	00000000000000000	0000000000000000000000000	0000000000000000010001000100	00000000000000	000000001000000
000000000000000010000	00000000000000001	0000000000000000000101011	0000000000000100000000000000	00000000100000	000000000000010
001000100000000000000	00000000000000000	0000000000000000000000000	0000000000000000010001000100	00000000000000	000000001000000
000000001000100000000	00000000000001000	0000000000000001000000000	0000000001000000000000000000	00100000000000	000000000000000
000000000000000000000	10000000000100000	0001000000000000000000000	0000000000000000000000100000	00000000000001	000000000000000
000000100000000000000	00000000001000000	0000000000000000000000000	0000000000000000010001000100	00000000000000	000010001000000
000000000000000000000	00100000000000000	0000100000000000000000000	0000100000000000000000000000	00000000010000	000000000000000
000001000001000000110	00000000000000000	0000000000100000100000100	0100000000000000000000000000	00000000000000	000100000011000
000000100000000000000	00000000001000000	0000000000000000000000000	0000000000000000010001000100	00000000000000	000010001000000
010001000001000000111	00000000000000000	0000000000100000000010100	0100000000000000000000000001	00000000000000	000000000001000
000000001000100000000	00000000000001000	0000000000000000000000000	0000000001000000000100000000	00100000000000	000000010000000
000000000000000000000	00100000000000100	0000010000000000000000000	0001100000000000000000000000	00000000010000	000000000000000
010001000101000000110	00000000000000000	0000000000100000000000100	0100000000000000000000000001	00000000000000	000000000001000
000000000000000000000	00100000000000100	0000010000000000000000000	0001100000000000000000000000	00000000010000	000000000000000
000000000000000000000	00100000000000000	0000100000000000000000000	0000100000000000000000000000	00000000010000	000000000000000
010001000011000000110	00000000000000000	1000000000100000000000100	1100010000000000000000000001	00000000000000	000000000001000
000000000000000000000	00100000000000000	0000100000000000000000000	0000100000000000000000000000	00000000010000	000000000000000
000000000000000000000	00100000000000100	0000010000000000000000000	0001100000000010000000000000	00000000010100	000000000000000
100001000001000000110	00000000000000000	0000000000100000100000100	0100000000000000000000000000	00000000000000	000100000001000
000000000000000001000	00000000000000011	0010000000000000010000010	0000001000000001000000000000	00000000000000	000000000000000
000000000000000000000	00000000000100000	0000001100000000000000000	0000000000000000000000100000	00000000000001	000000000000000
000000001000100000000	00010000000001000	0000000000000000000000000	0000000101000000000000000000	00000000000000	010000000000000
000000100000000000000	00000000000000000	0000000000000000000000000	0000000000100000000000000100	00010000000000	000000001100000
000001000001000000110	00000000000000000	0000000000100000100000100	0100000000000000000000000000	00000000000000	000100000001000
000000001000100000000	00010000000001000	0000000000000000000000000	0000000101000000000000000000	00000000000000	000000000000000
000000000000010100000	00000001100000000	0000000000000010000000000	0000000010010000000000010000	00001000000000	101000000000000
000000100000000000000	00000000000000000	0000000000000000000000000	0000000000000000010001000100	00000000000000	000000001000000
000000000000000000000	00100000000000100	0000010000000000000000000	0001100000000010000000000000	00000000010100	000000000000000
000000000000000000000	00100000000000100	0000010000000000000000000	0001100000000010000000000000	00000000010100	000000000000000
000000001000100000000	00010000000001000	0000000000000000000000000	0000000101000000000000000000	00000000000000	010000000000000
000000000000000010000	00000010000000001	0000000000000000000101011	0000000000000100000000000000	00000000100000	000001000000010
000000000000000010000	00000000000000001	0000000000000000000101011	0000000000000100000000000000	00000000100000	000000000000010
000000000000000000000	00100000000000100	0000010000000000000000000	0001100000000010000000000000	00000000010100	000000000000000
000000001000100000000	00010000000001000	0000000000000000000000000	0000000101000000001000000000	00000000000000	000000000000000
000000000000000000000	00000000000100000	0000000000000000000000000	0000000000000000000000100000	00000000000001	000000000000000
000000000000000000000	00000000000100000	0000000000000000000000000	0000000000000000000000100000	00000000000001	000000000000100
000000000000000010000	00000000000000001	0000000000000000000101011	0000000000000100000000000000	00000000100000	000000000000010
000000000000000010000	00000000000000001	0000000000000000000101011	0000000000000100000000000000	00000000100000	000000000000010
000000011000100000000	00000000000011000	0100000000000000000000000	0000000001000000000000000000	00000000000000	000000000000000
010001000001000000111	00000000000000000	0000000000100000000010100	0100000000000000000000000001	00000000000000	000000000001000
000000000000000000000	00000000000100000	0000000000000000000000000	0000000000000000000000100010	00000000000001	000000000000000
000000001000100000000	01010000010001000	0000000000000000000000000	0000000101000000000000000000	00000000000000	000000000000000
000000000000000000000	00000000000100000	0000000100000000000000000	0000000000000000000000100000	00000000000001	000000000000000
000000001000100000000	00010000000001000	0000000000000000000000000	0000000101000000000000000000	00000000000000	000000000000000
000000001000100000000	00010000000001000	0000000000000000000000000	0000000101000000000000000000	00000000000000	000000000000000
000000000000000001000	00000000000000011	0010000000000000010000010	0000001000000001000000000000	00000000000000	000000000000000
000000000000000000000	00000000000100000	0000000000000000000000000	0000000000000000000000100000	00000000000001	000000000000000
000000000000000000000	00000000000000000	0000000001000000000000000	0000000000000000000000000000	00000100000000	000000000000000
100001000001000000110	00000000000000000	0000000000100000100000100	0100000000000000000000001000	00000000000000	000100000001000
000000100000000000000	00000000000000000	0000000000000000000000000	0000000000000000010001000100	00000000000000	000000001000000
000000100000000000000	00000000000000000	0000000000000000000000000	0000000000100000000000000100	00010000000000	000000001100000
000000001000100000000	00010000000001000	0000000000000000000000000	0000000101000000000000000000	00000000000000	000000000000000
000000000000000000000	00000000000100000	0000000000000000000000000	0000000000000000000000100000	00000000000001	000000000000000
000000000000000100000	00000001000000000	0000000000000110000000000	0000000010000000000010000000	00001000000000	001000000000000
000000000000000000000	00100000000000100	0000010000000000000000000	0001100000000000000000000000	00000000010000	000000000000000
000000000000000010000	00000000000000001	0000000000000000000101011	0000000000000100000000000000	00000000100000	000000000000010
000000000000000000000	00100000000000100	0000010000000000000000000	0001100000000000000000000000	00000001010000	000000000000000
000000001000100000000	00010000000001000	0000000000000000000000000	0000000101000000001000000000	00000000000000	000000000000000
000000000000000000000	00100000000000000	0000100000000000000000000	0000100000000000000000000000	00000000010000	000000000000000
000000001000100000000	00000000000001000	0000000000000001000000000	0000000001000000000000000000	00100000000000	000000000000000
000000000000000000000	00000000000000000	0000000000000000000000000	0000000000000000000000000000	00000100000000	000000000000000
000000000000000000000	00000000000100000	0000000000000000000000000	0000000000000000000000100000	00000000000001	000000000000000
010001000001000000110	00000000000000000	0000000000100000000000100	0100000000000000000000000001	00000000000000	000000000001000
000000000000000000000	00100000000000100	0000010000000000000000000	0001100000000000000000000000	00000000010000	000000000000000
000000000000000000000	00000000000100000	0000000000000000000000000	0000000000000000000000100000	00000000000001	000000000000000
000000001000100000000	00010000000001000	0000000000000000000000000	0000000101000000000000000000	00000000000000	000000000000000
000000001000100000000	00010000000001000	0000000000000000000000000	0010000101000000000000000000	00000000000000	000000000000000
000000000000000000000	00100000000000100	0000000000000000000000000	0001100000000000000000000000	01000000010000	000000000000001
000000000000000000000	00100000000000100	0000010000000000000000000	0001100000000000000000000000	00000000010000	000000000000000
000000001000100000000	00010000000001000	0000000000000000000000000	0000000101000000000000000000	00000000000000	000000000000000
000000100000000000000	00000000000000000	0000000000000000000000000	0000000000100000000000000100	00010000000000	000000001100000
000000000000000010000	00000000000000001	0000000000000000000101011	0000000000000100000000000000	00000000100000	000000000000010
000000000000000010000	00000000000000001	0000000000000000000101011	0000000000000100000000000000	00000000100000	000000000000010
000000100000000000000	00000000001000000	0000000000000000000000000	0000000000000000010001000100	00000000000000	000010001000000
000000000000000000000	00000000000100000	0000000000000000000000000	0000000000000000000000100000	00000000000001	000000000000000
000000000000000000000	00000000000100000	0000000000000000000000000	0000000000000000000000100000	00000000000001	000000000000000
000000001000100000000	00010000000001000	0000000000000000000000000	0000000101000000000000000000	00000000000000	000000000000000
000001000001000000110	00000000000000000	0000000000100000100000100	0100000000000000000000000000	00000000000000	000100000001000
000000000000000001000	00000100000000011	0010000000000000010000010	0000001000000001000000000000	00000000000000	000000000000000
000000000000000000000	00000000000000000	0000000000000000000000000	0000000000000000000000000000	00000100000000	000000000000000
000000000000000000000	00100000000000100	0000010000000000000000000	0001100000000000000000000000	00000000010000	000000000000000
000000001000100000000	01010000010001000	0000000000000000000000000	0000000101000000000000000000	00000000000000	000000000000000
