010000000000	00000000000000000000000	000000000100000000000	1000000011000000000000	0000000000000000000001000	000010000000000000000
100000000000	01000000000000100000100	000000000000010000000	0000000000100010000000	0000000000000010010000000	000000000000000000000
000000000000	00000000000001000000000	000010000000000000000	0100000000000000001000	0000000000000000001000000	000000000000000000000
001000000000	00000000000100000010000	000000000000000000100	0000000000000000000000	0000000001000000000000000	000000010001000000010
000100000010	00010000000000000000011	000000000000000000000	0000000000000000000010	0000000000010000000000010	101000000010000000000
000000000000	00000000000000000000000	000010000000000000000	0100000000000000001000	0001000000000000001000000	000000000000000000000
001000000000	00000000000100000010000	000000000000000000100	0000000000000000000000	0000000001000000000000000	000000010001000000010
000000000000	00000000000001000000000	000010000000000000000	0100000000000000001000	0000000000000000001000000	000000000000000000000
001000000000	00000000000000000010000	001000000000000000100	0000000000000100000001	0000000000000000000100100	000000000000000000010
000000000000	00000001000000000000000	000000000000001000000	0000011000000000000000	0000000000000000000000000	000000000000010000000
000000000000	00000000000001000000000	000010000000000000000	0100000000000000001000	0000000000000000001000000	000000000000000000000
000000000010	00010000000000000000011	000000000000000000000	0000000000000000000010	0000000000010000000000010	101000000010000000000
000000000010	00010000000000000000011	000000000000000000000	0000000000000000000010	0000000000010000000000010	101000000010000000000
000000000000	00010000000000000000011	000000000000000000000	0000000000000000000010	0000000000010000000000010	101100000110000000000
001000000000	00000000000100000010000	000000000000000000100	0000000000000000000000	0000000000000000000000000	000000010001000000010
010000000000	00000000000000000000000	010000000000000000001	0000000001010000000000	0010000000000000000000000	000010001000000000000
001001000000	00000000000000000010000	000000000000000000100	0000000000000000000100	0000010000000100000000000	000000000000000000010
000000000000	00000000000001000000000	000010000000000000000	0100000000000000001000	0000000000000000001000000	000000000000000000000
000100000010	00010000000000000000011	000000000000000000000	0000000000000000000010	0000000000010000000000010	101000000010000000000
001000000000	00000100000000000010000	001000000000000000100	0000000000000000000001	0000000000000000000000000	000000000000000000010
001000000000	00000000000000000011000	000000000010000000100	0000000000001000000001	0000000000000000000000000	010000000000000000010
000000010000	00000000000001000000000	000010000000000000000	0100000000000000001000	0000000000000000001000000	000001000000000000000
100000000000	01000000100000100100000	100000000000000000010	0000000000000000000000	0000000000000010010000000	000000000000000000000
001000000000	00000000000100000010000	000000000000000000100	0000000000000000000000	0000000001000000000000000	000000010001000000010
000000000100	00000010000000000000000	000101000001000000000	0000000000000000000000	0000000000000000000010000	000000000000000000000
000000000000	00000000000001000000000	000010000000000000000	0100000000000000001000	0000000000000000001000000	000000000000000000000
010000000000	00000000000000000000000	010000000000000000001	0000000001010000000000	0100000000000000000000000	000010001000000000000
010000000000	00100000000000000000000	000000001000000000000	1000000001000000000000	0000100000000000000000000	000010000000000010000
001000000000	00000000000100000010000	000000000000000000100	0000000000000000000000	0000000000000000000000000	000000010001000000010
000000000000	00010000000000000000011	000000000000000000000	0000000000000000100010	0000000010010000000000010	101100000110000000000
001000000000	00000000000100000010000	000000000000000000100	0000100000000000000000	0000000000000000100000000	000000010001000000010
000000000000	00010000000000000000011	000000000000000000000	0000000000000000000010	0000000000010000000000010	101000000010000000000
001000000000	00000000000100000010000	000000000000000000100	0000000000000000000000	0000000000000000000000000	000000010001000000010
000000000100	00000010000000000000000	000101000001000000000	0000000000000000000000	0000000000000000000010000	000000000000000000000
000000000000	00000000000000000000000	000000100000001000000	0000011000000000000000	0000000000000000000000000	000000000000000000000
001000000000	00000000000100000010000	000000000000000000100	0000000000000000000000	0000000001000000000000000	000000010001000000010
000000000000	00000000000000000000000	000000010000000110000	0000000100000000000000	0000000000000000000000000	000000000000000000000
001000000000	00000000000100000010000	000000000000000000100	0000000000000000000000	0000000000000000000000000	000000010001000000010
010000000000	00000000000000000000000	000000001000000000000	1000000001000000000000	0000100000000000000000000	000010000000000000000
010000000000	00000000000000000000000	010000000000000000001	0000000001010000000000	0100000000000000000000000	000010001000000000000
010000000000	00100000000000000000000	000000001000000000000	1000000001000000000000	0000100000000000000000000	000010000000000000000
010000000000	00000000000000000000000	010000000000000000001	0000000001010000000000	0010000000000000000000000	000010001000000000000
010000000000	00000000000000000000000	010000000000000000001	0000000001010000000000	0100000000000000000000000	000010001000000000000
001000000000	00000000000000000010000	000000000010000000100	0000000000001000000001	0000000000000000000000000	010000000000000000010
000000000001	00000000001000010000000	000000000000000000000	0110000000000000010000	0000000000000000001000000	000000000000100100000
001000000000	00000000000100000010000	000000000000000000100	0000000000000000000000	0000000001000000000000000	000000010001000000010
100000000000	01000000000000100000100	000000000000010000000	0000000000100010000000	0000000000000010010000000	000000000000000000000
000000000000	00000000010000000000000	000000000000001000000	0000011000000000000000	0000000000000000000000000	000000000000000000000
000000000000	10000000000001000000000	000010000000000000000	0100000000000000001000	0000000000000000001000000	000000000000000000000
000000000000	00000000000001000000000	000010000000000000000	0100000000000000001000	0000000100000000001000000	000000000000000000000
000000000000	00000000000001000000000	000010000000000000000	0100000000000000001000	0000000000000000001000000	000000000000001000000
010000000000	00000000000000001000000	000000000000000000000	0001000001000000000000	0000000000000000000000000	000010000000000000000
000000000010	00010000000000000000011	000000000000000000000	0000000000000000000010	0000000000010000000000010	101000000010000000000
001000000000	00000000000100000010000	000000000000000000100	0000000000000000000000	0000000000000000000000000	000000010001000000010
000000000100	00000010000000000000000	000101000001000000000	0000000000000000000000	0000000000000000000010000	000000000000000000000
001000000000	00000000000000000010000	001000000000000000100	0000000000000100000001	0000000000000000000100100	000000000000000000010
000000000010	00010000000000000000011	000000000000000000000	0000000000000000000010	0000000000010000000000010	101000000010000000000
000000000010	00010000000000000000011	000000000000000000000	0000000000000000000010	0000000000010000000000010	101000000010000000000
001000000000	00000000000100000010000	000000000000000000100	0000000000000000000000	0000000000000000000000000	000000010001000000010
100000000000	01000000000000100000100	000000000000010000000	0000000000100010000000	0000000000000010010000000	000000000000000000000
001001000000	00000000000000000010000	000000000000000000100	0000000000000000000100	0000010000000100000000000	000000100000000000010
000000000000	00000001000000000000000	000000000000001000000	0000011000000000000000	0000000000000000000000000	000000000000010000000
000000000010	00010000000000000000011	000000000000000000000	0000000000000000000010	1000000000010000000000010	101000000010000000000
000000000010	00010000000000000000011	000000000000000000000	0000000000000000000010	1000000000010000000000010	101000000010000000000
000000001000	00000000000000000000000	000010000000000000000	0100000000000000001000	0000000000000000001000000	000000000000000000000
000000001000	00000000000000000000000	000010000000000000000	0100000000000000001000	0000000000000000001000000	000000000000000000000
100000000000	01000000000000100000100	000000000000010000000	0000000000000010000000	0000000000000010010000000	000000000000000000000
000000000000	00000000000000000000000	000000000000001000000	0000011000000000000000	0000000000000000000000000	000000000000000000000
000000000000	00000000000001000000000	000010000000000000000	0100000000000000001000	0000000000000000001000000	000000000000000000000
000000001000	00000000000000000000000	000010000000000000000	0100000000000000001000	0000000000000000001000000	000000000000000000000
000000000100	00000010000000000000000	000101000001000000000	0000000000000000000000	0000000000000000000010000	000000000000000000100
001000000000	00000000000100000010000	000000000000000000100	0000000000000000000000	0000000001000000000000000	000000010001000000010
000000000010	00010000000000000000011	000000000000000000000	0000000000000000000010	0000000000010000000000010	101000000010000000000
000000000010	00010000000000000000011	000000000000000000000	0000000000000000000010	0000000000010000000000011	101000000010000000000
000000000000	00000000000000000000000	000000100000001000000	0000011000000000000000	0000000000000000000000000	000000000000000000000
001000000000	00000000000000000010000	001000000000000000100	0000000000000000000001	0000000000000000000100100	000000000000000000010
001010100000	00000000000100000010000	000000000000000001100	0000000000000000000000	0000000000000000000000000	000000010001000000010
000000000010	00010000000000000000011	000000000000000000000	0000000000000000000010	0000000000010000000000010	101000000010000000000
001000000000	00000000000100000010000	000000000000000000100	0000000000000000000000	0000000000000000000000000	000000010001000000010
000000000000	00000001000000000000000	000000000000001000000	0000011000000000000000	0000000000000000000000000	000000000000010000000
000000001000	00000000000000000000000	000010000000000000000	0100000000000000001000	0000000000000000001000000	000000000000000000000
000000000010	00010000000000000000011	000000000000000000000	0000000000000000000010	0000000000110001000000010	101000000010000000000
010000000000	00000000000000000000000	010000000000000000001	0000000001010000000000	0000000000000000000000000	000010001000000000000
010000000000	00000000000000000000000	010000000000000000001	0000000001010000000000	0010000000000000000000000	000010001000000000000
010000000000	00000000000000000000000	010000000000000000001	0000000001010000000000	0010000000000000000000000	000010001000000000000
100000000000	01000000000000100000100	000000000000010000000	0000000000100010000000	0000000000000010010000000	000000000000000000000
001000000000	00000000000100000010000	000000000000000000100	0000000000000000000000	0000000000000000000000000	000000010001000000010
001001000000	00000000000000000010000	000000000000000000100	0000000000000000000100	0000010000000100000000000	000000100000000000010
000000000001	00001000001000010000000	000000000000000000000	0100000000000000010000	0000000000000000001000000	000000000000100100000
001000000000	00000000000100000010000	000000000000000000100	0000100000000000000000	0000000000000000000000000	000000010001000000010
001000000000	00000000000100000010000	000000000000000000100	0000000000000000000000	0000000000000000000000000	000000010001000000010
001000000000	00000000000100000010000	000000000000000000100	0000000000000000000000	0000000000000000000000000	000000010001000000010
010000000000	00000000000000000000000	010000000000000000001	0000000001010000000000	0000000000000000000000000	000010001000000000000
000000000010	00010000000000000000011	000000000000000000000	0000000000000000000010	0000000000010000000000010	101000000010000000000
000000000000	00000000000001000000000	000010000000000000000	0100000000000000001000	0000000000000000001000000	000000000000001000000
000000000001	00000000001000010000000	000000000000000000000	0100000000000000010000	0000000000000000001000000	000000000000100100000
001000000000	00000000000100000010000	000000000000100000100	0000000000000000000000	0000000000000000000000000	000000010001000000010
001000000000	00000000000100000010000	000000000000000000100	0000100000000000000000	0000000000000000100000000	000000010001000000010
000000000010	00010000000000000000011	000000000000000000000	0000000000000000000010	0000000000010000000000010	101000000010000000000
001000000000	00000000000100000010000	000000000000000000100	0000100000000000000000	0000000000000000000000000	000000010001000000010
010000000000	00000000000000000000000	000000000100000000000	1000000011000000000000	0000000000000000000001000	000010000000000000000
100000000000	01000000100000100100000	000000000000000000010	0000000000000000000000	0000000000000010010000000	000000000000000000000
000000000010	00010000000000000000011	000000000000000000000	0000000000000000000010	0000000000010000000000010	101000000010000000000
000000000010	00010000000000000000011	000000000000000000000	0000000000000000000010	0000000000010000000000011	101000000010000000001
000000000000	00000000000000000000000	000000010000000110000	0000000100000000000000	0000000000000000000000000	000000000000000000000
100000000000	01000000100010100100000	000000000000000000010	0000000000000001000000	0000000000000010010000000	000000000000000000000
000000000010	00010000000000000000011	000000000000000000000	0000000000000000000010	0000000000010000000000011	101000000010000000000
010000000000	00100000000000000000000	000000001000000000000	1000000001000000000000	0000100000000000000000000	000010000000000000000
010000000000	00000000000000000000000	010000000000000000001	0000000001010000000000	0000000000000000000000000	000010001000000000000
000000000100	00000010000000000000000	000101000001000000000	0000000000000000000000	0000000000000000000010000	000000000000000000000
001000000000	00000000000100000010000	000000000000000000100	0000000000000000000000	0000000000000000000000000	000000010001000000010
001001000000	00000000000000000010000	000000000000000000100	0000000000000000000100	0000010000000000000000000	000000000000000000010
001000000000	00000000000000000011000	000000000010000000100	0000000000001000000001	0000000000000000000000000	010000000000000000010
000000000000	00000001000000000000000	000000000000001000000	0000011000000000000000	0000000000000000000000000	000000000000010000000
000000000000	00000001000000000000000	000000000000001000000	0000011000000000000000	0000000000000000000000000	000000000000010000000
001010100000	00000000000100000010000	000000000000000001100	0000000000000000000000	0000000000000000000000000	000000010001000000010
000000000000	00000000000001000000000	000010000000000000000	0100000000000000001000	0000000000000000001000000	000000000000000000000
000000000000	00000000000000000000000	000010000000000000000	0100000000000000001000	0000000000000000001000000	000000000000000000000
000000000010	00010000000000000000011	000000000000000000000	0000000000000000000010	0000000000110001000000010	101000000010000000000
001000000000	00000000000000000010000	001000000000000000100	0000000000000100000001	0000000000000000000100100	000000000000000000010
001000000000	00000000000000000010000	001000000000000000100	0000000000000100000001	0000000000000000000100100	000000000000000000010
001000000000	00000000000000000010000	000000000010000000100	0000000000001000000001	0000000000000000000000000	010000000000000000010
000000000000	00000000000001000000000	000010000000000000000	0100000000000000001000	0000000000000000001000000	000000000000001001000
000000000010	00010000000000000000011	000000000000000000000	0000000000000000000010	0000000000011000000000011	101000000010000000000
001000100000	00000000000100000010000	000000000000000000100	0000000000000000000000	0000000000000000000000000	000000010001000000010
000100000010	00010000000000000000011	000000000000000000000	0000000000000000000010	0000000000010000000000010	101000000010000000000
010000000000	00000000000000000000000	010000000000000000001	0000000001010000000000	0010000000000000000000000	000010001000000000000
100000000000	01000000100000100100000	000000000000000000010	0000000000000000000000	0000000000000010010000000	000000000000000000000
000000000100	00000010000000000000000	000101000001000000000	0000000000000000000000	0000000000000000000010000	000000000000000000000
000000000010	00010000000000000000011	000000000000000000000	0000000000000000000010	0000000000010000000000011	101000000010000000000
000000000010	00010000000000000000011	000000000000000000000	0000000000000000000010	0000000000010000000000010	101000000010000000000
010000000000	00000000000000001000000	000000000000000000000	0001000001000000000000	0000000000000000000000000	000010000000000000000
000000000100	00000010000000000000000	000101000001000000000	0000000000000000000000	0000001000000000000010000	000000000000000000000
001000000000	00000000000100000010000	000000000000000000100	0000000000000000000000	0000000000000000000000000	000000010001000000010
001000000000	00000000000000000010000	000000000010000000100	0000000000001000000001	0000000000000000000000000	010000000000000000010
000000000010	00010000000000000000011	000000000000000000000	0000000000000000000010	0000000000010000000000010	101000000010000000000
000000000010	00010000000000000000011	000000000000000000000	0000000000000000000010	0000000000010000000000010	101000000010000000000
000000000000	00010000000000000000011	000000000000000000000	0000000000000000000010	0000000000010000000000010	101000000010000000000
001000000000	00000000000100000010000	000000000000100000100	0000000000000000000000	0000000000000000000000000	000000010001000000010
100000000000	01000000100010100100000	000000000000000000010	0000000000000001000000	0000000000000010010000000	000000000000000000000
000000000000	10000000000001000000000	000010000000000000000	0100000000000000001000	0000000000000000001000000	000000000000000000000
000000000010	00010000000000000000011	000000000000000000000	0000000000000000000010	0000000000010000000000010	101000000010000000000
001000000000	00000000000000000010000	000000000010000000100	0000000000001000000001	0000000000000000000000000	010000000000000000010
001000000000	00000000000100000010000	000000000000000000100	0000000000000000000000	0000000000000000000000000	000000010001000000010
000000000010	00010000000000000000011	000000000000000000000	0000000000000000000010	0000000000010000000000010	101000000010000000000
000000000010	00010000000000000000011	000000000000000000000	0000000000000000000010	0000000000010000000000010	101000000010000000000
001000000000	00000000000100000010000	000000000000100000100	0000000000000000000000	0000000000000000000000000	000000010001000000010
000000000100	00000010000000000000000	000101000001000000000	0000000000000000000000	0000000000000000000010000	000000000000000000000
000000000000	00010000000000000000011	000000000000000000000	0000000000000000000010	0000000000010000000000010	101000000010000000000
000000000000	00000000000001000000000	000010000000000000000	0100000000000000001000	0000000000000000001000000	000000000000000000000
