000000000001000	00000010010000000000000	000000010010001000000	00000000000000000100000	000000000000001000000000000000000	000000000000000100000000
000010010000000	00000000100000000000001	000000000000000000000	00000000000000000000000	000000000000000001000100000010000	000000000000000000000000
000010010000000	00000000100000000000001	000000000000000000000	00000000000000000000000	000000000000000001000100000010000	000000000000000000000000
000000000000000	00000000000000000000000	100000000100000000000	00000010000000000000000	000000000000000000000000000001000	000000000000000000000000
000000100000000	00000000000000000000000	000000000000000000000	00000000000000000000000	000000000000000000000000000000000	000000000000000000010000
000000000000000	00000000000000000000010	000000000000000000000	00000001000000000000000	000000000000000000000000000000000	000000000000000000000000
000000000000000	00000000000000100000000	000000000000000000000	00000000000000000000000	000000000000000000000000000000000	000000000000000000000000
000000000000000	00000000000001000010000	000000100000000000000	01000000000000000010000	000000000000000000000010000000000	000000000000000001000000
000000000000000	00000000100000000000000	000000000000000000000	00000000000100010000000	000000000000000000000000000010000	000001000000000000000000
000001100000000	00000000000000000000000	000000000000000000000	00000000000000000000000	000000000000000000000000000000000	000000000000000000000000
000000000000000	00000000000000000000000	000000000000000000000	00000001010000000000000	000000000000000010000000000000000	000000000000000000000000
000100000000000	10000000000000000000000	100000000100000000000	00000010000000000000000	000000000000000000000000000000000	000000000010000000000000
000000000000000	00000000100000001000000	000000000000000000000	00000000000100010000000	000000000000000000000000000010000	000001000000000000000000
000000000010000	00000000000100000000000	000000000000000000000	00000000000000000000000	000000000000000000000000000000000	000010100000000000000000
000000100000000	00000000000000000000000	000000000000000000000	00000000000000000000000	000000000000000000000000000000000	000000000000000000010000
000000000000000	00000000000000100000000	000000000000000000000	00000000000000000000000	000000000000000000000000000000000	000000000000000000000000
000000000000000	00000000000001000010000	000000100000000000000	01000000000000000010000	000000000000000000000010000000000	000000000000000001000001
000000000000000	00100000000000000001000	000000000000000000000	00000001010000000000000	000000000000000010000000000000000	000000000000000000000000
000000000000000	00000000000000000000000	000000000001000001010	00000000000000000000000	000000100000000100000000000000000	000000000000000000000000
000000000000000	00000000100000000000000	000000000000000000000	00000000000000000000000	000000000000000000000000000010000	000000000000000000000000
000000000000000	00000001000000000000000	000000000000000000000	00000000000000000000010	000000000000000000000000000000000	000000000000000000000000
000000000000000	01000000000000000000000	000000001000000000000	00000000000000000000000	000000000100000000000000000000000	000000000000000000000100
000000000000000	00001000000000000000000	000000000000000000000	00000000000000000000000	000000000000000000000000100000000	000000000000000010000000
000000000000000	00000001000000000000000	000000000000000000000	00000000000000000000010	000000000000000000000000000000000	000000000000000000000000
000000000000000	00000000000000000000000	000000000000010000000	00000000000000000000011	000000000000000000000000000000000	000000000000000000000000
000000000000000	00000000000000000000000	000000000000000000000	00000000000000000000010	000000000000000000000000000000000	000000000000000000000000
000000100000000	00000000000000000000000	000000000000000000000	00000000000000000000000	000000000000000000000000000000000	000000000000000000000000
000000000000000	00000000000000000000000	000000000000000000000	00000000000000000000000	000000000000000000000000000000000	000000000000000000000000
000000000000000	00000000000000000000000	000000000000000000000	00010000000000000000000	001000000000000000000000000000000	000000000000000000000000
000000100000000	00000000000000000000000	000000000000000000000	00000000000000000000100	000000000000000000000000000000000	000000000000000000000000
000000000000000	00100000000000000000000	000000000000000000000	00000001010000000000000	000000000000000010000000000000000	000000000000000000000000
100000000000000	00000000000000000000000	000000000000000000000	00000000000000000000000	000000100000000000000000000000000	000000000000000000000000
000000100000000	00000000000000000000000	000000000000000000000	00000000000000000000000	000000000001000000000000000000000	000000000000000000000000
000000000000000	00000000000000000000000	000000000000000000000	00000001010000000000000	000000000000000010000000000000000	000000000000000000000000
000000100100000	00000000000000000000000	000000000000000000000	00000000100000100000000	000000000000000000000000000000000	000000010000000000000000
000000000000000	00000000000000000000000	000000000000000000100	00000000000000000000000	100000000000000000000000000000000	000000000000000000000000
000000000000000	00000010010000000000000	000000010010001000000	00000000000000000100000	000000000000100000000000000000000	000000000000000000000000
000000100000000	00000000000000000000000	000000000000000000000	00000000000000000000000	000000000000000000000000000000000	000000000000000000000000
000010010000000	00000000100000000000001	000000000000000000000	00000000000000000000000	000000000000000001000100000010000	000000000000000000000000
000000000000000	00000000000000000000000	000000000000000000000	00000000000000000010000	000000000000000000000010000000000	000000000000000000000000
000000000000000	00000000000010000000000	000000000000000000000	00000000000000001000000	000000000000000000000000000000000	000100000000000000001000
000000000000000	00000000000001000010000	000000100000000000000	01000000000000000010000	000000000000000000000010000000000	000000000100000001000000
000000000000000	00000010010000000000000	000000010010001000000	00000000000000000100000	000000000000000000000000000000000	000000000000000000000000
000000000000000	00000000000000000000010	000000000000000000000	00000001000000000000000	000000000000000000000000000000000	000000000000000000000000
100000000000000	00000000000000000000000	000000000000000000000	00100000000000000000000	000000100000000000000000000000000	000000000000000000000000
000000000000000	00000000000000000000000	000000000000000000000	00000000000000000000000	000000000000000000000000000000000	000000000000000000000000
010000000000000	00000000100000000000000	000000000000000000000	00000000000100010000000	000000000000000000000000000010000	000001000000000000000000
000000000000000	00000000000000100000000	000000000000000000000	00000000000000000000000	000000000000000000000000000000000	000000000000000000000000
000000000000000	00000000000000000000000	000000000000000000000	00000000000000000000000	000000000010000000000000000000000	000000000000000000000000
000000000000000	00000000100000000000000	000000000000000000000	00000000000100010000000	000000000000000000000000000010000	000001000000000000000000
000000100000000	00000000000000000000000	000000000000000000000	00000000000000000000000	000000000000000000000000000000000	000000000000000000000000
000000000000000	00000000100000000000000	000000000000000000000	00000000000000000000000	000000000000000000000000000010000	000000000000000000000000
000000000000000	00000000000000000000000	000000000000000000000	00001000000000000000010	000000000000000000000000000000000	000000000000000000000000
000000000000000	01000000000000000000000	000000001000000000000	00000000000000000000000	000000000100000000000000000000000	000000000000000000000100
000000000000000	00000000000000000000000	000000000000000000000	00000000000000000000000	000000001000000000000000010000000	000000000000011000000000
000000100000000	00000000000000000000000	000000000000000000000	00000000000000000000000	000000000000000000000000000000000	000000000000000000000000
000000000000000	00000000100000000000000	000000000000000000000	00000000000000010000000	000000000000000000000000000010000	000001000000000000000000
000000000000000	00000000100000000000000	000000000000000000000	00000000000000010000000	000000000000000000000000000010000	000001000000000000000000
000000000000000	00000000000000000000000	000000000000000000000	00000000000000000000000	000101000000000000000000000000010	000000000000000000000000
000000000000000	00000000000000000000000	000000000000000000000	00000000000000000010000	000000000000000000000011000000000	000000000000000000000000
000000100000000	00000000000000000000000	000000000000000000000	00000000000000000000000	000000000000000000000000000000000	000000000000000000000000
000000000000000	00000000000000000000000	000000000000000000000	00000000000000000000000	000000000000000000010000000100000	000000000000000000000000
000000000000000	00000000000001000010000	000000100000000000000	01000000000000000010000	000000000000000000000010000000000	000000000000000000000000
000000000000000	00000000000000000000000	000100000000000000000	00000100000000000010000	000000000000000000000010000000000	000000000000000000000000
000000100000000	00000000000000000000000	000000000000000000000	00000000000000000000000	000000000000000000000000000000000	000000000000000000010000
000010010000000	00000000100000000000001	000000000000000000000	00000000000000000000000	000000000000000001000100000010000	000000000000000000000000
000000000000000	00000000100000000000000	000000000000000000000	00000000000100010000000	000000000000000000000000000010000	000001000000000000000000
000010010000000	00000000100000000000001	000000000000000000000	00000000000000000000000	000000000000000001000100000010000	000000000000000000000000
000000000000000	00010000000000000000000	000000000000000000000	00000000000000000000000	000000000000000000000000000000000	000000000000000000000000
000000000000000	00100000000000000000000	000000000000000000000	00000001010000000000000	000000000000000010000000000000000	000000000000000000000000
000000000000000	00000000000000000000000	000000000000000000000	00000000000000000000000	000000000000000000000000000000000	000000000000000000000000
000000100000000	00000000000000000000000	000000000000000000000	00000000000000000000000	000000000000000000000000000000000	000000000000000000000000
001000000000000	00000000000000000100100	010000000000000000000	00000001010000000000000	000000000000000010000000000000000	000000000000000000000000
000000000000000	00000000100000000000000	000000000000000000000	00000000000100010000000	000000000000000000000000000010000	000001000000000000000000
100000000000000	00000000000000000000000	000000000000000000000	00000000000000000000000	000000100000000000000000000000000	000000000000000000000000
000000000000000	00000000000000000000010	000000000000000000000	00000001000000000000000	000000000000000000000000000000000	000000000000000000000000
000000000000000	00000000000000000000000	000000000000000000000	00000001010000000000000	000000000000000010000000000000000	000000000000000000000000
000010010000000	00000000100000000000001	000000000000000000000	00000000000000000000000	000000000000000001000100000010000	000000000000000000000000
000000000000000	00000000100000000000000	000000000000000000000	00000000000000010000000	000000000000000000000000000010000	000001000000000000000000
000000000000000	00000000000000000000000	000000000000000000000	00000000000000000000000	000000000000000000000000000000001	000000000000000000000000
000000000000000	00001000000000000000000	000000000000000000001	00000000000000000000000	000000000000000000000000100000000	000000000000000010000000
000000000000000	00000000000000000000000	000000000000000000100	00000000000000000000000	000000000000000000000000000000000	000000000000000000000000
000000000000000	00000000000001000010000	000000100000000000000	01000000000000000010000	000000000000000000000010000000000	000000000000000000000000
000010010000000	00000000100000000000001	000000000000000000000	00000000000000000000000	000000000000000001000100000010000	000000000000000000000000
000000000000000	00000000000000000000000	000000000000000100000	00000000000000000000000	001000000000000000000000000000000	000000000000000000000000
000000000000000	00000000000000000000000	000000000001000000010	00000000000000000000000	000000100000000000000000000000000	000000000001000000000000
000000100000000	00000000000000000000000	000000000000000000000	00000000000000000000000	000000000000000000000000000000000	000000000000000000000000
000000000000000	00000000000001000010000	000000100000000000000	01000000000000000010000	000000000000000000000010000000000	000000000000000001100000
000000100000000	00000000000000000000000	000000000000000010000	00000000000000000000000	000000010000000000001000000000000	000000000000000000000000
000000000000000	00000000000000000000000	000000000000000000000	00000001010000000000000	000000000000000010000000000000000	000000000000000000000000
000000000000000	00000000000000000000000	000000000000000000000	00000100000000000010000	000000000000000000000010000000000	000000000000000000000000
000000000000000	00000000000100000000000	000000000000100000000	00000000000000000000000	000000000000000000000000000000000	000010100000000000000000
000000000000000	00000000000000000000000	000000000000000000000	00000000000000000000010	000000000000000000000000000000000	000000000000000000000000
000000000000000	00000010010000000000000	000000010010001000000	00000000000000000100000	000000000000000000000000000000000	000000000000000000000000
000000000000000	00000000000000000000000	000000000000000000000	00000001000000000000000	000000000000000000000000000000000	000000000000000000000000
000000000000000	00000000000000000000000	000000000000000000000	10000000000000000000000	000000000000000000000000000000000	000000000000100000000000
000000000000000	00000000000000000000000	100000000100000000000	00000010000000000000000	000000000000000000000000000000000	000000000000000000000000
000000000000000	00000000000000000000000	000000000000000000000	00000000000000000000000	000101000000000000000000000000010	000000000000000000000000
000000000000000	00000000000000000000010	000000000000000000000	00000001000000000000000	000000000000000000000000000000000	000000000000000000000000
000000000000000	00000000000000000000000	000000000000000000000	00000000000000000000000	000000000000000000000000000000000	000000000000000000000000
000000100000100	00000000000000000000000	000000000000000000000	00000000000000000000000	000000000000000000000000000000000	000000000000000000000000
000000000000000	00000000000000000000000	000010000000000000000	00000000000000000000000	001000000000000000000000000000000	100000000000000000000000
000000000000000	00000010010000000000000	000000010010001000000	00000000000000000100000	000000000000000000000000000000000	000000000000000000000000
000000000000010	00000000001000000000000	000000000000000000000	00000001010000000000000	000000000000000010000000000000000	000000000000000000000000
000000000000000	00000000000000000000000	000000000000000000000	00000000000000000000010	000000000000000000000000000000000	000000000000000000000000
000000000000010	00000000000000000000000	000000000000000000000	00000001010000000000000	000000000000000010000000000000000	000000000000000000000000
000100000000000	10000000000000000000000	100000000100000000000	00000010000000000000000	000000000000000000000000000000000	000000000010000000000000
000000000000000	00000000000001000010000	000000100000000000000	01000000000000000010000	000000000000000000000010000000000	000000000000000001000000
000000000000000	00000000000100010000000	000000000000000000000	00000000000000000000000	000000000000000000000000000000000	000010100000000000000000
000000000000000	00000000000000000000000	000000000000000000000	00000000000000000000010	000000000000000000000000000000000	000000000000000000000000
000000000000000	00000000000000000000000	000000000000000000000	00000000000001000000000	000000000010000000000000000000000	000000000000000000000000
000000000000000	00000000000000100000000	000000000000000000000	00000000000000000000000	000000000000000000000000000000000	000000000000000000000000
000000000000000	00000000000001000010000	000000100000000000000	01000000000000000010000	000000000000000000000010000000000	000000000000000001000000
000000000000000	00000000000000000000000	000001000000000000000	00000100001000000010000	000000000000000000000010000000000	001000000000000000000000
100000000000000	00000000000000000000000	000000000000000000000	00000000000000000000000	000000100000000000000000000000000	000000001000000000000000
000000000000000	00000000000000100000000	000000000000000000000	00000000000000000000000	000000000000000000000000000000000	000000000000000000000000
000000100000000	00000000000000000000000	000000000000000000000	00000000000000000000000	000000000000000000000000000000000	000000000000000000000000
000000100000000	00000000000000000000000	000000000000000000000	00000000000000000000000	000000000000000000000000000000000	000000000000000000000000
000000000000000	00000000000000000000000	000000000000000000000	00000001000000000000000	000000000000000000000000000000000	000000000000000000000000
000000000000000	00000000100000000000000	000000000000000000000	00000000000000010000000	000000000000000000000000000010000	000001000000000000000000
000000000000000	00000000100000000000000	000000000000000000000	00000000000000010000000	000000000000000000000000000010100	000001000000000000000000
000000000000000	00000000000000000000000	000000000000000000000	00000100000000000010000	000000000000000000000010000000000	000000000000000000000000
000000001000000	00000000000000000000000	000000000000000000000	00000000000000000001000	000000000000000000000000001000000	000000000000000000000010
000000000000000	00000100000000000000000	000000000000000000000	00000100000010000010000	000000000000000000000010000000000	010000000000000000000000
000000000000000	00000000000000000000000	000000000000000000000	00000100000010000010000	000000000000000000000010000000000	010000000000000000000000
000000001000000	00000000000000000000000	000000000000000000000	00000000000000000001000	000000000000000000000000001000000	000000000000000000000010
000000000000000	00000000000100000000000	000000000000000000000	00000000000000000000000	000000000000000000000000000000000	000010100000000000000000
000000000000000	00000000000000000000000	000000000000000000000	00000100000000000010000	000000000000000000000010000000000	000000000000000000000000
000000000000000	00001000000000000000000	000000000000000000001	00000000000000000000000	000000000000000000000000100000000	000000000000000010000000
000000001000000	00000000000000000000000	000000000000000000000	00000000000000000001000	000000000000000000000000001000000	000000000000000000000010
000000000000000	00000000000001000010000	000000100000000000000	01000000000000000010000	000000000000000000000010000000000	000000000000000000000000
000010010000000	00000000100000000000001	000000000000000000000	00000000000000000000000	000000000000000001000100000010000	000000000000000000000000
000000000000000	00000000000100000000000	000000000000100000000	00000000000000000000000	000000000000000000000000000000000	000010100000000000000000
000000100000000	00000000000000000000000	000000000000000000000	00000000000000000000000	000000000000000000000000000000000	000000000000000000000000
000000000000000	00000000000000000000000	000000000000000000000	00000000000001000000000	000000000010000000000000000000000	000000000000000000000000
100000000000001	00000000000000000000000	001000000000000000000	00000000000000000000000	010000100000010000000000000000000	000000000000000000000000
000000000000000	00000000000100000000000	000000000000100000000	00000000000000000000000	000000000000000000000000000000000	000010100000000000000000
000000000000000	00000000000000000000000	000000000001000000010	00000000000000000000000	000000100000000000000000000000000	000000000000000000000000
000000000000000	00000000000000000000000	000000000000000000000	00000000000000000000000	000000000000000000000000000000000	000000000000000000000000
000000000000000	00000000000001000010000	000000100000000000000	01000000000000000010000	000000000000000000000010000000000	000000000000000001000000
000010010000000	00000000100000000000001	000000000000000000000	00000000000000000000000	000000000000000001000100000010000	000000000000000000000000
000000000000000	00000000000001000010000	000000100000000000000	01000000000000000010000	000000000000000000000010000000000	000000000000000001000000
000000100000000	00000000000000000000000	000000000000000000000	00000000000000000000000	000000000000000000000000000000000	000000000000000000000000
000000000000000	00000000000000000000000	000000000000000000000	00000100000000000010000	000000000000000000000010000000000	000000000000000000000000
000000000000000	00000000000000000000000	000000000000000000000	00000001000000000000000	000000000000000000000000000000000	000000000000000000000000
000000000000000	00000000000000000000000	000000000000000000100	00000000000000000000000	100000000000000000000000000000000	000000000000000000000000
000000000000000	00000000100000000000000	000000000000000000000	00000000000100010000000	000000000000000000000000000010000	000001000000000000000000
000000000000000	00000000000000000000000	000000000000000000000	00000100000010000010000	000010000000000000000010000000000	010000000000000000000000
000010010000000	00000000100000000000001	000000000000000000000	00000000000000000000000	000000000000000001100100000010000	000000000000000000000000
000000100000000	00000000000000000000000	000000000000000010000	00000000000000000000000	000000010000000000001000000000000	000000000000000000000000
