00001000000000000	010000000000000000	01001000000000001000	0000000000001000	001000000000000	11000000010000
00001000000000000	010000000000000000	01001000000000000000	0000000000001100	000000000000000	11000100010000
01000000000000000	000000000000000010	00000000000101000000	0000000000000000	000000000000000	00000010000000
00000000000000000	000000000000000000	00000000011000000000	0000000000000000	000000000000000	00000000001000
00000100000000000	000000000000000000	00000000000000000000	0000000001010000	000100000000000	00000000000000
00000000000000000	000000100000000000	00000000000000000000	0000000000000000	000000000000000	00000000001000
00000100000000000	000000000001000000	00000000000000000000	0000000001010000	000100000000000	00000000000000
00000000000000000	000000000000000000	00000000000000000000	0000000000000000	000000000000000	00000000001000
00000100000000000	000000000000000000	00000000000000000000	0000000001000000	000100000000000	00000000000000
00000110000000000	000000000000000000	00000000000000000000	0000000001000000	000100000000000	00000000000000
00001000000000000	010000000000000000	01001000000000000000	0000000000001000	000000000000000	11000100010000
00000000000000000	000000100000000000	00000000000000000000	0100000000100000	000000000000000	00000000001000
00001000000000000	010000000000000000	01001000000000000000	0000000000001000	000000000000000	11000100010000
00000100000000000	000000000000000000	00000000000000000000	0000000001000000	000100000000000	00000000000000
00001000000000000	010000000000000000	01001000000000001000	0000000000001000	001000000000000	11000000010000
00001000000001000	010000000000000000	01001000000000000000	0000001000001000	000000000000000	11000000010000
00010000000000000	000010000000000000	00000000000000000001	0000000000000000	000000010000000	00000000000000
00001000100000000	010000000000000000	01001000000000001000	0000000000001000	001000000000000	11010000010000
00000000000000000	000000000000000000	01001000000000000000	0000000000000000	000000000010000	01000000010000
00000000000000000	000000000000000000	00000000000000000000	0000000000000000	000000000000000	00000000001000
00000110000000000	000000000000000000	00000000000000000000	0000000001000000	000100000000000	00000000000000
00000100000000000	000000000000000000	00100000000000000000	0000000001000000	000100000000000	00000000000000
00001000000000000	010000000000000000	01001000000000000000	0000001000001000	000000000000000	11000000010000
00000000000000000	000000100000000000	00000010000000000000	0100000000100000	000000001000000	00000000001000
00000100000000000	000000000000000000	00000000000000000000	0000000001000000	000100000000000	00000000000000
00001000000000000	010000000000000000	01001000000000000000	0000001000001000	000000000000000	11000000010000
00000000010000000	000001000000000000	00001000000000000000	0010000100000001	100000000000000	00000000000100
00010000000000000	000000000000000000	00000000000000000001	0000000000000000	000000010000000	00000000000000
00000100000000000	000000000000000000	00000000000000000000	0000000001000000	000100000000000	00000000000000
00000000010100000	000001000000000000	00001000000000000000	0010000100000001	000000000000000	00000000000100
00000100000000000	000000000000000000	00000100000000000000	0000000011000000	000100000000000	00000001000000
00000000000000000	000000000000000000	00000000000000000000	0000000000000000	000000000000000	00000000001000
00000100000000000	000000000000000000	00000100000000000000	0000000001000000	000100000000000	00000000000000
00000000010000000	000001000000000000	00001000000000000000	0010000100000001	100000000000000	00000000000100
00000000010100000	000001000000000000	00001000000000000000	0010000100000001	000000000000000	00000000000100
00000000000000000	000000100000000000	00000000000000000000	0100000000100000	000000000000000	00000000001000
01000000000000000	000000000000000010	00000000000101000000	0000000000000000	000000000000010	00000010000000
00010000000000000	000000000000000000	00000000000000000001	0000000000000000	000000010000000	00000000000000
00010000000000000	000000000000000000	00000000000000000001	0000000000000000	000000010000000	00000000000000
00000100000000000	000000000000000000	00000000000000000000	0000000001000000	000100000000000	00000000000000
00000100000000000	000000000000000000	00000000000000000000	0000000001000000	000100000000000	00000000000000
00000000010100000	000001000000000000	00001000000000000000	0010000100000001	000000000000000	00000000000100
00000100000000000	000000000000000000	00000000000000000000	0000000001000000	000100000000000	00000000000000
00000100000000000	000000000000000000	00000000000000000000	0000000001000000	000100000000000	00000000000000
00000100000000000	000000000000000000	00000000000000000000	0000000001000000	000100000000000	00000000000000
00001000000000000	010000000000000000	01001000000000000000	0000000000001000	000000000000000	11000000010000
00000000000000001	000000000000110000	00000001000000000000	0001000000000000	000001000000000	00000000000010
00000100000000000	000000000000000000	00000100000000000000	0000000011000000	000100000000000	00000001000000
00000000010000000	000001000000000000	00001000000000000000	0010000100000001	000000100000000	00001000000100
01000000000000000	000000000000000010	00000000000101000000	0000000000000000	000000000000010	00000010000000
00000001000000000	000000100010000000	00000000000000000000	0000000000000000	000010000000000	00000000001000
00000100000000000	000000000000000000	00000000000000000000	0000000001000000	000100000000000	00000000000000
00000100000000000	001000010000000000	00000000000000000100	0000000001000000	000100000000000	00000000000000
00000000010100000	000001000000000000	00001000000000000000	0010000100000001	000000000000000	00000000000100
00000000000000010	000000100000000000	00000000000000000000	0100000000100000	000000000000000	00000000001000
00001000000001000	010000000000000000	01001000000000000000	0000001000001000	000000000000000	11000000010000
00000000000000000	000000000000000000	00000000000000000000	0000000000000000	000000000000000	00000000001000
00000100000000000	000000000000000000	00000000000000000000	0000000001000000	000100000000000	00000000000000
00000000000000000	000000100000000000	00000000000000000000	0000000000000000	000000000000000	00000000001000
00000100000000000	000000000000000000	00000000000010000010	1000100001000000	000100000000000	00000000000000
00000100000000000	000000000000000000	00000000000000000000	0000000001000000	000100000000000	00000000000000
00000000010000000	000001000000000000	00001000000000000000	0010000100000001	000000000000000	00001000000100
00000000000000000	000000000000000000	00000000000000000000	0000000000000000	000000000000000	00000000001000
00000000010000000	000001000000000000	00001000000000000000	0010000100000001	000000000000000	00000000000100
00000000010000000	000001000000000000	00001000000000000000	0010000100000001	000000000000000	00001000000100
00001000000000000	010000000000000000	01011000000000000000	0000000000001000	000000000000000	11000100010000
00000000000000000	000000000000000000	01001000000000000000	0000000000000000	000000000010000	01000000010000
00000000000000000	000000100000000000	00000000000000000000	0000000000000000	000000000000000	00000000001000
00000000010000000	000001000000000000	00001000000000000000	0010000100000001	000000000000000	00001000000100
00000000010000000	000001000000000000	00001000000000000000	0010000100000001	000000000000000	00001000000100
00000000000000001	000000000000110000	00000001000000000000	0001000000000000	000001000000000	00000000000000
00000100000000000	000000000000000000	00000000000000000000	0000000001000000	000100000000000	00000000000000
00000100000000100	000000000000000000	00000000000000000000	0000000001000000	000100000000000	00000000000000
00000100000000000	000000000000000000	00000000000000000000	0000000001000000	000100000000000	00000000000000
00000100000000000	000000000000000000	00000000000000000000	0000000001000000	000100000000000	00000000000000
00000000000000000	000000000000000000	01001000000000000000	0000000000000000	000000000010000	01000000010000
01000000000000000	000000000000000010	00000000000101000000	0000000000000000	000000000000000	00000010000000
00000000000000000	000000100000000000	00000000000000000000	0000000000000000	000000000000000	00000000001000
00000000000000000	000000000000000000	00000000000000000000	0000000000000000	000000000000000	00000000001000
00001000000000000	010000000000000000	01011000000000000000	0000000000001000	000000000000000	11000100010000
01000000000000000	000000000000000010	00000000000101000000	0000000000000000	000000000000000	00000010000000
00000100000000000	000000000000000000	00000000000010000010	1000100001000000	000100000000000	00000000000000
00000000010100000	000001000000000000	00001000000000000000	0010000100000001	000000000000000	00000000000100
00000000010010000	000001000100000000	00001000000000000000	0010000100000001	000000000001000	00001000000100
00000000010000000	000001000000000000	00001000000000000000	0010000100000001	000000000000000	00001000000100
00000000010000000	000001000000000000	00001000000000000000	0010000100000001	000000000000000	00000000000100
00000100000000000	000000000000000000	00000000000000000000	0000000001000000	000100000000000	00000000000000
10000000000000000	000000001000000000	00000000000000000000	0000010000000010	010000000000100	00100000000000
01000000000000000	000000000000000010	00000000000101000000	0000000000000000	000000000000000	00000010000000
00000100000000000	000000000000000000	00000100000000000000	0000000001000000	000100000000000	00000000000000
00000100000000000	000000000000000000	00000000000010000010	1000100001000000	000100000000000	00000000000000
00100000011000000	000001000000000000	00001000000000000000	0010000100000001	000000000000000	00001000000100
00000000010000000	000001000000000000	00001000000000000000	0010000100000001	000000000000000	00001000000100
00000100000000000	000000000000000000	00000000000000000000	0000000001000000	000100000000000	00000000000000
00000000010000000	000001000000000000	00001000000000000000	0010000100000001	000000000000000	00000000000100
00001000100000000	010000000000000000	01001000000000001000	0000000000001000	001000000000000	11010000010000
00000100000000000	000000000000000000	00000000000000010010	0000100001000000	000100000000000	00000000000000
00000100000000000	000000000000000000	00000100000000000000	0000000001000000	000100000000000	00000000000001
00000100000000000	000000000000000000	00000000000010000010	1000100001000000	000100000000000	00000000000000
00000100000000000	000000000000000000	00000000000000000000	0000000001000000	000100000000000	00000000000000
00000000000000001	000000000000110000	00000001000000000000	0001000000000000	000001000000000	00000000000010
00001000000000000	010000000000000000	01011000000000000000	0000000000001000	000000000000000	11000100010000
00000000000000000	000000000000000000	01001000000000000000	0000000000000000	000000000010000	01000000010000
00000110000000000	000000000000000000	00000000000000000000	0000000001000000	000100000000000	00000000000000
00001000000000000	010000000000000000	01001000000000000000	0000001000001000	000000000000000	11000000010000
00000000010000000	000001000000000000	00001000000000000000	0010000100000001	000000000000000	00001000000100
00000000010000000	000001000000000000	00001000000000000000	0010000100000001	000000000000000	00001000000100
00000100000000000	000000000000000000	00000100000000000000	0000000001000000	000100000000000	00000000000000
00000000000000000	000000000000000000	00000000000000100000	0000000000000000	000000000000001	00000000001000
00001000000000000	010000000000000000	01011000000000000000	0000000000001000	000000000000000	11000100010000
00000000010010000	000001000100000100	00001000000000000000	0010000100000001	000000000001000	00001000000100
00000100000000000	000000000000000000	00000000000000000000	0000000001000000	000100000000000	00000000000000
00000000010000000	000001000000000000	00001000000000000000	0010000100000001	000000000000000	00001000000100
00000100000000000	000000000000001000	00000000000000000000	0000000001000000	000100000000000	00000000000000
00000110000000000	000000000000000000	00000000000000000000	0000000001000000	000100000000000	00000000000000
00000000010000000	000001000000000000	00001000000000000000	0010000100000001	000000000000000	00000000000100
00000100000000000	000000000000000000	00000100000000000000	0000000001000000	000100000000000	00000000000000
00000000000000000	000000100000000000	00000000100000000000	0100000000100000	000000000000000	00000000001000
00000000000000001	000000000000110000	00000001000000000000	0001000000000000	000001000100000	00000000100000
01000000000000000	000000000000000010	00000000000101000000	0000000000000000	000000000000000	00000010000000
00000000010000000	000001000000000000	00001000000000000000	0010000100000001	000000000000000	00000000000100
00000000000000000	000000100000000000	00000000000000000000	0100000000100000	000000000000000	00000000001000
00000100000000000	000000000000000000	00000000000000000000	0000000001010000	000100000000000	00000000000000
00000100000000000	000000000000000000	00000000000000000000	0000000001000000	000100000000000	00000000000000
00000100000000000	000000000000000000	00100000000000000000	0000000001000000	000100000000000	00000000000000
00000000000000000	000000100000000000	00000000000000000000	0100000000100000	000000000000000	00000000001000
00000000000000000	000000000000000000	00000000000000000000	0000000000000000	000000000000000	00000000001000
00001000100000000	010000000000000000	01001000000000001000	0000000000001000	001000000000000	11010000010000
00000100000000000	000000000000000000	00000000000000000000	0000000001000000	000100000000000	00000000000000
00000100000000000	000000000000000000	00000000000000000000	0000000001000000	000100000000000	00000000000000
00000100000000000	000000000000000000	00000000000000000000	0000000001000000	000100000000000	00000000000000
00001000000000000	010000000000000000	01001000000000000000	0000001000001000	000000000000000	11000000010000
00000100000000000	001000010000000000	00000000000000000100	0000000001000000	000100000000000	00000000000000
00100000011000000	000001000000000000	00001000000000000000	0010000100000001	000000000000000	00001000000100
00000000000000000	000000000000000001	01001000000000000000	0000000000000000	000000000010000	01000000010000
00000000010000000	000001000000000000	10001000000000000000	0010000100000001	000000000000000	00001000000100
00000100000000000	000000000000000000	00000000000000000000	0000000001010000	000100000000000	00000000000000
00000100000000000	000000000000001000	00000000000000000000	0000000001000000	000100000000000	00000000000000
00001000000000000	010000000000000000	01001000000000000000	0000001000001000	000000000000000	11000000010000
00000001000000000	000100100010000000	00000000000000000000	0000000000000000	000010000000000	00000000001000
00000100000000000	100000000000000000	00000100000000000000	0000000001000000	000100000000000	00000000000000
00010000000000000	000000000000000000	00000000000000000001	0000000000000000	000000010000000	00000000000000
00000000010000000	000001000000000000	00001000000000000000	0010000100000001	000000000000000	00000000000100
00000000000000001	000000000000110000	00000001000000000000	0001000000000000	000001000000000	00000000000010
00010000000000000	000010000000000000	00000000000000000001	0000000000000000	000000010000000	00000000000000
00000000010000000	000001000000000000	00001000000000000000	0010000100000001	000000000000000	00001000000100
00000100000000000	000000000000000000	00000000000000000000	0000000001000000	000100000000000	00000000000000
00000000010000000	000001000000000000	00001000000000000000	0010000100000001	000000000000000	00001000000100
00000100000000000	100000000000000000	00000100000000000000	0000000001000000	000100000000000	00000000000000
00000100000000000	000000000000000000	00000000000000000000	0000000001000000	000100000000000	00000000000000
