001000000000	00001000000000100000	00000000000000000001000	00001000100	000000000100100000	001100000010000000000
000001000000	00000000001000010000	00000000000000001000000	00000000000	000000000000000000	000000010000000000101
000001000000	00000000000000000000	00000000000000001100000	00000000000	000000100000000001	000000010000000000001
000100000100	00000000000000001000	10000000100000100000000	00000000010	010000001000000010	000000000000000100000
000001000000	00000000000000000000	00000000000000001000000	00000000000	000000000000000000	000000010000000000001
000100000100	00100000000000001010	00000000100000100000000	10010000000	000000000000000010	000000001000000000000
000000000000	00000000000000000000	00000001000011000010000	00000000000	000000000000000000	010001000000100000000
000001000000	00000000001000000000	00000000000000001000000	00000000000	000000000000000000	000000010000000000101
000000000000	00000000000000000000	00000001000011000010000	00000000000	000000000000000000	010001000000100000000
000000000000	00000000000000000001	00000101000100000010000	00000000000	000000000000000000	010001000000000000000
000001000000	00000000000000000000	00000000000000001000000	00000000001	000000000000000000	000000010000000000001
000100000100	01100000000000001010	00000000100000100000000	10000000000	000000000000000010	000000001000000000000
000110000100	01100000100000001010	00000000100000100000000	10000000000	000000000000010010	000000001000000000000
000000000000	00000000000000000000	00000001000011000010000	00000000000	000000000000000000	010001000000100000000
000000000000	00011000000010100000	01000000000000000001001	00000000000	000000000110000000	000100000010000000000
000001000000	00000000000000000000	00000000000000001000000	00000000001	000000000000000000	000000010000000000001
001000000000	00001000000000100000	00000000000000000001000	00001000000	000000000100100000	000100000010000000000
100100010100	00000000000000001000	00000000110000100000000	00000000000	000000000000000010	000010000000010000000
000110000100	01100000100000001010	00000000100000100000000	10000000000	000000000000010010	000000001000000000000
000001000000	00000000000000000000	00000000000000001100000	00000000000	000000100000000001	000000010000000000001
000100000000	00000000000000001000	00000000100000100000000	00000000000	001000000001000100	000000100100000000000
000100010100	00000000000000001000	00000000110000100000000	00000000000	000000000000000010	000010000000010000000
000100010100	00000000000000001000	00000000101000100000000	00000000000	000000000000000010	000010000001000001000
000001000010	00000001001000000000	00000000000000001000000	00000000000	000000000000000000	000000010000000000101
000001000000	00000000000000000000	00000000000000001000000	00000000000	000000000000000001	000000010000000000001
001000000000	00001000000000100000	00000000000000000001000	00001000100	000000000100100000	000100000010000000000
000001000000	00000000000000000000	00000000000000001000000	00000000000	000000000000000000	000000010000000000001
000001000000	00000000001000010000	00000000000000001000000	00000000000	000000000000000000	000000010000000000101
000100000100	00100000000000001010	00000000100000100000000	10010000000	000000000000000010	000000001000000000000
000100010100	00000000000000001000	00000000110000100000000	00000000000	000000000000000010	000010000000010000000
000100010100	00000000000000001000	00000000110000100000000	00000000000	000000000000000010	000010000000010000000
000001000000	00000000000000000000	00000000000000001000000	00000000000	100000000000000000	100000010000000000001
000001000000	00000000001000000000	00000000000000001000000	00000000000	000000000000000000	000000010000000000101
000100011100	00000000000000001000	00000000101000100000000	00000000000	000000000000000010	000010000000000001000
000000100000	00000000000000000000	00000010000000000000000	00000000000	000010000000000000	000000000000000000010
000000000000	00000000000000000000	00000001000001000010000	00100000000	000000000000000000	010001000000000000000
000001000000	00000000000000000000	00000000000000001000000	00000000001	000001000000000000	000000010000000000001
000100010100	00000000000000001000	00000000100000100000000	00000000000	000000000000000010	000010000000000001000
000100000100	00100000000000001010	00000000100000100000000	10000000000	000000000000000010	000000001000000000000
000100000100	01100000000000001010	00000000100000100000000	10000000000	000000000000000010	000000001000000000000
000001000000	00000000000000000000	00000000000000001000000	00000000000	000000000000000000	100000010000000000001
000100000100	01100000000000001010	00000000100000100000000	10000000000	000000000000000010	000000001000000000000
000001000000	00000000001000010000	00000000000000001000000	00000000000	000000000000000000	000000010000000000101
000000000000	00000000000000000000	00000001000011000010000	00000000000	000000000000000000	010001000000100000000
000000000000	00011000000010100000	00000000000000000001001	00000000000	000000000110000000	000100000010000000000
000100010100	00000000000000001000	00000000100000100000000	00000000000	000000000000000010	000010000000000001000
000100000000	00000010000000001000	00000000100000110000000	00000000000	001000000000000100	000000100100000000000
000110000100	01100000100000001010	00000000100000100000000	10000000000	000000000000010010	000000001000000010000
000100010100	00000000000000001000	00000000100000100000000	00000000000	000000000000000010	000010000000000001000
000100000000	00000000000000001000	00000000100000100000000	00000000000	001000000001000100	000000100100000000000
000001000000	00000000001000000000	00000000000000001000000	00000000000	000000000000000000	000000010000000000101
000000000000	10001000000000000000	00000000000000000001000	00000010000	000000000000000000	000100000000000000000
000110000100	01100000100000001010	00000000100000100000000	10000000000	000000000000010010	000000001000000000000
000100010100	00000000000000001000	00000000100000100000000	00000000000	000000000000000010	000010000000000001000
000100010100	00000000000000001000	00000000101000100000000	00000000000	000000000000000010	000010000000000001000
000100000100	01100000000000001010	00000000100000100000000	10000000000	000000000000000010	000000001000000000000
000001000000	00000000001000010000	00000000000000001000000	00000000000	000000000000000000	000000010000000000101
000000000000	00000000000000000000	00010001000001000010000	00100000000	000000000000000000	010001000000000000000
000100000100	00000000000000001010	00000000100000100000000	00000000000	000000010000000010	000000001000000000000
000000000000	00000000000000000000	00000001000011000010000	00000000000	000000000000000000	010001000000100000000
000100010100	00000000000000001000	00000000100000100000000	00000000000	000000000000001010	000010000000000001000
000110000100	01100000100000001010	00000000100000100000000	10000000000	000000000000010010	000000001000000000000
001000000000	00001000000000100000	00000000000000000001000	00001000000	000000000100100000	000100000010000000000
000110000100	01100000100000001010	00000000100000100000000	10000000000	000000000000010010	000000001000000000000
001000000000	00001000000000100000	00000000000000000001000	00001000000	000000000100100000	000100000010001000000
001000000000	00001000000000100000	00000000000000000001000	00001000000	000000000100100000	000100000010000000000
000000000000	10001000000000000000	00000000000000000001000	00000010000	000000000000000000	000100000000000000000
001000000000	00001000000100100000	00000000000000000001100	00001000000	000000000100100000	000100000010000000000
000100010100	00000000000000001000	00000000110000100000000	00000000000	000000000000000010	000010000000010000000
000100010100	00000000000000001000	00000000110000100000000	00000000000	000000000000000010	000010000000010000000
001000000000	00001000000000100000	00000000000000000001000	00001000000	000000000100100000	000100000010000000000
000001000000	00000000010000000000	00000000000000001000000	00000000000	000000000000000000	000000010000000000001
001000000000	00001000000000100000	00000000000000000001000	00001000000	000000000100100000	000100000010000000000
000001000000	00000000000000000000	00000000000000001000000	00000000000	000000000000000000	100000010000000000001
000000000000	00011000000010100000	01000000000000000001001	00000000000	000000000110000000	000100000010000000000
000100010100	00000000000000001000	00000000100000100000000	00000000000	000000000000000010	000010000000000001000
000000000000	00000000000000000000	00000001000001000010000	00100000000	000000000000000000	010001000000000000000
000000000000	00000000000000000001	00000101000100000010000	00000000000	000000000000000000	010001000000000000000
000000000000	00000000000000000001	00000101000100000010000	00000000000	000000000000000000	010001000000000000000
000100010100	00000000000000001000	00000000100000100000000	00000000000	000000000000000010	000010000000000001000
000001000000	00000000000000000000	00000000000000001000000	00000000000	000000000000000000	100000010000000000001
000100000000	00000010000000001000	00000000100000110000000	00000000000	001000000000000100	000000100100000000000
000001000000	00000000010000000000	00000000000000001000000	00000000000	000000000000000000	000000010000000000001
000000000000	10001000000000000000	00000000000000000001000	00000010000	000000000000000000	000100000000000000000
000001000000	00000000000000000000	00000000000000001100000	00000000000	000000100000000001	000000010000000000001
000100000000	00000010000000001000	00000000100000110000000	00000000000	001000000000000100	000000100100000000000
000000000000	00011000000010100000	00000000000000000001001	00000000000	000000000110000000	000100000010000000000
000001000000	00000000000000000000	00000000000000001000000	00000000000	000000100000000001	000000010000000000001
000000000000	00000000000000000000	00000001000001000010000	00000000000	000000000000000000	010001000000000000000
000100010100	00000000000000001000	00000000100000100000000	00000000000	000000000000000010	000010000000000001000
000000000000	10001000000000000000	00000000000000000001000	00000010000	000000000000000000	000100000000000000000
000001000000	00000000010000000000	00000000000000001000000	00000000000	000000000000000000	000000010000000000001
000000000000	10001000000000000000	00000000000000000001000	00000010000	000000000000000000	000100000000000000000
000001000000	00000000000000000000	00000000000000001100000	00000000000	000000100000000001	000000010000000000001
000001000000	00000000001000010000	00000000000000001000000	00000000000	000000000000000000	000000010000000000101
000100010100	00000000000000001000	00000000100000100000000	00000000000	000000000000000010	000010000000000001000
000100010100	00000000000000001000	00000000110000100000000	00000000000	000000000000000010	000010000000010000000
000100010100	00000000000000001000	00000000110000100000000	00000000000	000000000000000010	000010000000010000000
000000000000	00000000000000000001	00000101000100000010000	00000000000	000000000000000000	010001000000000000000
000001000000	00000000000000000000	00000000000000001000000	00000000001	000000000000000000	000000010000000000001
000100010100	00000000000000001000	00000000101000100000000	00000000000	000000000000000010	000010000000000001000
000000000000	00011000000010100000	00000000000000000001001	00000000000	000000000110000000	000100000010000000000
000001000000	00000000000000000000	00000000000000001000000	00000000000	000000000000000000	000000010000000000001
000100010100	00000000000000001000	00000000110000100000000	00000000000	000000000000000010	000010000000010000000
000100010100	00000000000000001000	00000000110000100000000	00000000000	000000000000000010	000010000000010000000
000000000000	00000100000000000100	00000001000001000010000	00000000000	000000000000000000	010001000000000000000
000000000000	00000000000000000001	00001101000100000010000	00000000000	000000000000000000	010001000000000000000
000100010100	00000000000000001000	00000000110000100000000	00000000000	000000000000000010	000010000000010000000
000000000000	00000000000000000000	00000001000011000010000	00000000000	000000000000000000	010001000000100000000
000000000000	00000100000000000100	00000001000001000010000	00000000000	000000000000000000	010001000000000000000
000001000000	00000000000000000000	00000000000000001000000	00000001000	000000000000000000	100000010000000000001
000001000000	00000000000000000000	00000000000000001000000	00000000001	000000000000000000	000000010000000000001
000000100000	00000000000000000000	00000000000000000000000	00000000000	000010000000000000	000000000000000000010
000001000000	00000000010000000000	00000000000000001000000	00000000000	000000000000000000	000000010000000000001
000000000000	00000000000000000000	00000001000001000010000	00000000000	000100000000000000	010001000000000000000
000001000000	00000000000000000000	00000000000000001000000	00000000000	000000100000000001	000000010000000000001
000001000000	00000000001000000000	00000000000000001000000	00000000000	000000000000000000	000000010000000000101
001000000000	00001000000000100000	00000000000000000001000	00001000000	000000000100100000	000100000010000000000
000001000000	00000000000000000000	00000000000000001000000	00000000001	000000000000000000	000000010000000000001
000001000000	00000000000000000000	00000000000000001100000	00000000000	000000100000000001	000000010000000000001
000100000100	00000000000000001010	00000000100000100000000	00000000000	000000010000000010	000000001000000000000
000001000000	00000000010000000000	00100000000000001000000	00000100000	000000000000000000	000000010000000000001
000001000000	00000000001000010000	00000000000000001000000	00000000000	000000000000000000	000000010000000000101
000000000000	00000000000000000000	00000001000001000010000	00100000000	000000000000000000	010001000000000000000
001000000000	00001000000000100000	00000000000000000001000	00001000000	000000000100100000	000100000010000000000
000001000000	00000000000000000000	00000000000000001000000	00000000001	000000000000000000	000000010000000000001
000001000000	00000000001000000000	00000000000000001000000	00000000000	000000000000000000	000000010000000000101
001000000000	00001000000000100000	00000000000000000001000	01001000000	000000000100100000	000100000010000000000
000001000000	00000000001000000000	00000000000000001000000	00000000000	000000000000000000	000000010000000000101
010000100000	00000000000001000000	00000000000000000000010	00000000000	000010000000000000	000000000000000000010
000001000001	00000000000000000000	00000000000000001000000	00000000000	000000000000000000	000000010000000000001
000001000000	00000000000000000000	00000000000000001000000	00000000000	000000100000000001	000000010000000000001
000001000000	00000000000000000000	00000000000000001000000	00000000000	000000000000000000	100000010000000000001
000000000000	10001000000000000000	00000000000000000001000	00000010000	000000000000000000	000100000000000000000
000001000000	00000000000000000000	00000000000000001000000	00000000001	000000000000000000	000000010000000000001
001000000000	00001000000000100000	00000000000000000001000	00001000000	000000000100100000	000100000010000000000
000001000000	00000000000000000000	00000000000000001000000	00000001000	000000000000000000	100000010000000000001
000001000000	00000000000000000000	00000000000000001000000	00000000000	000000000000000000	000000010000000000001
010000100000	00000000000001000000	00000000000000000000000	00000000000	000010000000000000	000000000000000000010
000110000100	01100000100000001010	00000000100000100000000	10000000000	000000000000010010	000000001000000000000
000100000100	01100000000000001010	00000000100000100000000	10000000000	000000000000000010	000000001000000000000
000001000000	00000000001000000000	00000000000000001000000	00000000000	000000000000000000	000000010000000000101
000100010100	00000000000000001000	00000000101000100000000	00000000000	000000000000000010	000010000000000001000
000001000000	00000000001000000000	00000000000000001000000	00000000000	000000000000000000	000000010000000000101
000001000000	00000000000000000000	00000000000000001000000	00000000000	000000000000000000	100000010000000000001
000100000100	00000000000000001010	00000000100000100000000	00000000000	000000010000000010	000000001000000000000
000100010100	00000000000000001000	00000000100000100000000	00000000000	000000000000000010	000010000000000001000
000001000000	00000000000000000000	00000000000000001000000	00000000001	000000000000000000	000000010000000000001
000100000000	00000000000000001000	00000000100000100000000	00000000000	001000000001000100	000000100100000000000
000100010100	00000000000000001000	00000000110000100000000	00000000000	000000000000000010	000010000000010000000
