000000000000000	000000100000000010	00000000000000000000	00000000000000000000	00000000000000100000	010000000000001000100000
000000000000000	000000000000000010	00000000000000000000	00000000000000000000	00000000000000000000	010000000000000000000000
000000000000000	000000000000000010	00000000000001000000	00000000000000000000	00000000000000000000	010000000000000000000000
100000000010000	000000000001000000	00000000001000000000	00000000100000000000	00010000010000000000	000000000000000000000000
000000000000000	000000000000000010	00000000000000000000	00000000000000000000	00000000000000000000	010000000000000000000000
000100000100010	000000000000000010	00000000000000000000	00000000001000000000	00000000000000000000	010000000000001000000000
000100000000000	000000000000000010	00000000000000000000	00000000000000000000	00000000000000000000	010000000000001000000000
000000000000000	000010000000000110	00000000100000000000	00000000000000000000	00000000000000000001	010000000001000001000000
000100000000100	000000000000000010	00000000000000000000	00000000000000000000	00000000000000000000	010000000000001000000000
000100000000010	000000000000000010	00000000000000000000	00000000000000000000	00000000000000000000	010000000000001000000000
000000000000000	000000000000000010	00010000000000000000	00000000000000000000	00000001000000000000	010000000000001000000000
000000000000000	000000100100000010	00000000000000000000	00000000000000000000	00000000000000100000	010000000000001000100000
000000000000000	010100000000000000	00000000000010000000	10000000000000010000	00000000000000010000	000001000000000000000000
000000000000000	000000100000000010	00000000000000000000	00000000000000000000	00000000000000100000	010000000000001000100000
000000000001001	000000000000000010	00000000000000010000	00111000000000000000	00000000000000000000	010100000000001000000000
010010000000000	000000010010000000	00000000000000000000	00000100000000000000	00000000000000000000	100010000000100010000000
000000000001001	000000000000000010	00000000000000010000	00110000000000000000	00000000000000000000	010100000000001000000000
000001000001001	000000000000000010	00000000000000010000	00110000000000000000	00000000000000000000	010100000000001000000000
000000000000000	000000000000000010	00010000000000000000	00000010000000000000	00000001000000000000	010000000000001000000000
000100000000000	000000000000000010	00000000000000000000	00000000000000000000	00000000000000000000	010000000000001000000000
000000000000000	010100000000010000	00000001000010000000	10000000000000010000	00000000000000000000	000001000000000000000000
000000000000000	010100000000010000	00000001000010000000	10000000000000010000	00000000000000000000	000001000000000000000100
000000000000000	000000100000000010	00000000000000000000	00000000000000000000	00000000000000100000	010000000000001000100000
000100000000000	000000000000000010	00000000000000000000	00000000000000000000	00000000000000000000	010000000000001000000000
000000000000000	000000000000000010	00000000000000000000	00000000000000000000	00000000000000000000	010000000000000000000000
000000000000000	010100000000010000	00000001000010000000	10000000000000010000	00000000000000000000	000001000000000000000100
100000000010000	000000000001000000	00000000001000000010	00000000000000000000	00000000000000000000	000000000000000000000000
000000000001001	000000000000000010	00000000000000010000	00110000000000000000	00000000000000000000	010100000000001000000000
000000000000000	000000000000000010	00010100000000000000	00000000000000000000	00000001000000000100	010000000000001000000000
000000000000000	000010000000000110	00000000100000000000	00000000000000000000	00000000000000000000	010000000001000001000000
000100000000000	000000000000000010	00000000000000000000	00000000000000000000	00000000000000000000	010000000000001000000000
100000000010000	000000000001000000	00000000001000000000	00000000100000100000	00010000000000000000	000000000000000000000000
000100000000000	000000000000000010	00000000000000000000	00000000000000000000	00000000000000000000	010000000000001000000000
000000000001001	000000000000000010	00000000000000000000	00110000000000000000	00000000000000000000	010100000000001000000000
100000000010000	000000000001000000	00000000001000000010	00000000000000000000	00000000000000000000	000000000000000000000000
000000000000000	000000100000000010	00000000000000000000	00000000000000000000	01000000000010100000	010000000000001000100000
000000000000000	010100000000010000	00000001000010000000	10000000000000010000	00000000000000000000	000001000000000000000100
000000000000000	000000100000000010	00000000000000000000	00000000000000000000	10000000000000100000	010000000000001000100000
000100000000010	000000000000000010	00000000000000000000	00000000000000000000	00000000000000000000	010000000000001000000000
000100000000000	000000000000000010	00000000000000000000	00000000000000000000	00000000000000000000	010000000000001000000000
000000000001001	000000000000000010	00000000000000010000	00110000000000000000	00000000000000000000	010100000000001000000000
000000000000000	000000000000100010	00010000000000000000	00000010000000000000	00000001000000000000	010000000000001000000000
100000000010000	000000000001000000	00000000001000000010	00000000000000000000	00000000000000000000	000000000000000000000000
100000000010000	000000000001000000	00000000001000000000	00000000100000000000	00010000000000000000	000000000000000000000000
100000000010000	000000000001000000	00000000001000000000	00000000000000000000	00000000000000001000	001000000110000000000000
000000000000000	000010000000000010	10000000000000000000	00000000000100001000	00100000000100000010	010000000001000000000000
000100000000000	000000000000000010	00000000000000000000	00000000000000000000	00000000000000000000	010000000000001000000000
000000000000000	000000000000000010	00010000000000000000	00000010000000000000	00000001000000000000	010000000000001000000000
000000000000000	000000000000000010	00010000000000000000	00000000000000000000	00000001000000000000	010000000000001000000000
000000000001001	000000000000000010	00000000000000000000	00110000000000000000	00000000000000000000	010100000000001000000000
000100000000100	000000000000000010	00000000000000000000	00000000000000000000	00000000000000000000	010000000000001000000000
000000000000000	100000100000000010	00000000000000000100	00000000000000000001	00000000000000100000	010000000000001000100000
100000000010000	000000000001000000	00000000001000000010	00000000000000000000	00000000000000000000	000000000000000000000000
000000000001001	000000000000000010	00000000000000000000	00110000000000000000	00000000000000000000	010100000000001000000000
000100000000010	000000000000000010	00000000000000000000	00000000000000000000	00000000000000000000	010000000000001000000000
010010000000000	000000010010000000	00000000000000000000	00000100000000000000	00000000000000000000	100010000000100010000000
000000000000000	000000000000000010	00000000000001000000	00000000000000000000	00000000000000000000	010000000000000000000000
000000000001001	000000000000000010	00000000000000000000	00110000000000000000	00000000000000000000	010100000000001000000000
100000000010000	000000000001000000	00000000001000000010	00000000000000000000	00000000000000000000	000000000000000000000000
000000000000000	000000100000000010	00000000000000000000	00000000000000000000	00000000000000100000	010000000000001000100000
000000000000000	100000100000000010	00000000000000000100	00000000000000000001	00000000000000100000	010000000000001000100000
000000000000000	000000100000000010	00000000000000000000	00000000000000000000	00000000000000100000	010000000000001000100000
100000000010000	000000000001000000	00000000001000000000	00000000100000100000	00010000000000000000	000000000000000000000000
000100000100010	000000000000000010	00000000000000000000	00000000001000000000	00000000000000000000	010000000000001000000000
100000000010000	000000000001000000	00000000001000000010	00000000000000000000	00000000000000000000	000000000000000000000000
000100000000000	000000000000000010	00000000000000000000	00000000000000000000	00000000000000000000	010000000000001000000000
000000000000000	000000000000100010	00010000000000000000	00000010000000000000	00000001000000000000	010000000000001000000000
000000000000000	010100000000010000	00000001000010000000	10000000000000010000	00000000000000000000	000001000000000000000000
000000000000000	000010000000000010	10000000000000001000	00000000000000001000	00100000000000000010	010000000001000000000000
000000001000000	000010000000000010	10000000000000000000	00000000000000001000	00100000000000000010	010000000001000000000000
100000000010000	000000000001000000	00000000001000000000	00000000000000000000	00000000000000001000	001000000110000000000000
000000000000000	000000101000000010	00000000000000000000	00000000000000000000	00000000000000100000	010000000000001000101010
001000000000000	000000000000000000	00000000000000000000	00000000000010000100	00000100100001000000	000000000000000000010000
000000010000000	000000000000001010	00010000000100000000	01000000000000000000	00000001000000000000	010000000000001000000000
000000000000000	000001000000000010	00010000000100000000	00000000000000000000	00000001000000000000	010000100000001000000000
000100000100010	000000000000000010	00000000000000000000	00000000001000000000	00000000000000000000	010000000000001000000000
000000000000000	010100000000010000	00000001000010000000	10000000000000010000	00000000000000000000	000001000000000000000100
000000000000000	000000000000000010	00000000000000000001	00000000000000000000	00000000000000000000	010000000000010100000001
000000000000000	000010000000000010	10000000000000001000	00000000010000001000	00100000000000000010	010000000001000000000000
010010000000000	000000010010000000	00000000000000000000	00000100000000000000	00000000000000000000	100010000000100010000000
000000000000000	000000000000000010	00000000000001000000	00000000000000000000	00000000000000000000	010000000000000000000000
000000000000000	000000000000000010	00010000000000000000	00000000000000000000	00000001001000000000	010000000000001000000000
000100000000000	000000000000000010	00100000000000000000	00000000000000000000	00000000000000000000	010000000000001000000000
000000000001001	000000000000000010	00000000000000010000	00110000000000000000	00000000000000000000	010100000000001000000000
100000000010000	000000000001000000	00000000001000000000	00000000100000000000	00010000000000000000	000000000000000000000000
010010000000000	000000010010000000	00000000000000000000	00000100000000000000	00000000000000000000	100010000000100010000000
000000000001001	000000000000000010	00000000000000000000	00110001000000000000	00000000000000000000	010100000000001000000000
000000000000000	000001000000000011	00010000000100000000	00000000000000000000	00000001000000000000	010000100000001000000000
000100000000000	000000000000000010	00001000000000000000	00000000000000000000	00000000000000000000	010000000000001000000000
000100000000000	000000000000000010	00000000000000000000	00000000000000000000	00000000000000000000	010000000000001000000000
100000000010000	000000000001000000	00000000001000000010	00000000000000000000	00000000000000000000	000000000000000000000000
100000000010000	000000000001000000	00000000001000000000	00000000100000000000	00010000000000000000	000000000000000000000000
000000000000000	000010000000000010	10000000000000001000	00000000010000001000	00100000000000000010	010000000001000000000000
000000000000000	000000000000000010	00010110000000000000	00000000000000000000	00000001000000000100	010000000000001000000000
100000000010000	000000000001000000	00000000001000000010	00000000000000000000	00000000000000000000	000000000000000000000000
000000000000000	000000000000000010	00000000000000000001	00000000000000000000	00000000000000000000	010000000000010100000001
000000000000000	000000100000000010	00000000000000000000	00000000000000000000	00000000000000100000	010000000000001000100000
000000000000000	000000000000000010	00010000000000000000	00000010000000000000	00000001000000000000	010000000000001000000000
000100000000100	000000000000000010	00000000000000000000	00000000000000000000	00000000000000000000	010000010000001000000000
000100000000000	000000000000000010	00000000000000000000	00000000000000000000	00001000000000000000	010000000000001000000000
100000000010000	000000000001000000	00000000001000000010	00000000000000000000	00000000000000000000	000000000000000000000000
000000000001001	000000000000000010	00000000000000000000	00110000000000000000	00000000000000000000	010100000000001000000000
000000000000000	000010000000000010	10000000000000001000	00000000010000001000	00100000000000000010	010000000001000000000000
000000000000000	000000100000000010	00000000000000000000	00000000000000000000	00000000000000100000	010000000000001000100000
000100000000100	000000000000000010	00000000000000000000	00000000000000000000	00000000000000000000	010000000000001000000000
000000000000000	010100000000010000	00000001000010000000	10000000000000010000	00000000000000000000	000001000000000000000100
000000000000000	000000000000000010	00000000000000000001	00000000000000000000	00000000000000000000	010000000000010100000001
000000000001001	000000000000000010	00000000000000010000	00110000000000000000	00000000000000000000	010100000000001000000000
100000000010000	000000000001000000	00000000001000000000	00000000000000000000	00000000000000001000	001000000110000000000000
000100000000000	000000000000000010	00000000000000000000	00000000000000000000	00000000000000000000	010000000000001000000000
000000000000000	000001000000000010	00010000000100000000	00000000000000000000	00000001000000000000	010000000000001000000000
000000000000000	000000101000000010	00000000000000000000	00000000000000000010	00000000000000100000	010000000000001000101010
000100000000010	000000000000000010	00000000000000000000	00000000000000000000	00000000000000000000	010000000000001000000000
000000000000000	000000100000000010	00000000000000000000	00000000000000000000	10000000000000100000	010000000000001000100000
000100000000000	000000000000000010	00000000000000000000	00000000000000000000	00000000000000000000	010000000000001000000000
010010000000000	000000010010000000	00000000000000000000	00000100000000000000	00000000000000000000	100010000000100010000000
000000000000000	000000000000000010	00000000000000000000	00000000000000000000	00000000000000000000	010000000000000000000000
000000000001001	000000000000000010	00000000000000000000	00110000000000000000	00000000000000000000	010100000000001000000000
100000000010000	000000000001000000	00000000001000000000	00000000000000000000	00000000000000001000	001000000110000000000000
000000000000000	010100000000010000	00000001000010000000	10000000000000010000	00000010000000000000	000001000000000000000100
000000000000000	010100000000000000	00000001000010000000	10000000000000010000	00000000000000000000	000001000000000000000000
000000000000000	100000100000000010	00000000000000000100	00000000000000000001	00000000000000100000	010000000000001000100000
000100000000000	000000000000000010	00000000000000000000	00000000000000000000	00000000000000000000	010000000000001000000000
000000000000000	000000000000000010	00000000000000000000	00000000000000000000	00000000000000000000	010000000000000000000000
000100000000000	000000000000000010	00100000000000000000	00000000000000000000	00000000000000000000	010000000000001000000000
000000000000000	000000000000000010	00010000000000000000	00000010000000000000	00000001000000000000	010000000000001000000000
000000000001001	000000000000000010	00000000000000000000	00110000000000000000	00000000000000000000	010100000000001000000000
000000000000000	000000100000000010	00000000000000000000	00000000000000000000	01000000000000100000	010000000000001000100000
100000000010000	000000000001000000	00000000001000000010	00000000000000000000	00000000000000000000	000000000000000000000000
000000000000000	000000100000000010	00000000000000000000	00000000000000000000	00000000000000100000	010000000000001000100000
010010000000000	000000010000000000	00000000000000000000	00000000000000000000	00000000000000000000	100010000000100000000000
000000000000000	000000000000000010	00010000000000000000	00000010000000000000	00000001000000000000	010000000000001000000000
000000000001001	000000000000000010	00000000000000010000	00110000000000000000	00000000000000000000	010100000000001000000000
000000000000000	000000000000000010	00000000000000000000	00000000000000000000	00000000000000000000	010000000000000000000000
000000000000000	000010000000000010	10000000000000001000	00000000000000001000	00100000000000000010	010000000001000000000000
001000000000000	000000000000000000	00000000000000000000	00000000000010000100	00000100100001000000	000000000000000000010000
000000000000000	010100000000000000	01000000000010000000	10000000000000010000	00000000000000010000	000001001000000000000000
000000010000000	000000000000001010	00010000000100000000	01000000000001000000	00000001000000000000	010000000000001000000000
000000000000000	000010000000000110	00000000100000000000	00000000000000000000	00000000000000000000	010000000001000001000000
000000000000000	000010000000000010	10000000000000001000	00000000000000001000	00100000000000000010	010000000001000000000000
000000000000000	000001000000000010	00010000000100000000	00000000000000000000	00000001000000000000	010000000000001000000000
000000000000000	000000000000000010	00000000000000000000	00000000000000000000	00000000000000000000	010000000000000000000000
100000000010000	000000000001000000	00000000001000000010	00000000000000000000	00000000000000000000	000000000000000000000000
000000000001001	000000000000000010	00000000000000000000	00110000000000000000	00000000000000000000	010100000000001000000000
000000000000000	000000000000000010	00000000000000000000	00000000000000000000	00000000000000000000	010000000000000000000000
100000000010000	001000000001000000	00000000001000000010	00000000000000000000	00000000000000000000	000000000000000000000000
000000000000000	000010000000000110	00000000100000000000	00000000000000000000	00000000000000000000	010000000001000001000000
000000000000000	000000100000000010	00000000000000000000	00000000000000000000	00000000000000100000	010000000000001000100000
000100000000000	000000000000000010	00000000010000000000	00000000000000000000	00000000000000000000	010000000000001000000000
000000100000000	010100000000010000	00000001000010100000	10000000000000010000	00000000000000000000	000001000000000000000000
