0000000000000001100000	0000100000000000001	0000000000000100	0000000	00000000000000000000	00000000000000
0000000000010000000000	0100000000000011000	0000000001000001	0000000	01000000000000000000	00001000000010
0000000000001100000000	0000000000010011010	0000000001000001	0000010	01000000000000000000	00001000000000
0000000000000000000010	0000000000000000000	0000100000000000	0000000	00001000100100100000	00000000000000
0000000000000000000100	0000000000000000000	0000001100000000	0001000	00000000000000000000	00000010000100
0000000000000000000100	0000000000000000000	0001000100000000	0001000	00000000000000000000	00000010000100
0000000000000000100000	0000000000000000000	0000000000000100	0000000	00000000000001000000	10000000000000
0000000000000000000100	0000000000000000100	0000000100000000	0001000	00000000000000000000	00000010000100
0000000000000000100000	0000000000000000000	0000000000000100	0000000	00000000000001000000	10000000000000
0000000000000000000100	0000000010000000000	0000000100000000	0001001	00000001000000000000	00000010000100
0000000000000000100000	0000000000000000000	0000000000000100	0000000	00000000001001000000	10000000000000
0000000100000000000100	0000000000000000000	0000000100000000	0001000	00000000000000000000	00000010000100
0000000000001100000000	0000000000000011000	0000000001000001	0000010	01000000000000000000	00001000000000
0000000000000000000010	0000000000000000000	0000100000000000	0000000	00000000100100100000	00000000000000
0000000000000000000100	0000000000000000000	1000000100000000	0001000	00000000000000000000	00000010000100
0000000000000000000100	0000000000000000000	0000001100000000	0001000	00000000000000000000	00000010000100
0000000000000000000100	0000000011000100000	0000000100000000	0001001	00000000000000000000	00000010000100
0100000000000010000001	0000000000000000000	0010000001000001	0000100	01000000000000000000	01000000000000
0000100000000000000010	0000000000000000000	0000100000000000	0000000	00000000100100100000	00000000001000
0000000000000000000010	0000000000000000000	0000100000000000	0000000	00001000100100100000	00000000000000
0000000010000000000010	0000000000000000000	0000100000000000	0000000	00000000100100100000	00000000001000
0000000000000000000100	0000000000000000000	0000000100000000	0001000	00000000000000000100	00000010000100
0000000000000000100000	0000000000000000000	0000000000000100	0000000	00000000000000000000	00000000000000
0000000100000000000100	0000000000000000000	0000000100000000	0001000	00000000000000000000	00000010000100
0000000000000000100000	0000000000000000000	0000000000000100	0000000	00000000001001000000	10000000000000
0000000000000000100000	0000000000000000000	0000000000000100	0000000	00000000000000000000	00000000000000
0000000000000000100000	0000000000000000000	0000000000000100	0000000	00000000000000000000	00000000000000
0000000000000000000100	0000000000000000000	1000000100000000	0001000	00000000000000000000	00000010000100
0000000000000000000100	0010000000000000000	0000000100000000	0011000	00000000000000000000	00000010000100
0000000000000000100000	0000100000000000000	0000000000000100	0000000	00000000000000000000	00000000000000
0000000000000000000100	0000000000000000000	0000000100000000	0001000	00000000000000000100	00000010000100
0000000000000000100000	0000000000000000000	0000000000000100	0000000	00000000000000000000	00000000000000
0000000000000000000100	0000000011000100000	0000000100000000	0001001	00000000000000000000	00000010000100
0000000000000000000100	0000000000000000000	0001000100000000	0001000	00000000000000000000	00000010000100
0000000000000001100000	0000100000001000000	0000000000000100	0000000	00000000000000000000	00000000000000
0000000000000001100000	0000100000000000000	0000000000000100	0000000	00000000000000000000	00000000000000
0000000100000000000100	0000000000000000000	0000000100000000	0001000	00000000000000000000	00000010000100
0000000000000001100000	0000100000000000001	0000000000000100	0000000	00000000000000000000	00000000000000
0000000100000000000100	0000000000000000000	0000000100000000	0001000	00000000000000000000	00000010000100
0000000000000000000100	0000000000000000000	1000000100000000	0001000	00000000000000000000	00000010000100
0000000000000000000100	0000000000000000000	0001000100000000	0001000	00000000000000000000	00000010000100
0100000000000010000001	0000000000000000000	0010000001000001	0000100	01000000000000000000	01000000000000
0000000000001100000000	0000000000000011000	0000000001000001	0000010	01000000000000000000	00001000000000
0100000000000010000001	0000000000000000000	0010000001000001	0000100	01000000000000000000	01000000000000
0000000000001100000000	0000000000000011010	0000000001000001	0000010	01000000000000000000	00001000000000
0000000000001100000000	0000000000000011000	0000000001000001	0000010	01000000000000000000	00001000000000
0000000000000000100000	0000000000000000000	0000000000000100	0000000	00000100000000000000	00000000000000
0000000000000000000010	0000000000000000000	0000100000000000	0000000	00000000100100100000	00000000000000
0000000000000001100000	0000100000000000000	0000000000000100	0000000	00000000000000000000	00000000000000
0000000000000000100000	0000000000000000000	0000000000000100	0000000	00000000000000000000	00000000000000
0000000000000000000010	0000000000000000000	0000100000000000	0000000	00001000100100100000	00000000000000
0000000000000000100000	0000000000000000000	0000000000000100	0000000	00000000000000000000	00000000000000
0000000000000000000100	0000000000000000000	1000000100000000	0001000	00000000000000000000	00000010000100
0001010000000000000000	0000001000100000000	0000000000001000	0000000	10100010010010000000	00000000110001
0000000000000001100000	0000100000000000000	0000000000000100	0000000	00000000000000000000	00000000000000
0000000000000000000010	0000000000000000000	0000100000000000	0000000	00001000100100100000	00000000000000
0000000000000000000100	0000000010000100000	0000000100000000	0001001	00000000000000000000	00000010000100
0001010000000000000000	0000001000100000000	0000000000001000	0000000	10100010010010000000	00000000110001
0000000000000000000000	0000000000000000000	0000000000000000	0001000	00000000000000000010	00000010000000
0000000000000000100000	0000000000000000000	0000000000010100	0000000	00000000000000000000	00000000000000
0000000000000000000100	0000000000000000000	0001000100000000	0001000	00000000000000000000	00000010000100
0000000000000000000010	0000000000000000000	0000100000000000	0000000	00001000100100100000	00000000000000
0000100000000000000010	0000000000000000000	0000100000000000	0000000	00000000100100100000	00000000001000
0000000000000001100000	0000100000001000000	0000000000000100	0000000	00000000000000000000	00000000000000
0000000000000000000100	0000000010000000000	0000000100000000	0001001	00000000000000000000	00000010000100
0000000001000000100000	0000000000000000000	0000000000000100	0000000	00010000000001000000	10010000000000
0000000000000000000000	1100000000000011000	0000000001000001	0000000	01000000000000000000	00001000000000
0000000000000000000100	0000000000000000000	0101000100000000	0001000	00000000000000000000	00000010000100
1000000000000000000100	0000000100000000000	0000000100000000	0001000	00000000000000000000	00000010000100
0000000000000000100000	0000000000000000000	0000000000000100	0000000	00000000000001000000	10000000000000
0000000000001100000000	0000000000000011010	0000000001000001	0000010	01000000000000000000	00001000000000
0000000000000000100000	0000000000000000000	0000000000000100	0000000	00000000000001000000	10000000000000
0000000000000000100000	0000000000000000000	0000000000000100	0000000	00000000000001000000	10000000000000
0000000000000000000100	0000000000000000000	0001000100000000	0001000	00000000000000000000	00000010000100
0000000000000000100000	0000000000000000000	0000000000000100	0000000	00000000000000000000	00000000000000
0000000000000000100000	0000000000000000000	0000000000000100	0000000	00000000000000000000	00000000000000
0000000000000000100000	0000000000000000000	0000000000000100	0000000	00000000000001000000	10000000000000
0000000000000000000100	0000000000000000000	1000000100000000	0001000	00000000000000000000	00000010000100
0000000000000000100000	0000000000000000000	0000000000000100	0000000	00000000000000000000	00000000000000
0000000000000000000100	0000000000000000000	0001000100000000	0001000	00000000000000000000	00000011000100
0000000001000000100000	0000000000000000000	0000000000000100	0000000	00010000000001000000	10010000000000
0000000000000000100000	0000000000000000000	0000000000000100	0000000	00000000001001000000	10000000000000
0000000000000000000100	0000000000000000000	0001000100000000	0001000	00000000000000000000	00000010000100
0000000000000000000100	0000000000000000000	1000000100000000	0001000	00000000000000000000	00000010000100
0000000000000000100000	0000000000000000000	0000000000000100	0000000	00000000000000000000	00000000000000
0000000000000000000100	0000000010000100000	0000000100000000	0001001	00000000000000000000	00000010000100
0000000000000000100000	0000000000000000000	0000000000000100	0000000	00000000000001000000	10000000000000
0000000000000000000000	0000000000000000000	0000000001000001	0000000	01000000000000000001	00100000000000
0000000000000001100000	0000100000000000000	0000000000000100	0000000	00000000000000000000	00000000000000
1000000000000000000100	0000000000000000000	0000000100100000	0001000	00000000000000000000	00000110000100
0000000000001100000000	0000000000000011010	0000000001000001	0000010	01000000000000000000	00001000000000
0000000000000000000000	0000000000000011000	0000000001000011	0000010	01000000000000010000	00001000000000
0000000000000000000000	0000000000000011000	0000000001000011	0000010	01000000000000010000	00001000000000
0000100000000000000010	0000000000000000000	0000100000000000	0000000	00000000100100100000	00000000001000
0000000000000000000100	0010000000000000000	0000000100000000	0011000	00000000000000000000	00000010000100
0000000000000000000010	0000000000000000000	0000100000000000	0000000	00000000100100100000	00000000000000
0000000000000000100000	0000000000000000000	0000000000000100	0000000	00000000001001000000	10000000000000
0000000000000000000100	0000000010000100000	0000000100000000	0001001	00000000000000000000	00000010000100
0000000000000000000000	0000000000000011000	0000000001000001	0000010	01000000000000000000	00001000000000
0000000000000000100000	0000000000000000000	0000000000000100	0000000	00000000000001000000	10000000000000
0000000000000000000000	0100000000000011000	0000000011000001	0000000	01000000000000000000	00001000000000
0000000000000000000100	0000000000000000000	1000000100000000	0001000	00000000000000000000	00000010000100
0000000000000000000100	0000000010000100000	0000000100000000	0001001	00000000000000000000	00000010000100
0000000000100000000010	0000000000000000000	0000100000000000	0000000	00000000100100101000	00000000001000
0000000100000000000100	0000000000000000000	0000010100000000	0001000	00000000000000000000	00000010000100
0000000000000000001100	0000000010000000000	0000000100000000	0001001	00000000000000000000	00000010000100
0000000000000000000000	0000000000000000000	0000000001000001	0000000	01000000000000000001	00100000000000
0001010000000000000000	0000001000100000000	0000000000001000	0000000	10100010010010000000	00000000110001
0000000000000000100000	0000000000000000000	0000000000000100	0000000	00000000000001000000	10000000000000
0000000000000001100000	0000100000000000000	0000000000000100	0000000	00000000000000000000	00000000000000
0000000000000000100000	0000000000000000000	0000000000000100	0000000	00000000000001000000	10000000000000
0000000000000000000100	0000000000000000000	1000000100000000	0001000	00000000000000000000	00000010000100
0000000000000000100000	0000000000000000000	0000000000000100	0000000	00000000000000000000	00000000000000
0000000000000000000100	0000000000000000000	0001000100000000	0001000	00000000000000000000	00000010000100
0100000000000010000001	0000000000000000000	0010000001000001	0000100	01000000000000000000	01000000000000
0000000000000000100000	0000000000000000000	0000000000000100	0000000	00000000000001000000	10000000000000
0000000000000000000100	0011000000000000000	0000000100000000	0011000	00000000000000000000	00000010000100
0000000000000000000010	0000000000000000000	0000100000000000	0000000	00000000100100101000	00000000001000
0000000000000000100000	0000000000000000000	0000000000000100	0000000	00000000000000000000	00000000000000
0000001000000000100000	0000000000000000000	0000000000000100	1000000	00000000000001000000	10000000000000
0000000000000000100000	0000000000000000000	0000000000000100	0000000	00000000000001000000	10000000000000
0000000000000000100000	0000000000000000000	0000000000000100	0000000	00000000000001000000	10000000000000
0000000000000000001100	0000010010000000000	0000000100000000	0001001	00000000000000000000	00000010000100
0000000000001100000000	0000000000000011010	0000000001000001	0000010	01000000000000000000	00001000000000
0000000010000000000010	0000000000000000000	0000100000000000	0000000	00000000100100100000	00000000001000
0000000100000000000100	0000000000000000000	0000000100000000	0001000	00000000000000000000	00000010000100
0000000000000000100000	0000000000000000000	0000000000000100	0000000	00000000000001000000	10000000000000
0000000000000000100000	0000000000000000000	0000000000000100	0000000	00000000000001000000	10000000000000
0000000000000000100000	0000000000000000000	0000000000000100	0000000	00000000000001000000	10000000000000
0000100000000000000010	0000000000000000000	0000100000000000	0000000	00000000100100100000	00000000001000
0100000000000010000001	0000000000000000000	0010000001000001	0000100	01000000000000000000	01000000000000
0010000000000000000100	0000000000000000100	0000000100000000	0001000	00000000000000000000	00000010000100
0100000000000010000001	0000000000000000000	0010000001000001	0000100	01000000000000000000	01000000000000
0000000000000000100000	0000000000000000000	0000000000000100	0000000	00000000000000000000	00000000000000
0000000000000001100000	0000100000001000000	0000000000000100	0000000	00000000000000000000	00000000000000
0000000000000000010010	0000000000000000000	0000100000000000	0000000	00000000100100100000	00000000001000
0000000000000000100000	0000000000000000000	0000000000000100	0000000	00000000000000000000	00000000000000
0000000000000000100000	0000100000000000000	0000000000000100	0100000	00000000000000000000	00000000000000
0000000000000000000000	0000000000000011000	0000000001000011	0000010	01000000000000010000	00001000000000
0100000000000010000001	0000000000000000000	0010000001000001	0000100	01000000000000000000	01000000000000
0000000001000000100000	0000000000000000000	0000000000000100	0000000	00010000000001000000	10010000000000
0000000000000000000100	0000000000000000000	0001000100000000	0001000	00000000000000000000	00000010000100
0000000000000000000000	0000000000000011000	0000000001000001	0000010	01000000000000000000	00001000000000
0000000000000000001100	0000000010000000000	0000000100000000	0001001	00000000000000000000	00000010000100
0001010000000000000000	0000001000100000000	0000000000001000	0000000	10100010010010000000	00000000110001
0000000100000000000100	0000000000000000000	0000000100000000	0001000	00000000000000000000	00000010000100
0000000000000000000000	0000000000000000000	0000000000000000	0001000	00000000000000000010	00000010000000
0000000000000000100000	0000000000000000000	0000000000000100	0000000	00000000000001000000	10000000000000
0000000000000000000100	0000000010000000000	0000000100000000	0001001	00000001000000000000	00000010000100
0000000000000000000100	0000000010000100000	0000000100000000	0001001	00000000000000000000	00000010000100
