00000000000000000000	000000000000001000	000000000000000000001000000000100000	00000000000000000000100	0001000000000000000010	00000000000001000000
00000000000000000000	000000000000000000	000000000001000000000000000000000000	00000000000010000000000	0010000000000000000000	00000000000000000000
00100000000000000000	000000000000000000	001000000000000000000000000000000000	01000000000000000000000	0000000000100001000000	10001000000000010000
00100000000000000000	000000000000000000	001000000000000000000000000000000000	00000000000000001000000	0000000000000001000000	10000100000000010000
00100000000000000000	000000000000000000	001000000000000000000000000000000000	01000000000000000001000	0000000000000001000000	10001000000000010000
10000000000000000000	000000000000000001	000000000000000000000000000000000000	00001000000100000000000	0000010000000000000000	00000011000000000000
00000000000000000000	000000000000001000	000000000000000000001000001000100000	00000000000000000000100	0001000000000000000010	00000000000001000000
00001000000000000000	000000000000000000	000000000000000000001000000100000000	00000000000000000000000	0001000000000000000010	00000000000000000000
00100000000000000000	000000000000000000	001000000000000000000000000000000000	01000000000000000000000	0000000000000001000000	10001000000000010000
00000010000000010000	000000000000000010	000000000010000000000000000000000000	00000000000000000000000	0100000000000000000000	00000000001000000001
10000000000000000000	000010000000000001	000000000000000000000000000000000000	00001000000100000000000	0000010000000000000000	00000011000000000000
00001000000000000000	000000000000100000	000000000000000000001000000100000000	00000000000000000000000	0001001000000000000010	00000000000000000000
00100000000000000010	000000000000000000	001000000000100000000000000000000000	00000000000000000010000	0000000000000000000000	00000000000000101000
00000000000000000000	000000000000000000	000000001000000000000001000010000000	00000000000100000000000	0000000000000000000000	00000001000000000000
00000000000000010000	000000000000000100	000000100010000000000000000000000000	00000000000000000000000	1100000000000000000000	00000000000000000001
00100000000000000000	000000000000000000	001000000000000000000000000000000000	01000000000000000000000	0000000000100001000000	10001000000000010000
00000000010000000000	000000000000001000	000000000000000000001000000000100000	00000000000000000000000	0001000000000000000010	01000000000000000000
00000000000000000000	000000000000000000	000000000001000000000000010000000000	00000000000010000000000	0000000000000000000000	00000000000000000000
00100000000000000000	000000000000000000	001000000000000000000000000000000000	01000000000000000000000	0000000000100001000000	10001000000000010000
00000010000000010000	000000000000000000	000000000010000000000000000000000000	00000000000000000000000	0100000000000000000000	00000000001000000001
10000000000000000000	000010000000000001	000000000000000000000000000000000000	00001000000100000000000	0000010000000000000000	00000011000000000000
00000000010000000000	000000000000001000	000000000000000000001000000000100000	00000000000000000000000	0001000000000000000010	01000000000000000000
00000000000000110000	000000000000000000	000000000110000000000000000000000000	00000000000000000000000	0100000000000000100000	00000000000000000001
00100000000000000010	000000000000000000	001000000000101000000000000000000000	00000000000000000010000	0000000000000000000000	00000000000000101000
00000000000001000000	000000010000000000	000000000001000000000000000000000000	00000000000010000000000	0000000010000000000000	00000000000000000000
00001000000000000000	000000000000000000	000000000000000000001000000100000000	00000000000000000000000	0001000000000000000010	00000000000000000000
00100000000000000000	000000000000000000	001000000000000000000000000000000000	01000000000000000000000	0000000000000001000000	10001000000000010000
00000000010000000000	000000000000001000	000000000000000000001000000000100000	00000000000000000000000	0001000000000000000010	01000000000000000000
00000010000000010000	000000000000000000	000000000010000000000000000000000000	00000000000000000000000	0100000000000000000000	00000000001000000001
00000010000000010000	000000000000000000	000000000010000000000000000000000000	00000000000000000000000	0100000000000000000000	00000000001000000001
00100000000000000000	000000000000000000	001000000000000000000000000000000000	01000000000000000000000	0000000000000001000000	10001000000000010000
00100000000000000000	000000000000000000	001000000000000000000000000000000000	00000000000000000000000	0000000000000001000000	10000000000000000000
10000000000000000000	000000000000000001	000000000000000000000000000000000000	00001000000100000000000	0000010000000000000000	00000011000000000000
00000000000000000000	000000000000000000	000000000001000000000000000000000000	00000000000010000000000	0000000000000000000000	00000000000000000000
00000000000000110000	000000000000000000	000000000110000000000000000000000000	00000000000000000000000	0100000000010000000000	00000000000000000001
10000000000000000000	000000000000000001	000000000000000000000000000000000000	00001000000100000000000	0000010000000000000000	00000011000000000000
00100000000000000010	000000000000000000	001000000000100000000000000000000000	00000000000000000010000	0000000000000000000000	00000000000000101000
10000000000000000000	000010000000000001	000000000000000000000000000000000000	00001000000100000000000	0000010000000000000000	00000011000000000000
00000000010000000000	000000000000001000	000000000000000000001000000000100000	00000000000000000000000	0001000000000000000010	01000000000000000000
00100000000000000010	000000000000000000	001000000000101000000000000000000000	00000000000000000010000	0000000000000000000000	00000000000000101000
10000000000000000000	000000000000000001	000000000000000000000000000000000000	00001000000100000000000	0000010000000000000000	00000011000000000000
00000000000000000000	000000001000000000	000000000000000100000000000000000000	00000000001100000000000	0000000000000000000000	00010001000000000000
00000000010000000000	000000000000001000	000000000000000000001000000000100000	00000000000000000000000	0001000000000000000010	01000000000000000000
00000000000000000100	000000100000000000	000100001000000000000011000000000000	00000000100100000000000	0000000000000000010000	00000001010000000000
00000000000000000000	000000001000000000	000000000000000100000000000000000000	00000000001100000000000	0000000000000000000000	00010001000000000000
00000000000000000000	000000000000001000	000000000000000000001000000000100000	00000000000000000000100	0001000000000000000010	00000000000001000000
10000000000000000000	000000000000000001	000000000000000000000000000000000000	00001000000100000000000	0000010000000000000000	00000011000000000000
00000000000000000100	000000100000000000	000000001000000000000001000000000000	00000000000100000000000	0000000000000000000001	00000001000000000000
00000000010000000000	000000000000001000	000000000000000000001000000000101000	00000100000000000000000	0001000000000000000010	01000000000000000000
00000000000001000000	000000010000000000	000000000001000000000000000000000000	00000000000010000000000	0000000010000000000000	00000000000000000000
00000000000000000000	000000000000000000	000000000001000000000000010000000000	00000000000010000000000	0000000000000000000000	00000000000000000000
00000000000000010000	000000000000000000	000000000000000000000000100000000001	00000000000000000000000	0100000000000000000000	00100000000000000001
00000000000000000000	000000000000001000	000000000000000000001000000000100000	00000000000000000000100	0001000000000000000010	00000000000001000000
00000000000001000000	000000010000000000	000000000001000000000000000000000000	00000000000010000000000	0000000010000000000000	00000000000000000000
00001000000000000000	000000000000000000	000000000000000000001000000100000000	00000000000000000000000	0001000000000000000010	00000000000000000000
00000000000000000000	000000000000000000	000000001000000000000001000000000000	00000000000100000000000	0000000000000000000000	00000001000000000000
00100000000000000000	000000000000000000	001000000000000000000000000000010000	00000000000000000000000	0000000000000001000000	10000000000000000000
00100000000100000000	000000000000000000	001000000000000000000000000000000000	00000000000000000000000	0000000000000000000000	10000000000000000000
00000100000000000100	000000100000000000	000000001000000000000001000000000000	00000000000100000000000	0000000000000000000000	00000001000000000000
00000000000000000000	000000000000000000	000000000001000000000000010000000000	00000000000010000000000	0000000000000000000000	00000000000000000000
00000000000000000000	011000000000010000	000000000000000001000000000000000000	00100000000000000000000	0000000000000000000000	00000000000100000000
00000000010000000000	000000000000001000	000000000000000000001000000000100000	00000000000000000000000	0001000000000000000010	01000000000000000000
00000000000000000100	000000100000000000	010000001000000000000001000000000100	00000000000100000000000	0000000000000000000000	00000001000000000000
00000001000000000000	000000000100000000	000001000000000000100000000000000000	00000000000000000000000	0000100100000000000000	00000000000000000010
00000100000010000100	000000100000000000	000000001000000000000001000000000000	00000000000100000000000	0000000000000000000000	00000001000000000000
00100000000000000000	000000000000000000	001000000000000000000000000000000000	00000000000000000000000	0000000000000001000000	10000000000000000000
00000000010000000000	000000000000001000	000000000000000000001000000000100000	00000000000000000000000	0001000000000000000010	01000000000000000000
00000000000000000000	011000000000000000	000000000000000001000000000000000000	00100000000000000000000	0000000000000000000000	00000000000100000000
10000000000000000000	000000000000000001	000000000000000000000000000000000000	00001000000100000000000	0000010000000000000000	00000011000000000000
00000000000000000000	011100000000000000	000000000000000001000000000001000000	00100000000000000000000	0000000000000000000000	00000000000100000000
00000000000000000000	000000000010000000	000000000000000010000000000000000000	00000000000000000000000	0100000000000000000000	00000000000000000001
00000000000000010000	000000000000000000	000000000000000000000000100000000001	00000000000000000000000	0100000000000000000000	00100000000000000001
00000000000000000000	011001000001000000	000000000000000001000000000000000000	00100000000000000000000	0000000000000000000000	00000000000100000000
00000000000000110000	000000000000000000	000000000110000000000000000000000000	00000000000000000000000	0100000000010000000000	00000000000000000001
00001000000000000000	000000000000000000	000000000000000000001000000100000000	00010000000000000000000	0001001000000000000010	00000000000000000000
00000000000000000000	000000000000000000	000000000001000000000000010000000000	00000000000010000000000	0000000000000000000000	00000000000000000000
00000000000000000000	000000000000000000	000000000001000000000000000000000000	00000000000010010000000	0000000000000000000000	00000000000000000000
00000010000000010000	000000000000000000	000000000010000000000000000000000000	00000000000000000000000	0100000000000000000000	00000000001000000001
00000000000000000000	000000000000000000	000000001000000000000001000000000000	00000000000100000000000	0000000000000000000000	00000001000000000000
10000000000000000000	000000000000000001	000000000000000000000000000000000000	00001010000100000000000	0000010000000000000000	00000011000000000000
00100000000100000000	000000000000000000	001000000000000000000000000000000000	00000000000000000000000	0000000000000000000000	10000000000000000000
00000010000000010000	000000000000000000	000000000010000000000000000000000000	00000000000000000000000	0100000000000000000000	00000000001000000001
00001000000000000000	000000000000000000	000000000000000000001000000100000010	00000000000000000000000	0001000000000000000010	00000000000000000000
00001000000000000000	000000000000000000	000000000000000000001000000100000000	00000000000000000000000	0001000000000000000010	00000000000000000000
00100000000000000000	000000000000000000	001000000000000000000000000000000000	00000000000000000100000	0000000000000011000000	10000000000000000000
00000100001000000100	000000100000000000	000000001000000000000001000000000000	00000000000100000000000	0000000000000000000000	00000001000000000000
00000000000001000000	000000010000000000	000000000001000000000000000000000000	00000000000010000000000	0000000010000000000000	00000000000000000000
00001000000000000000	000000000000000000	000000000000000000001000000100000000	00000000000000000000000	0001000000000000000010	00000000000000000000
10000000000000000000	000000000000000001	000000000000000000000000000000000000	00001010000100000000000	0000010000000000000000	00000011000000000000
00000000000000010000	000000000000000000	000000000000000000000000100000000001	00000000000000000000000	0100000000000000000000	00100000000000000001
00000000010000000000	000000000000001000	000000000000000000001000000000101000	00000100000000000000000	0001000000000000000010	01000000000000000000
00000000000000010000	000000000000000000	000000000010000000000000000000000000	00000000000000000000000	0100000000000000000000	00000000000000000001
00000000000000000000	000000000000000000	000000000001000000000000010000000000	00000000000010000000000	0000000000000000000000	00000000000000000000
00000000000000000000	011000000000000000	000000000000000001000000000000000000	00100000000000000000000	0000000000000000000000	00000000000100000000
00000000000000010000	000000000000000000	000000000010000000000000000000000000	00000000000000000000000	0100000000000000000000	00000000000000000001
00000000000000000100	000000100000000000	000000001000000000000001000000000000	00000000000100000000000	0000000000000000000000	00000001000000000000
00000100000010000100	000000100000000000	000000001000000000000001000000000000	00000000000100000000000	0000000000000000000000	00000001000000000000
00000000000000000000	011000000000000000	000000000000000001000000000000000000	00100000000000000000000	0000000000000000000000	00000000000100000000
00000000000000000000	000000000000000000	000000000000000000010000000000000000	00000000000000000000011	0000000000001000000000	00000000100000000100
00100000000000000010	000000000000000000	001000000000101000000000000000000000	00000000000000000010000	0000000000000000000100	00000000000000101000
00000000010000000000	000000000000001000	000000000000000000001000000000100000	00000000000001000000000	0001000000000000000010	01000000000000000000
10000000000000000000	000000000000000001	000000000000000000000000000000000000	00001000000100000000000	0000010000000000000000	00000011000000000000
00000000010000000000	000000000000001000	000000000000000000001000000000100000	00000000000000000000000	0001000000000000000010	01000000000000000000
00100000000000000010	000000000000000000	001000000000100000000000000000000000	00000000000000000010000	0000000000000000000000	00000000000010101000
00100000000000000000	000000000000000000	001000000000000000000000000000000000	01000000000000000000000	0000000000000001000000	10001000000000010000
00100000000000000000	000000000000000000	001000000000000000000000000000000000	01000000000000000000000	0000000000000001000000	10001000000000010000
00001000000000000000	000000000000000000	000000000000000000001000000100000000	00000000000000000000000	0001000000000000000010	00000000000000000000
00000000000000000000	000000000000000000	000000001000000000000001000000000000	00000000000100000000000	0000000000000000000000	00000001000000000000
00000000000000000000	000000000000001000	000000000000000000001000000000100000	00000000000000000000100	0001000000000000000010	00000000000001000000
10000000000000000000	000000000000000001	000000000000000000000000000000000000	00001010000100000000000	0000010000000000000000	00000011000000000000
00000000000000110000	000000000000000000	000000000110000000000000000000000000	00000000000000000000000	0100000000010000000000	00000000000000000001
00000000000000010000	000000000000000000	000000000000000000000000100000000001	00000000000000000000000	0100000000000000000000	00100000000000000001
00000000000000010000	000000000000000000	000000000000000000000000000000000001	00000000000000000000000	0100000000000000000000	00100000000000000001
00000000000000110000	000000000000000000	000000010110000000000000000000000000	00000000000000000000000	0100000000010000000000	00000000000000000001
00000000010000000000	000000000000001000	000000000000000000001000000000101000	00000100000000000000000	0001000000000000000010	01000000000000000000
00000000000000010000	000000000000000000	000000000010000000000000000000000000	00000000000000000000000	0100000000000000000000	00000000000000000001
00100000000000000000	000000000000000000	001000000000000000000000000000000000	01000000000000000000000	0000000000000001000000	10001000000000010000
00000000000000000000	000000000000000000	000000000001000000000000000000000000	00000000000010000000000	0000000000000000000000	00000000000000000000
00000000000000010000	000000000000000100	000000000010000000000000000000000000	00000000000000000000000	1100000000000000000000	00000000000000000001
00000000000000000100	000000100000000000	000000001000000000000001000000000000	00000000000100000000000	0000000000000000000000	00000001000000000000
10000000000000000000	000000000000000001	000000000000000000000000000000000000	00001000000100000000000	0000010000000000000000	00000011000000000000
00001000000000000000	000000000000000000	000000000000000000001000000100000000	00000000000000000000000	0001000000000000001010	00000000000000000000
00100000000000000000	000000000000000000	001000000000000000000000000000000000	01000000000000000000000	0000000000100001000000	10001000000000010000
00100000000000000000	000000000000000000	001000000000000000000000000000000000	00000000000000000000000	0000000000000001000000	10000000000000000000
00001000000000000000	000000000000000000	000000000000000000001000000100000000	00000000000000000000000	0001000000000000000010	00000000000000000000
00000000000000010000	000000000000000000	000000000010000000000000000000000000	00000000000000000000000	0100000000000000000000	00000000000000000001
00000000000000000000	000000000000000000	000000000001000000000000010000000000	00000000000010000000000	0000000000000000000000	00000000000000000000
10000000000000000000	100000000000000001	000000000000000000000000000000000000	00001010000100000000000	0000010000000000000000	00000011000000000000
00000000000000000000	000000000000001000	000000000000000000001000000000100000	00000000000000000000000	0001000001000000000010	00000000000000000000
00100000000000000010	000000000000000000	001000000000100000000000000000000000	00000001000000000010000	0000000000000100000000	00000000000000101000
00000000000000000000	000000000000000000	000000000001000000000000000000000000	00000000000010000000000	0000000010000000000000	00000000000000000000
00000000000000010000	000000000000000100	000000000010000000000000000000000000	00000000000000000000000	1100000000000000000000	00000000000000000001
00000000000000000000	011000000000010000	000000000000000001000000000000000000	00100000000000000000000	0000000000000000000000	00000000000100000000
00000000000000010000	000000000000000000	000000000010000000000000000000000000	00000000000000000000000	0100000000000000000000	00000000000000000001
00000000000000000000	011000000000000000	000000000000000001000000000000000000	00100000000000000000000	0000000000000000000000	00000000000100000000
00000000010000000000	000000000000001000	000000000000000000001000000000100000	00000000000000000000000	0001000000000000000010	01000000000000000000
01000000000000000000	000000000000001000	000000000000000000001000000000100000	00000000000000000000000	0001000001000000000010	00000000000000000000
00100000000000000010	000000000000000000	001000000000100000000000000000000000	00000000000000000010000	0000000000000000000000	00000000000000101000
00100000000000000000	000000000000000000	001000000000000000000100000000000000	00000000000000000000000	0000000000000001000000	10000000000000000000
00000000000000000100	000000100000000000	000000001000000000000001000000000000	00000000000100000000000	0000000000000000000000	00000001000000000000
00000000000000000000	000000000000000000	000000000000000000010000000000000000	00000000000000000000011	0000000000001000000000	00000000100000000100
00000000010000000000	000000000000001000	000000000000000000001000000000100000	00000000000000000000000	0001000000000000000010	01000000000000000000
00000000000000110000	000000000000000000	000000000110000000000000000000000000	00000000000000000000000	0100000000010000000000	00000000000000000001
00000000000000000000	011100000000000000	000000000000000001000000000001000000	00100000000000000000000	0000000000000000000000	00000000000100000000
00100000000000000000	000000000000000000	001000000000000000000000000000000000	00000000000000000100000	0000000000000011000000	10000000000000000000
00000000000000000000	000000001000000000	000000000000000100000000000000000000	00000000001100000000000	0000000000000000000000	00010001000000000000
00100000000100000000	000000000000000000	001000000000000000000000000000000000	00000000000000000000000	0000000000000000000000	10000000000000000000
00010000100000001001	000000000000000000	100010000000010000000000000000000000	10000000010000100000000	0000000000000000000000	00000000000000000000
00001000000000000000	000000000000000000	000000000000000000001000000100000010	00000000000000000000000	0001000000000000000010	00000000000000000000
00000000000000000100	000000100000000000	000000001000000000000001000000000000	00000000000100000000000	0000000000000000000000	00000001000000000000
