0010000000000001	00000000000000010000000000	000000000000000000	000001000000000	00010000000010	000000000000
0010000000000001	00000000000000010000000000	000000000000000000	010001000000000	00010000000010	000000000000
0000000100000000	00000000000000000000000000	000000010000000010	001000000000000	00000000000000	000000000000
0000000100000000	10000000000000000000000000	000000010000000010	001000000000000	00000000000001	000000000010
1000000000000000	00000000000000000000000010	000001000000000000	000000000000000	01001000000000	010000000000
0000000100000000	10000000000100000000000000	001000010000000010	001000000000000	00000000000000	000000000010
0010000000000001	00000000000000010000000000	000000000000000000	000001000000000	00010000000110	000000000000
1000000000000000	00110000000000000000000010	000001000000000000	000000000000000	00001000001000	010000000000
0000000000000000	00000000000000001000000100	000000000000000000	000000000000000	10000000000000	000010001000
0000000100000000	00000100000000000000000000	000000010000000010	001000000000000	00000000000000	000000000000
0000000110000000	00000100000000000000000000	000000010000000010	001000000000000	00000000000000	000000000000
0000000000000000	00000000000000001000000100	000000000000000000	000100000000000	10000000000000	000010001000
1000000000000000	00110000000000000000000010	000001000000000000	000000000000000	00001000001000	010000000000
0000000100100000	00000000000000000000000000	000000010000000011	001000000000000	00000000000000	100000000000
0000000000000000	00000000000000001000000100	000000000000000000	000000000000000	10000000000000	000010001000
0000000000000000	00001000000000000000000000	010000000100000000	000000000000000	00000000010000	000000000100
0000000100000000	10000000000000000000000000	000000010000000010	001000000000000	00000000000001	000000000010
0000000100100000	00000000000000000000000000	000000010000000011	001000000000001	00000000000000	100000000000
0000000100000000	10000000000000000000000000	000000010000000010	001000000000000	00000000000001	000000100010
0000000100000000	10000000000000000000000000	100000010000000010	001000010000000	00000000000000	000000010010
0010001000000000	00000001000000000001000001	000100000000000000	000000000010000	00100000000000	000000000000
1000000000000000	00110000000000000000000010	000001000000000000	000000000000000	00001000001000	010000000000
0000000100100000	00000000000000000000000000	000000010000000011	001000000000000	00000000000000	100000000000
0010001000000000	00000001000000000001000000	000100000000000000	000000000010000	00100000000000	000000000000
0000000100000000	00000000100000000000000000	000000010010000010	001000000000000	00000000000000	000000000000
0010000000000001	00000000000000010000000000	000000000000000000	000001000000000	00010000000010	000000000000
0010000001000001	00000000000000010000000000	000000000000000000	000001000000000	00010000000010	000000000000
0010000000000010	00000000000000010000001000	000000000000000000	000000000000000	00000000000000	000000000000
0010000000000000	00000000010001010100000000	000000000000000000	000000000000000	00000001000000	000000000000
0000000000000000	00001000000000000000000000	010000000000000000	000000000000000	00000000010000	000000000100
0000000100000000	10000000000000000000000000	100000010000000010	001000000000000	00000000000000	000000000010
0000100000000000	00000000000000001000000100	000000000000000000	000000000000000	10000000000000	000010001000
0010000000000010	00000000000000010000001000	000000000000000000	000000000000000	00000000000000	000000000000
0000000100000000	10000000000000000000000000	100000010000000010	001000010000000	00000000000000	000000010010
0000000100100000	00000000000000000000000000	000000010000000011	001000000000000	00000000000000	100000000000
0010001000000000	00000001000000000001000000	000100000000010000	000000000010000	00100000000000	000000000000
1000000000000000	00110000000000000000000010	000001000000000000	000000000000000	00001000001000	010000000000
0010000000000010	00000000000000010000001000	000000000000000000	000000000000000	00000000000000	000000000000
1000000000000000	00110000000000000000000010	000001000000000000	000000000000000	00001000001000	010000000000
0000000100000000	00000000000000000000000000	000000010000000010	001000000000000	00000000000000	000000000000
0010000001000001	00000000000000010000000000	000000000000000000	000001000000000	00010000000010	000000000000
0010000001000001	00000000000000010000000000	000000000000000000	000001000000000	00010000000010	000000000000
0000000100000000	00000000000000000000000000	000000010000000010	001000000000000	00000000000000	000000000000
0010000000000010	00000000000000010000001000	000000000000000000	000000000000000	00000000000000	000000000000
0000000100000000	10000000000000000000000000	000000010000000010	001000000000000	00000000000001	000000100010
0000000100100000	00000000000000000000000000	000000010000001011	001000000000000	00000000000000	100000000001
0000000000010000	00000000000000000000000010	000011000001000000	100000000000010	00000100000000	000000000000
0000000100100000	00000000000000000000000000	000000010000000011	001000000000001	00000000000000	100000000000
0000000100100000	00000000000000000000000000	000000010000000011	001000000000001	00000000000000	100000000000
0000000000000000	00001000000000000000000000	010000000000000000	000000000000000	00000000010000	000000000100
1000000000000000	00110000000000000000000010	000001000000000000	000000000000000	00001000001000	010000000000
0000000000000000	00001000000000000000000000	010000000000000000	000000000000000	00000000010000	000000000100
0010000000000001	00000000000000010000000000	000000000000000000	000001000000000	00010000000010	000000000000
0000000100000000	10000000000000000000000000	100000010000000010	001000000001000	00000000000000	000000000010
0000000000000000	00000000000000000000000010	000001000000000000	000000000000000	00000000000000	000000000000
1000000000000000	00110000000000000000000010	000001000000000000	000000000000000	00001000001000	010000000000
1000000000000000	00000000000010000000100010	000001000000000000	000000000000000	00001000100000	010000000000
0000000100000000	00000000000000000000000000	000000010000000010	001000000000000	00000000000000	000000000000
0010000000000000	00000000000000010000010000	000000000000000000	000000000000000	00000000000000	000000000000
0000000100000000	10000000000000000000000000	000000010000000010	001000000000000	00000000000001	000000000010
0000000100000000	10000000000000000000000000	000000010000000010	001000000000000	00000000000001	000000100010
0010000000000001	00000000000000010000000000	000000000000000000	000001000000000	00010000000010	000000000000
0000000100100000	00000000000000000000000000	000000010000000011	001000000000000	00000000000000	100000000000
0010000000000000	00000000001000010000000000	000000000000000000	000000000000000	00000000000000	000001000000
0000000100000000	10000000000000000000000000	000000010000000010	001000000000000	00000000000001	000000000010
1000000000000000	00000000000000000000000010	000001000000000000	000000000000000	01001000000000	010000000000
0000000000000000	00001000000000000000000000	010000000000000000	000000000000000	00000000010000	000000000100
0000000000000000	00000000000000001000000100	000000000000000000	000000000000000	10000000000000	000010001000
0000000100000000	10000000000000000000000000	100000010000000010	001000000000000	00000000000000	000000000010
0000000100000000	00000000000000000000000000	000000010000000010	001000000000000	00000000000000	000000000000
0000100000000000	00000000000000001000000100	000000000000000000	000000000000000	10000000000000	000010001000
0000000100000000	10000000000000000000000000	000000010000000010	001000000000000	00000000000001	000000000010
0000000100000000	10000000000000000000000000	000000010000000010	001000000000000	00000000000001	000000000010
0010001000000000	00000001000000000001000000	000100000000000000	000000000010000	00100000000000	000000000000
0010001000000000	00000001000000000001000000	000100000000010000	000000000010000	00100000000000	000000000000
0000000000000000	00000000000000001000000100	000000000000000000	000000000000000	10000000000000	000010001000
0000000100100000	00000000000000000000000000	000000010000100011	001000000000000	00000000000000	100000000000
0010001000000000	00000001000000000001000000	000000000000000000	000000100010000	00100000000000	000000000000
0000000100000000	10000000000000000000000000	100000010000000010	001000010000100	00000000000000	000000010010
0010001000000000	00000001000000000001000000	000000000000000000	000000100010000	00100000000000	000000000000
0000000100000000	00000100000000000000000000	000000010000000010	001000000000000	00000000000000	000000000000
0000100000000000	00000000000000001000000100	000000000000000000	000000000000000	10000000000000	000010001000
0010000000000000	00000000000000010000000000	000000000000000000	000000000000000	00000000000000	000000000000
0000000100100000	01000000000000000000000000	000000010000000011	001000001000001	00000000000000	100000000000
0000000100000000	10000000000000000000000000	100000010000000010	001000010000000	00000000000000	000000010010
0000000100000000	00000000000000000000000000	000000010000000010	001000000000000	00000000000000	000000000000
1000000000000000	00110000000000000000000010	000001000000000000	000000000000000	00001000001000	010000000000
0000000000000000	00000000000000001000000100	000000000000000000	000000000000000	10000000000000	000010001000
0000000000000000	00000000000000001000000100	000000000000000000	000000000000000	10000000000000	000010001000
1001000000000000	00000000000000000000000010	000001000000000000	000000000000000	01001000000000	010000000000
0000000100000000	10000000000000000000000000	100000010000000010	001000010000000	00000000000000	000000000010
0100000000000100	00000000000000001000000100	000000000000000000	000000000000000	10000000000000	000010001000
1000000000000000	00000000000000000000100010	000001000000000000	000000000000000	00001000100000	010000000000
0000000000010000	00000010000000000000000010	000001000000000100	100000000000010	00000100000000	000000000000
0000100000000000	00000000000000001000000100	000000000000000000	000000000000000	10000000000000	000010001000
0010000000000000	00000000000000010000001000	000000000000000000	000000000000000	00000000000000	000000000000
0000000000000000	00001000000000000000000000	010000000000000000	000000000000000	00000000010000	000000000100
0000000100100000	00000000000000000000000000	000000010000000011	001000000000000	00000000000000	100000000000
0100000000000100	00000000000000001000000100	000000000000000000	000000000000000	10000000000000	000010001000
0100000000000000	00000000000000001000000100	000000000000000000	000000000000000	10000000000000	000010001000
0000000100100000	00000000000000000000000000	000000010000000011	001000000000000	00000000000000	100000000000
0000000100100000	00000000000000000000000000	000000010000000011	001000000000000	00000000000000	100000000000
0000000100100000	00000000000000000000000000	000000010000100011	001000000000000	00000000000000	100000000000
0000000100000000	00000000000000000000000000	000000010000000010	001000000000000	00000000000000	000000000000
0000000000010000	00000000000000000000000010	000011000001000000	100000000000010	00000100000000	000100000000
0000000000000000	00000000000000001000000100	000000000000000000	000000000000000	10000000000000	000010001000
0000000000000000	00000000000000000000000010	000001000000000000	000000000000000	00000000000000	000000000000
0010000000000000	00000000001000110000000000	000000000000000000	000000000000000	00000000000000	000001000000
0000000000000000	00000000000000001000000100	000000000000000000	000000000000000	10000000000000	000010001000
0000000000000000	00001000000000000000000000	010000000000000000	000000000000000	00000000010000	000000000100
0000000100000000	10000000000000000000000000	100000010000000010	001000010000000	00000000000000	000000000010
0000000100000000	00000100000000000000000000	000000010000000010	001000000000000	00000000000000	000000000000
0000000100000000	10000000000000000000000000	100000010000000010	001000000000000	00000000000000	000000000010
0000000100000000	00000100000000000000000000	000000010000000010	001000000000000	00000010000000	000000000000
0100000000000000	00000000000000001000000100	000000001000000000	000000000000000	10000000000000	000010001000
0000000100000000	10000000000000000000000000	001000010000000010	001000000000000	00000000000000	000000000010
0000000100001000	00000100000000000000000000	000000010000000010	001000000000000	00000000000000	000000000000
0000000000000000	00000000000000001000000100	000000000000000000	000000000000000	10000000000000	000010001000
0100000000000000	00000000000000001000000100	000000000000000000	000000000000000	10000000000000	000010001000
0000000100100000	00000000000000000000000000	000000010000000011	001000000000000	00000000000000	100000000000
1000000000000000	00110000000000000000000010	000001000000000000	000000000000000	00001000001000	010000000000
0000000100100000	00000000000000000000000000	000000010000000011	001000000000000	00000000000000	100000000000
0010000000000001	00000000000000010000000000	000000000000000000	010001000000000	00010000000010	000000000000
0010001000000000	00000001000000000001000000	000100000000000000	000000000010000	00100000000000	000000000000
0010000000000010	00000000000000010000001000	000000000000000000	000000000000000	00000000000000	000000000000
1000000000000000	00110000000000000000000010	000001000000000000	000000000000000	00001000001000	010000000000
0000100000000000	00000000000000001000000100	000000000000000000	000000000000000	10000000000000	000010001000
0000000000010000	00000010000000000000000010	000001000000000100	100000000000010	00000100000000	000000000000
0000000100000000	00000100000000000000000000	000000010000000010	001000000000000	00000000000000	000000000000
0010000000000001	00000000000000010000000000	000000000000000000	000001000000000	00010000000010	000000000000
0000000100100000	00000000000000000000000000	000000010000001011	001000000000000	00000000000000	100000000001
0000000100100000	00000000000000000000000000	000000010000000011	001010000000000	00000000000000	100000000000
0000000100100000	00000000000000000000000000	000000010000000011	001000000000000	00000000000000	100000000000
0000000100000000	10000000000000000000000000	000000010000000010	001000000000000	00000000000001	000000100010
0000010100000000	00000000000000000000000000	000000010000000010	001000000000000	00000000000000	001000000000
0000010100000000	00000000000000000000000000	000000010000000010	001000000000000	00000000000000	001000000000
0010000000000000	00000000000000010000001000	000000000000000000	000000000000000	00000000000000	000000000000
1000000000000000	00110000000000000000000010	000001000000000000	000000000000000	00001000001000	010000000000
1000000000000000	00110000000000000000000010	000001000000000000	000000000000000	00001000001000	010000000000
0000000100000000	10000000000000000000000000	000000010000000010	001000000000000	00000000000001	000000000010
0010001000000000	00000001000000000001000000	000100000000000000	000000000010000	00100000000000	000000000000
0000000100100000	00000000000000000000000000	000000010000000011	001000000000000	00000000000000	100000000000
0010000000000010	00000000000000010000001000	000000000000000000	000000000000000	00000000000000	000000000000
0000000100000000	10000000000000000000000000	001000010000000010	001000000000000	00000000000000	000000000010
1000000000000000	00110000000000000000000010	000001000000000000	000000000000000	00001000001000	010000000000
0010000000000001	00000000000000010010000000	000000100000000000	000000000100000	00000000000000	000000000000
0000000100000000	10000000000000000000000000	100000010000000010	001000010000000	00000000000000	000000010010
0000000000000000	00000000000000000000000010	000001000000000000	000000000000000	00000000000000	000000000000
0010001000000000	00000001000000000001000000	000100000000010000	000000000010000	00100000000000	000000000000
0000000100000000	10000000000000000000000000	000000010000000010	001000000000000	00000000000001	000000000010
