0000000000000	000011000000010000000000	000000000000	00000000000000000	0000010000000000000000	000000100000001100
0000000000000	010000000000000000000000	000000000010	00000000000000100	0000000110000000010000	000000000000000000
0000100000000	000000000011000001000000	000001100000	00000000010000000	0000100000010000000000	000000001000000000
0000100000000	000000000011000001000000	000001100000	00000000010000000	0000100000010000000000	000000001000000000
0100000000000	100000000000000000000000	000000000000	00100000000000000	0000000000000100010000	010000000000000010
0000100000000	000000000001000001000000	000000100000	00000000010000000	0000000000010000100000	000000001000000000
0000000000000	000000000000000000000000	000000001000	00000000000001000	1000000000001000000100	000000000000000000
0000000000000	000100000100000100010100	011000000000	10000110000000000	0010000000000000000000	000001000000000000
0100000000000	000000000000000000000000	000000000000	00000000000000000	0000000000000010010000	010000000000000010
0000101000000	000000000011000001000000	000001100000	00000000010000000	0000000000010000000000	000000001000000000
0100000000000	100000000000000000000000	000000000000	00100000000000000	0000000000000100010000	010000000000000010
0000100000000	000000000001000001000000	000000100000	00000000010000000	0000000000010000100000	000000001000000000
0000000000000	000000000000000000000000	000000001000	00010000000010000	0000000000001000000100	000000000000000000
0000000000000	000000000000000000000000	000000001000	00010000000000000	0000000000001000000100	000000000000000000
0001000000000	000100000100000000010000	011000000000	00000110000000000	0010000000000000000000	000001000000000000
0000100000000	000000000011000001000000	000001100000	00000000010000000	0000100000010000000000	000000001000000000
0100000000000	000000000000000000000000	000000000000	00000000000000000	0000000000000010010000	010000000000000010
0000000000000	000000000000101000000000	000000000100	00000000000000000	0000000000000000000000	000100000000000000
0001000000000	000100000100000000010000	011000000000	00000110000000000	0010000000000000000000	000001000000000000
0000100000000	000000000001000001000000	000010100000	00000001010000000	0000000000010000100000	000000001000000000
0000100000000	000000000011000001000000	000001100000	00000000010000000	0000000000010000000000	000000001000000000
1000100000000	000000000011000001000000	000001100000	00000000010000000	0000000000010000000000	000000001000000000
0000000000000	000000000000100000000000	000000000100	00000000000000000	0001000000000000000000	000100000000000000
0000100001000	000000000001000001000000	000000100000	00000000010000000	0000000000010000100000	000000001000000000
0000100000000	000000000011000001000000	000001100000	00000000010000000	0000000000010000000000	000000001000000000
0000100000000	000000000011000001000000	000001100000	00000000010000000	0000100000010000000000	000000001000000000
0100000100000	100000000000000000000000	000000000000	00100000000000000	0000000000000100010000	010000000000000010
0000100000000	000000000011000001000000	000001100000	00000000010000000	0000100000010000000000	000000001000000000
0000000000000	000000000000000000000000	000000001000	00010000000000000	0000000000001000000100	000000000000000000
0000100000000	001000000001000001000000	000010100000	00000001010000000	0000000000010000100000	000000001000000000
0000101000010	000000000011000001000000	000001100000	00000000010000000	0000000000010000000000	000000001000000000
0001000000000	000100000100000000010000	011000000000	00000110000000000	0010000000000000000000	000001000000000000
0000000000000	010000100000000000000000	000000000010	00000000000000000	0000000000000000010000	100000000000000000
0000100000000	000000000001000001000000	000000100000	00000000010000000	0000000000010000100000	000000001000000000
0000000000000	000000000000000000000000	000000001000	00010000000000000	0000000000001000000100	000000000000000000
0000000000000	010000000000000000000000	000100000010	00000000000000000	0000000000000000010000	000000000000000000
0000100000000	000000000011000001000000	000001100000	00000000010000000	0000100000010000000000	000000001000000000
0000100000000	000000000001000001000000	000000100000	00000000010000000	0000000000010000100000	000000001000000000
0100000000000	100000000000000000000000	000000000000	00100000000000000	0000000000000100010000	010000000000000010
0000101000000	000000000011000001000000	000001100000	00000000010000000	0000000000010000000000	000000001000000000
0000100000000	000000000011000001000000	000001100000	00000000010000000	0000100000010000000000	000000001000000000
0000010000000	000000010000000000000000	000000000001	00000000000000000	0000000000000000000010	000000000000000000
0000100000000	000000000001000001000000	000010100000	00000000010000000	0000000000010000100000	000000001000000000
0100000000000	000000000000000000000000	000000000000	00000000000000000	0000000000000010010000	010000000000000010
0000000000000	000100000100000100010000	011000000000	10000110000000000	0010000000100000000000	000001000000000000
0000100000000	000000000001000001000000	000010100000	00000000010000000	0000000000010000100000	000000001000000000
0100000100000	100000000000000000000000	000000000000	00100000000000000	0000000000000100010000	010000000000000010
0000000000000	010000000000000000000000	000100000010	00000000000000010	0000000000000000010000	000000000000000000
0000100000000	000000000011000001000000	000001100000	00000000010000000	0000100000010000000000	000000001000000000
0001000000000	000100000100000000010000	011000000000	00000110000000000	0010000000000000000000	000001000000000000
0001000000000	000100000100000000010000	011000000000	00000110000000000	0010000000000000000000	000001000000000000
0000100000000	000000000011000001000000	000001100000	00000000010000000	0000100000010000000000	000000001000000000
0000100000000	000000000011000001000000	000001100000	00000000010000000	0000000001010000000000	000000001000000001
0000000000000	010000000000000000100000	000000000010	00000000000000100	0000000110000000010000	000000000000000000
0000000000000	000100000100000100010000	011000000000	10000110000000000	0010000000000000000000	000001000000000000
0000100000000	000000000001000001000000	000000100000	00000000011000000	0000000000010000100000	000000001000000000
0000000000000	000000000000000000000000	000000000000	01000000000000000	0000001000000000000010	000010000111000000
0000100000000	000000000011000001000000	000001100000	00000000010000000	0000100000010000000000	000000001000000000
0000000000000	000001000000010000000000	000000000000	00000000000000000	0000010000000000000000	001000100000001100
0000000000000	010000000000000000000000	100100000010	00000000000000010	0000000000000000010000	000000000000000000
0000000000000	010000000000000000000000	000100000010	00000000000000010	0000000000000000010000	000000000000000000
0000000000000	000001000000010000000000	000000000000	00000000000000000	0000010000000000000000	000000110000001100
0000000000100	000001000000010000000000	000000000000	00000000000000000	0000010000000000000000	001000100000001100
0000000000000	010000000000000000000000	000000010010	00000000000000000	0000000000000000011000	000000000000100000
0100000000000	100000000000000000000000	000000000000	00100000000000000	0000000000000100010000	010000000000000010
0000100000000	000000000011000001000000	000001100000	00000000010000000	0000000000010000000001	000000001000000000
0000000000000	000000000000000000000000	000000001000	00000000000001000	0000000000001000000100	000000000000000000
0000100000000	000000000001000001000000	000000100000	00000000010000000	0000000000010000100000	000000001000000000
0100000000000	000000000000000000000000	000000000000	00000000000000000	0000000000000010010000	010000000000000010
0000000000000	000000000000000000000000	000000001000	00000000000001000	0000000000001000000100	000000000000000000
0000000000000	000000000000101000000000	000000000100	00000000000000000	0000000000000000000000	000100000000000000
0100000000000	000000000000000000000000	000000000000	00000000000000000	0000000000000010010000	010000000000000010
0000000000000	010000000000000000000000	000000000010	00000000000000100	0000000110000000010000	000000000000000000
0001000000000	000100000100000000010000	011000000000	00000110000000000	0010000000000000000000	000001000000000000
0000000000000	010000000000000000000000	000000000010	00000000000000000	0000000000000000010000	000000000000000000
0000000000000	010000000000000000000000	000100000010	00000000000000010	0000000000000000010000	000000000000000000
0000000000000	010000000000000000000000	000000000010	00000000000000000	0000000000000000010000	000000000000000000
0000000000000	000001000000010000000000	000000000000	00000000000000000	0000010000000000000000	000000110000001100
0000000000000	000000000000000000000000	000000000000	00000000000000000	0000001000000000000010	000010000111000000
0000100000000	000000000011000001000000	000001100000	00000000010000000	0000100000010000000000	000000001000000000
0001000000000	000100000100000000010000	011000000000	00000110000000000	0010000000000000000000	000001000000000000
0000000000000	010000000000000000000000	000000000010	00000000000000100	0000000110000000010000	000000000000000000
0000101000000	000000000011000001000000	000001100000	00000000010000000	0000000000010000000000	000000001000000000
0000100000000	000000000011000001000001	000001100000	00000000010000000	0000000000010000000001	000000001000000000
0000000000001	000100000100000100010000	011000000000	00001110000000000	0010000000000000000000	000001000000000000
0000100000000	000000000001000001000000	000010100000	00000000010000000	0000000000010000100000	000000001000000000
0001000000000	000100000100000000010000	011000000000	00000110000000000	0010000000000000000000	000001000000000000
0000100000000	000000000011000001000001	000001100000	00000000010000000	0000000000010000000001	000000001000000000
0000100000000	000000000011000001000000	000001100000	00000000010000000	0000000000010000000001	000000001000000000
0000000000000	010000000000000000000000	000000000010	00000000000000100	0000000110000000010000	000000000000000000
0000100000000	000000000011000001000000	000001100000	00000000010000000	0000000000010000000000	000000001000000000
0000100000000	000000001001000001000000	000010100000	00000000010000000	0000000000010000100000	000000001000000000
0000000000000	000000000000000000000000	000000001000	00000000000001000	1000000000001000000100	000000000000000000
1000100000000	000000000011000001000000	000001100000	00000000010000000	0000000000010000000000	000000001000000000
0000100010000	000000000001000001000000	000000100000	00000000010000001	0000000000010000000000	000000001000010000
0000000000000	010000000000000000100000	000000000010	00000000000000100	0000000110000000010000	000000000000000000
0000000000000	010000000000000000000000	000000000010	00000000000000100	0000000110000000010000	000000000000000000
0000101000000	000000000011000001000000	000001100000	00000000010000000	0000000000010000000000	000000001000000000
0000000000000	000000000000000000000000	000000001000	00010000000000000	0000000000001000000100	000000000000000000
0001000000000	000100000100000000010000	011000000000	00000110000000000	0010000000000000000000	000001000000000000
0000000000000	000000000000000000000000	000000000000	01000000000100000	0000001000000000000010	000010000111000000
0000000000000	010000000000000000001000	000000000010	00000000000000000	0000000000000000010000	000000000000000000
0000000000000	000000000000000000000000	000000000000	01000000000000000	0000001000000001000010	000010000111000000
0000000000000	000000000000101000000000	000000000100	00000000000000000	0000000000000000000000	000100000000000000
0000100001000	000000000001000001000000	000000100000	00000000010000000	0000000000010000100000	000000001000000000
0001000000000	000100000100000000010000	011000000000	00000110000000000	0010000000000000000000	000001000000000000
0001000000000	000100000100000010010000	011000000000	00000110000000000	0010000000000000000000	000001000000000000
0000000000000	010000000000000000000000	000000000010	00000000000000100	0000000110000000010000	000000000000000000
0000000000000	000100000100000100010100	011000000000	10000110000000000	0010000000000000000000	000001000000000000
0001000000000	000100000100000000010000	011000000000	00000110000000000	0010000000000000000000	000001000000000000
0000100000000	000000000011000001000010	000001100000	00000000110000000	0000000000010000000000	000000001000000000
0001000000000	000100000100000000010000	011000000000	00000110000000000	0010000000000000000000	000001000000000000
0000100000000	000000000011000001000001	000001100000	00000000010000000	0000000000010000000001	000000001000000000
0000100000000	000000000011000001000000	000001100000	00000000010000000	0000000000010000000001	000000001000000000
0000000000000	000100000100000100010000	011000000000	00001110000000000	0010000000000000000000	000001000000000000
0001000000000	000100000100000000010000	011000000000	00000110000000000	0010000000000000000000	000001000000000000
0011000000000	000100000100000000010000	011000000000	00000110000000000	0010000000000000000000	000001000000000000
0100000000000	100000000000000000000000	000000000000	00100000000000000	0000000000000100010000	010000000000000010
0000000000000	010000000000000000000000	000000010010	00000000000000000	0000000000000000011000	000000000000100000
0000000000000	000000000000000000000000	000000000000	01000000000000000	0000001000000001000010	000010000111000000
0000100000000	000000000011000001000000	000001100000	00000000010000000	0000100000010000000000	000000001000000000
0000000000000	000001000000010000000000	000000000000	00000000000000000	0000010000000000000000	001000100000001100
0000000000000	000011000000010000000000	000000000000	00000000000000000	0000010000000000000000	000000100000001100
0000000000000	000000000000000000000000	000000001000	00010000000000000	0000000000001000000100	000000000000000000
1000100000000	000000000011000001000000	000001100000	00000000010000000	0000000000010000000000	000000001000000000
0100000000000	000000000000000000000000	000000000000	00000000000000000	0000000000000010010000	010000000000000010
0001000000000	000100000100000000010000	011000000000	00000110000000000	0010000000000000000000	000001000000000000
0000100000000	000000000001000001000000	000010100000	00000000010000000	0000000000010000100000	000000001000000000
0000100000000	000000000011000001000000	000001100000	00000000010000000	0000100000010000000000	000000001000000000
0000100001000	000000000001000001000000	000000100000	00000000010000000	0000000000010000100000	000000001000000000
0000100000000	000000000011000001000000	000001100000	00000000010000000	0000100000010000000000	000000001000000000
0000100000000	000000000001000001000000	000000100000	00000000011000000	0000000000010000100000	000000001000000000
0000000000000	000000000000101000000000	000000000100	00000000000000000	0000000000000000000000	000100000000000000
0000000000000	000000000000000000000000	000000000000	00000000000000000	0000001000000000000010	000010000111000000
0000010000000	000000010000000000000000	000000000001	00000000000000000	0000000000000000000010	000000000000000000
0000000000000	000000000000000000000000	000000001000	00000000000001000	0000000000001000000100	000000000000000000
0000000000000	010000000000000000000000	000000000010	00000000000000000	0000000000000000010000	000000000000000000
0000100000000	000000000011000001000000	000001100000	00000000010000000	0000100000010000000000	000000001000000000
0000100000000	000000000011000001000001	000001100000	00000000010000000	0000000000010000000001	000000001000000000
0000100000000	000000000011000001000000	000001100000	00000000010000000	0000000000010000000001	000000001000000000
0000000000000	000000000000000000000000	000000001000	00010000000000000	0000000000001000000100	000000000000000000
0000100001000	000000000001000001000000	000000100000	00000000010000000	0100000000010000100000	000000001000000000
0000000000000	010000000000000000000000	000000010010	00000000000000000	0000000000000000011000	000000000000100000
0000101000010	000000000011000001000000	000001100000	00000000010000000	0000000000010000000000	000000001000000000
0000000000000	000000000000000000000000	000000000000	01000000000000000	0000001000000000000010	000010000111000000
0000000000000	010000000000000000000000	000000000010	00000000000000100	0000000110000000010000	000000000000000000
0000000000000	000011000000010000000000	000000000000	00000000000000000	0000010000000000000000	000000100000001100
0000000000000	000000000000101000000000	000000000100	00000000000000000	0000000000000000000000	000100000000000000
0000000000000	010000000000000000000000	000000000010	00000000000000100	0000000110000000010000	000000000000000000
0000000000000	010000000000000000000000	000000010010	00000000000000000	0000000000000000011000	000000000000100000
