00000000000000	100000000000000	010000100000000	00100000000000000	00010000000010000	00000000000000000000000001
00000000000000	100000000000000	010000100000000	00100000000000000	00010000000010000	00000000000000000001000001
00000000000000	000000000100100	000100000000000	00000000010000000	00000000000000000	01000000000000000000000000
00100100000000	100100000000000	010000100000000	00000000000000000	00010001000010000	00000000000000000000000001
00000000000000	000000000100100	000100000000000	00000000010000000	00000000000000000	00000000000000000000000000
00000000000000	000000000000000	000000010000000	00010000000001000	00000000010000000	00000010000000000010000000
00000000000000	000000000000000	001000000000000	00000000000110000	00000000000000000	00000000000001000010000000
00000000000000	000000000000000	000000011000000	10010000000001000	00000000000000000	00000010001000000010000000
00000000000000	000000000100100	000100000000000	00000001010000000	00000000000000000	00000000000000000000000100
00000000000000	000000000100100	000100000000000	00000000010000000	00000000000000000	00000000000000000000000000
00000000000000	100000000000000	010000100000000	00100000000000000	00010000000010000	00000000000000000000000001
00000000000000	000000000100100	000100000000000	00000000010000000	00000000000000000	00000000000000000000000000
00000000000000	000000010000010	001001000000010	00000000000000000	00000010000000000	00000000000010000010000000
00000000000000	000000000001000	000000010000000	00010000000001000	10000000000100000	00000010000000000010000000
00000000000000	000000000000000	001000000000100	00000000000000000	00100100000000000	00000000000000000010000000
00000000000000	000000000000000	000000010000000	00010000000001000	00000000010000000	00000010000000000010000000
00000000000000	000000000100100	000100000000000	00000000010000000	00000000000000000	01000000000000000000000000
00000000000000	000000000000000	001000000000000	00000000000010000	00000000000000000	00000000000001000010000000
00010000000000	101000000000000	010000100000000	00100000000000000	00010000000010000	00000000000000000000100001
00000000000000	000000000100100	000100000000000	00000001010000000	00000000000000000	00000000000000000000000100
00000000001000	000001000100100	000100000000000	00000001010000000	00000000000000000	00000000000000000000000000
00010000000000	101000000000000	010000100000000	00100000000000000	00010000000010000	00000000000000000000001001
00000000000000	000000010000010	001001000000000	00000000000000000	00000010000000000	00000000000010000010000000
00000000000000	000000000000000	000000010000000	00010000000001000	00000000000000000	00000010000000000010000000
00000000000000	000000000000000	000000000000000	00000000000001000	00000000000001000	00000010000000000010000000
00000000000000	000000000100100	000100000000000	00000000010000000	00000000000000000	00000000000000000000000000
00000000000010	100010000000000	010000100000000	00100000000000000	00010000000010000	00000001000000101000000001
00000000000000	000000010000010	001001000000000	00000000000000000	00000010001000000	00000000000010000010000000
00000000000000	000000000000000	001000000000000	00000000000110000	00000000000000000	00000000000001000010000000
00000000000000	000000110000010	001001000000000	00000000000000000	00000010000000000	00000000000010000010000000
00000000000000	000000010000000	101001000000000	00000000001000000	01000010000000000	10000000000010000010000000
00000000000000	000000000000000	000000000000000	00000000000001000	00000000000001000	00000010000000000010000000
00000000000000	000000000000000	000000010000000	00010000000001000	00000000010000000	00000010000000000010000000
01000000000000	000000010000000	001001000000000	00000000000000000	00000000000000000	00010000000010000010010000
00000000000000	000000000000000	000000000000000	00000000000001000	00000000000001000	00000010000000000010000000
00000000000010	100010000000000	010000100000000	00100000000000000	00010000000010000	00000001000000001000000001
00000000000100	000000000000000	000000000000000	00000000000001000	00000000000001000	00000010000000000010000000
00000000000000	000000000000000	000000010000000	00010000000001000	00000000000000000	00000010001000000010000000
00000000000000	000000010010000	101001000000000	00000000001000000	01000010000000000	10000000000010000110000000
00000000000000	000000000000000	000000000000000	00000000000001000	00000000000001000	00000010000000000010000000
00000000000000	000000000100100	000100000000000	00000001010000000	00000000000000000	00000000000000000000000100
00000000000000	000000000100100	000100000000000	00000001010000000	00000000000000000	00000000000000000000000100
00000000000000	000000010010000	101001000000000	00000000001000000	01000010000000000	10000000000010000110000000
00000000000000	000000000100100	000100000000000	00000001010000000	00000000000000000	00000000000000000000000100
00000000000000	000000000000000	000000000000000	00000000000001000	00000000000001000	00000010000000000010000000
00000000000000	110000000000000	010000100000000	00100000000000000	00010000000010000	00000000000000000001000001
00000000000000	000000000000000	001000000000000	00000000000110000	00000000000000000	00000000000001000010000000
00000000000000	000000000100100	000100000000000	00000000010000000	00000000000000000	01000000000000000000000000
00000000000000	000000000000000	000000000000000	00000000000001000	00000000000001000	00000010000000000010000000
00001000000000	100000000000000	010000100001000	00000100000000000	00010001000010000	00000000000000000000000001
00000000000000	000000010000010	001001000000000	00000000000000000	00000010000000000	00000000000010000010000000
00000000000000	000000000000000	000000000000000	00000000000001000	00000000000001000	00000110000000000010000000
00000000000000	100000000000000	010000100000000	00100000000000000	00010000000010000	00000000000000010000000001
00010000000000	101000000000000	010000100000000	00100000000000000	00010000000010000	00000000000000000000100001
00000000000000	000000000100100	000100000000000	00000000010000000	00000000000000000	00000000000000000000000000
00000000010000	000000000100100	000100000000000	00000000010000000	00000000000000000	00000000000000000000000000
10000000000000	000000000000000	000000000000000	00000010000001100	00000000100001000	00000010000000000010000000
10000000000000	000000000000000	000000000000000	00000010000001100	00000000000001000	00000010000000000010000000
00000000000000	100000000000000	010000100000000	00100000000000000	00010000000010000	00000000000000000000000001
00000000000010	100010000000000	010000100000000	01100000000000000	00010000000010000	00000001000000001000000001
00000001000000	100000000000000	010000100001000	00000100000000000	00010001000010001	00000000000000000000000001
00000000010000	000000000100100	000100000000000	00000000010000000	00000000000000000	00000000000000000000000000
00000000000000	000000000000000	001000000000000	00000000000110000	00000000000000000	00000000000001000010000000
00000000000000	000000000100100	000100000000000	00000000010000000	00000000000000000	00000000000000000000000000
00000000000000	100000000000000	010000100000000	00100000000000000	00010000000010000	00000000000000000000000001
00000000000000	000000000100100	000100000000000	00000000010000001	00000000000000000	01000000000000000000000000
00010000000000	101000000000000	010000100000000	00100000000000000	00010000000010000	00000000000000000000000001
00000000000000	000000000000000	000000000000000	00000000000001000	00000000000001000	00000010000000000010000000
00000000000000	000000000000000	000000010000000	00010000000001000	00000000010000000	00001010000000000010000000
00000000000000	000000000100100	000100000000000	00000001010000000	00000000000000000	00000000000000000000000100
00000000000100	000000000000000	000000000000000	00000000000001000	00000000000001000	00000010000000000010000000
00000000000000	000000000000000	000000010000000	00010000000001000	00000000000000000	00000010001000000010000000
00000000000000	000000000100100	000100000000000	00000000010000000	00000000000000000	00000000000000000000000000
00000000000000	000000010000010	001001000000000	00000000000000000	00000010000000000	00000000000010000010000000
00000000000000	000000000100100	000100000000000	00000000010000000	00000000000000000	00000000000000000000000000
00000000010000	000000000100100	000100000000000	00000000010000000	00000000000000000	00000000000000000000000000
00000000000000	000000000000000	001000000000000	00000000000010000	00001000000000000	00000000000001000010000000
00000000000000	000000000100100	000100000000000	00000001010000000	00000000000000000	00000000000000000000000100
00000000001000	000001000100100	000100000000000	00000001010000000	00000000000000000	00000000000000000000000000
00000000000000	000000000100100	000100000100000	00000000010000000	00000000000000000	00000000000000000000000000
00000000000000	000000000000000	000000011000000	10010000000001000	00000000000000000	00000010001000000010000000
00000000000000	000000000000000	000000000000000	00000000000001000	00000000000001000	00000010000000000010000000
00000000000000	000000000100100	000100000010000	00000000010000000	00000000000000000	00000000000000000000000000
00000000000000	000000000000000	000000010000000	00010000000001000	00000000000000000	00000010001000000010000000
00000000000000	000000000000000	000010000000000	00000000000001000	00000000000001000	00000010000000000010000000
00000000000000	000000000100100	000100000000000	00000000010000000	00000000000000000	00000000000000000000000000
10000000000000	000000000000000	000000000000000	00000010000001100	00000000000001000	00000010000000000010000000
00000000000000	000000010000000	101001000000000	00000000001000000	01000010000000000	10000000010010000010000000
00000000000000	000000000100100	000100000000000	00000000010000000	00000000000000000	00000000000000000000000000
00000000000000	100000000000000	010000100000000	00100000000000000	00010000000010000	00000000000000000000000001
00000000000000	000000000000000	000000010000000	00010000000001000	00000000000000000	00000010001000000010000000
00000000000000	000000000000000	000000010000000	00010000000001000	00000000000000000	00000010001000000010000000
00000000000000	000000000100100	000100000000000	00000000010000000	00000000000000000	01000000000000000000000000
00000000000000	000000000000000	000000010000000	00010000000001000	00000000000000000	00000010001000000010000000
00000000000000	000000000100100	000100000000000	00000000010000000	00000000000000000	00000000000000000000000000
00000000000000	000000000100100	000100000010000	00000000110000000	00000000000000000	00000000000000000000000000
00000000000000	000000000000000	000000000000000	00000000000001000	00000000000001000	00000110000000000010000000
00000000000000	000000000100100	000100000000000	00000001010000000	00000000000000000	00000000000000000000000100
00000000000000	000000010000000	101001000000000	00000000001000000	01000010000000000	00000000000110000010000000
00000000000000	000000000100100	000100000000000	00000000010000000	00000000000000000	00000000000000000000000000
00000000000000	000000000100100	000100000000000	00000001010000000	00000000000000000	00000000000000000000000100
00000000000000	000000000000000	000000010000000	00010000000001000	00000000000000000	00000010001000000010000000
00000000000000	100000000000000	010000100000001	00100000000000000	00010000000010000	00000000000000000001000001
00000000000000	000000000100100	000100000000000	00000000010000000	00000000000000000	00000000000000000000000000
00000000000000	000000000000000	001000000000000	00000000000010000	00001000000000000	00000000000001000010000000
00000000000000	000000000000000	000000010000000	00010000000001000	00000000000000000	00000010000000000010000000
00000000000000	000000000100100	000100000000000	00000000010000000	00000000000000100	00000000000000000000000000
00000000000000	000000000000000	000010000000000	00000000000001000	00000000000001000	00000010000000000010000000
00000000000000	000000000000000	000000010000000	00010000000001000	00000000000000010	00000010001000000010000000
00000000000000	000000000000000	000000010000000	00010000000001000	00000000000000000	00000010000000000010000000
00000000000000	100000000000000	010000100000000	00100000000000000	00010000000010000	00000000000000000001000001
00000010000000	100000000000000	010000100000000	00100000000000000	00010000000010000	00000000000000000000000001
10000000000000	000000000000000	000000000000000	00000010000001100	00000000100001000	00000010000000000010000000
00000000000000	100000000000000	010000100000000	00100000000000000	00010000000010000	00000000000000000000000001
10000000000000	000000000000000	000000000000000	00001010000001100	00000000100001000	00000010000000000010000000
00000000100001	000000000001000	000000010000000	00010000000001000	00000000000000000	00000010000000000010000000
00000000000000	000000000000000	000000010000000	00010000000001000	00000000000000000	00100010000000000010000010
00000000000000	000000000000000	000000000000000	00000000000001000	00000000000001000	00000010000000000010000000
00000000000000	100000000000000	010000100000000	00100000000000000	00010000000010000	00000000000000010000000001
00000000000000	000000010000010	001001000000010	00000000000000000	00000010000000000	00000000000010000010000000
00000000000010	100010000000000	010000100000000	00100000000000000	00010000000010000	00000001000000001000000001
00000000000000	000000010000000	101001000000000	00000000001000000	01000010000000000	10000000000010000010000000
00000000000000	000000000000000	001000000000100	00000000000000000	00100000000000000	00000000000000000010000000
00000000000000	000000010000000	001001000000000	00000000000000000	00000010000000000	00000000000010000010000000
00000000000000	000000010000000	001001000000000	00000000000000000	00000000000000000	00010000000010000010010000
01000000000000	000000010000000	001001000000000	00000000000000000	00000000000000000	00010000000010000010010000
00000000000000	000000000100100	000100000000000	00000000010000000	00000000000000000	00000000000000000000000000
00000000000000	000000010000010	001001000000000	00000000000000000	00000010000000000	00000000000010000010000000
00000000000000	000000000000000	000000010000000	00010000000001000	00000000010000000	00001010000000000010000000
00000000000000	000000010000010	001001000000000	00000000000000000	00000010000000000	00000000000010000010000000
10000000000000	000000000000000	000000000000000	00000010000001100	00000000100001000	00000010000000000010000000
00000000010000	000000000100100	000100000000000	00000000010000000	00000000000000000	00000000000000000000000000
00000000000010	100010000000000	010000100000000	00100000000000000	00010000000010000	00000001100000001000000001
00000000001000	000001000100100	000100000000000	00000001010000000	00000000000000000	00000000000000000000000000
00000000000000	000000000000000	000000010000000	00010000000001000	00000000000000010	00000010001000000010000000
00000000000000	000000000100100	000100000000000	00000000010000000	00000000000000000	00000000000000000000000000
00000000000000	000000010000000	001001000000000	00000000000000000	00000010000000000	00000000000010000010000000
00000000000000	000000000100100	000100000000000	00000000010000000	00000000000000000	01000000000000000000000000
00000000000100	000000000000000	000000000000000	00000000000001000	00000000000001000	00000010000000000010000000
00000000000000	000000010010000	101001000000000	00000000001000000	01000010000000000	10000000000010000110000000
00000000000000	000000000000000	000000010000000	00010000000001000	00000000000000000	00000010000000000010000000
00000000000000	000000000000000	000000000000000	00000000000001000	00000000000001000	00000010000000000010000000
00000000000000	000000010000000	001001000000000	00000000000000010	00000000000000000	00010000000010000010010000
00000000000000	000000010000011	001001000000010	00000000000000000	00000010000000000	00000000000010000010000000
00000000010000	000000000100100	000100000000000	00000000010000000	00000000000000000	00000000000000000000000000
00000000000100	000000000000000	000000000000000	00000000000001000	00000000000001000	00000010000000000010000000
00000000000000	000000000100100	000100000000000	00000000010000000	00000000000000000	00000000000000000000000000
00000000000000	000000010000000	001001000000000	00000000000000000	00000000000000000	00010000000010000010010000
10000000000000	000000000000000	000000000000000	00000010000001100	00000000100001000	00000010000000000010000000
00000000000000	000000001100100	000100000000000	00000000010000000	00000000000000100	00000000000000000000000000
