00000000000000000	0000000010000000001	110000000000000000010	000000000100001000	0001000010000000	000000000000000000
00000001000000000	0000000000000000000	000000000000000000000	000000000000000000	0000000100100000	000000000000100000
01000000000000000	0000000000000000000	000000000000000000000	001000000000000000	0000000000000000	000000000000101000
00010000000000010	0000000000000000000	000000000000000010010	000000000100000000	0000000000000000	001000000000000000
00000000000000000	0000000000010000000	000000000000000000000	000000000000000000	0000000000010000	000000000010100000
00000000000000000	0000000000000001000	000101001000000000000	000000000010000000	0000100000000100	000000000000000000
00000000000000000	0000000000000001000	000100000000000000000	000000000010000100	0000100000000100	000000000000000000
00000000000000000	0000000000000000000	000000000000000000000	000000000000000000	0000000000000000	000000000000000100
00000000000000000	0000000010000000000	110000000000000000010	000000000100000000	0001000010000000	000000000000000000
00000000000000000	1000100000000000000	000000000011001000000	000000000000000000	0000000000000000	000100000000000001
00000000000000000	0000000000000000000	000000000000000000000	000000000000000000	0000000000000010	000000000000100000
00000000000000000	0000000000001000000	001000000000000000000	000001000000100000	0000000000000000	100000100000000000
00000001001000000	0000000000000000000	000000000000000000000	000000000000000000	0000000100100000	000000000000100000
00000000000000000	0000000000000000000	000000000000000000000	000000000000000000	0000000000000000	000000000000000100
00000000000000000	0000000000101000000	001000100000000000000	000001000000100000	0000000000001000	100000100000000000
00000000000000001	0001000000001000000	001000000000000000000	010001000000100000	0000000000000000	100000101000000000
00000010000000000	1000100000000000000	000000000011001000000	000000000000000000	0000000000000000	000100000000000001
01000000000000000	0000000000000000000	000000000000000000000	000000000000000000	0000000000000000	000000000000100000
01000000000000000	0000000000000000000	000010000000000000000	001000000000000000	0000000000000000	000000000000101000
00000000000000000	0000000000001000000	001000000000000000000	000001000000100000	0000000000000000	100000100000000000
00000000010000000	0000000000001000010	000000000000000000100	000101000000100000	0000000000000000	100000100000000000
00000000000000000	1000100000000000000	000000000011001000000	000000000000000000	0000000000000000	000100000000000001
00000000000000000	0000000000000000000	000000000000000000000	000000000000000000	0000000000010000	000000010010100000
00000000000000000	1000100000000000000	000000000011001000000	000000000000000000	0000000000000000	000100000001000001
00000000000000000	0001000100001000000	001000000000000000000	010001000000100000	0000000000000000	100001101000000000
00000000000000000	0000000000000001000	000100000000000000000	000000000010000000	0000100000000100	000000000000010000
00000000000000000	0000000000000001000	000100000000000000000	000000000010000000	0000100000000100	000000000000010000
01000000000000000	0000000000000000000	000000000000000000000	001000000000000000	0000000000000000	000000000000100000
00000000000000000	0000000000001000000	001000000000000000000	000001000000100000	0000000000000000	100000100000000000
01000000000000000	0000000000000000000	000000000000000000000	000000000000000000	0000000000000000	000000000000100000
01000000000000000	0000000000000000000	000000000000000000000	000000000000000000	0000000000000000	000000000000100000
00010000000000010	0000000000000000000	000000000000000010010	000000000100000000	0000000000000000	001000000000000000
00001000000000000	0001000000001000000	001000000000000000000	000001000000100000	0000000000000000	100000101000000000
00000000100000000	0000000000001000000	001000000000000000000	000001000000100000	0000000000000000	100000100000000000
00000000000000000	0000000000000001000	000100000000000000000	000000000010000000	0000100000000100	000000000000000000
00000000000000000	1000100000000000000	000000000011001000000	000000000000000000	0000000000000000	000100000000000001
00000000000000000	0000000000000001000	000100000000000000000	000000000010000000	0000100000000100	000000000000010000
00100000000000000	0000000010000000000	110000000000000000010	000000000100000000	0001000010000000	000000000000000000
00000000000000100	0000000000000000000	110000000000000000010	000010000100000011	0000000000000000	000010000000000000
00000000000000000	0000000000000001000	000101001000000000000	000000000010000000	0000100000000100	000000000000000000
00000000000000000	0000000000000000000	000000000000000000000	000000000000000000	0000000000000010	000000000000100000
00000000000000000	0000000000000000000	000000000000000000000	000000000000000000	0000000000000010	000000000000100000
00000000000000000	0001000000001000000	001000000000000000000	010001000000100000	0000000000000000	100000101000000000
00000000000000000	0000000000000000000	000000000000000000000	000000000000000000	0000000000000010	000000000000100000
00000000000000000	0000000000001000000	001000000100000000000	000001000000100000	0000000000000000	100000100000000000
00000000000000000	0000000000000001000	000100000000000000000	000000000010000000	0000100000000100	000000000000010000
00000000000000000	0000000000000000000	000000000000000000000	000000000000000000	0100000000010000	000000000010100000
01000000000000000	0000000000000000000	000000000000000000000	000000000000000000	0000000000000000	000000000000100000
00001000000000000	0001000000001000000	001000000000000000000	000001000000100000	0000000000000001	100000101000000000
01000000000000000	0000000000000000000	000000000000000000000	000000000000000000	0000000000000000	000000000000100000
01000000000000000	0000000000000000000	000000000000000000000	000000000000000000	0000000000000000	000000000000100000
01000000000000000	0000000000000000000	000000000000000000000	000000000000000000	0000000000000000	000000000000100000
00000000000000000	0000000000101000000	001000110000000000000	000001000000100000	0000000000001000	100000100000000000
01000000000000000	0000000000000000000	000000000000000000000	001000000000010000	0000000000000000	000000000000101000
01000000000000000	0000000000000000000	000000000000010000000	000000000000000000	0000000000000000	000000000000100000
01000000000000000	0000000000000000000	000000000000000000000	000000000000000000	0000000000000000	000000000100100000
00000000000000000	0000000000000001000	000100000000000000000	000000000010000000	0000100000000100	000000000000000000
01000000000000000	0000000000000000000	000000000000000000000	000000000000000000	0000000000000000	000000000000100000
00000000000000000	1000100000000000000	000000000011001000000	000000000000000000	0000000000000000	000100000001000001
00000000000000000	0100000000000000000	000000000000000000000	000000000000000000	0000000001000000	010000000000000000
00000000000000000	0000000000000001000	000101001000000000000	000000000010000000	0000100000000100	000000000000000000
00000000000000000	0000000000000000000	000000000000000000000	000000000001000000	0000000000000010	000000000000100000
00000000100000000	0000000000001000000	001000000000000000000	000001000000100000	0000000000000000	100000100000000000
00000000010000000	0000000000001000010	000000000000000000100	000101000000100000	0000000000000000	100000100000000000
01000000000000000	0000001000000000000	000000000000000000000	001000000000010000	0000010000000000	000000000000101000
01000000000000000	0000000000000000000	000000000000000000000	000000000000000000	0000000000000000	000000000000100000
00000000000000000	1000100000000000000	000000000011001000000	000000000000000000	0000000000000000	000100000000000001
00000000000000000	0000000000000001000	000100000000000000000	000000000010000000	0000100000000100	000000000000000000
00000000000000000	0000000000000001000	000100000000000000000	000000000010000000	0000100000000100	000000000000000000
00000000000000000	0000000000000000000	000000000000000000000	000000000000000000	0000000000010000	000000010010100000
00000000000000000	0000000000000001000	000100000000000000000	000000000010000000	0000100000000100	000000000000000000
00000000100000000	0000000000001000000	001000000000000000000	000001000000100000	0000000000000000	100000100000000000
00000000000000000	0100000000000000000	000000000000000000000	000000000000000000	0000000001000000	000000000000000000
01000000000000000	0000000000000000000	000000000000000000000	000000000000000000	0000000000000000	000000000000100000
00000000000000100	0000000000000000000	110000000000000000010	000010000100000011	0000000000000000	000010000000000000
00000000000000000	0000000000000001000	000100000000000000000	000000000010000000	0000100000000100	000000000000000000
00000000000000000	0000000000101000000	001000110000000000000	000001000000100000	0000000000001000	100000100000000000
01000000000000000	0000000000000000000	000000000000000000001	001000000000010000	0000000000000000	000000000000101000
00000000000000000	0000000000101000000	001000100000000000000	000001000000100000	0000000000001000	100000100000000000
01000000000000000	0000000000000000000	000000000000000000000	000000000000000000	0000000000000000	000000000000100000
01000000000000000	0000000000000000000	000000000000000000000	000000000000000000	0000000000000000	000000000000100000
00000000000000000	0010010000000000000	000000000000000001000	000000001000000000	0000001000000000	000000000000000000
01000100000000000	0000000000000000000	000000000000010000000	000000000000000000	0000000000000000	000000000000100000
00000000000000000	0010000000000000000	000000000000000001000	000000001000000000	1000001000000000	000000000000000000
00000000000000100	0000000000000000000	110000000000000000010	000010000100000011	0000000000000000	000010000000000000
00000000000000000	0000000000000011000	000100000000000000000	000000000010000000	0000100000000100	000000000000000000
00000000000000000	0000000000000001000	000101001000000000000	000000000010000000	0000100000000100	000000000000000000
01000000000000000	0000000000000000000	000000000000000000000	000000000000000000	0000000000000000	000000000000100000
01000000000000000	0000000000000000000	000010000000000000000	001000000000000000	0000000000000000	000000000000101000
00000000000000000	0100000000000100000	000000000000000000000	000000000000000000	0000000001000000	000000000000000000
01000000000000000	0000000000000000000	000000000000000000000	001000000000010000	0000000000000000	000000000000101000
01000000000000000	0000000000000000000	000000000000000000000	100000000000000000	0000000000000000	000000000000100000
00000000000000000	0000000000000000000	000000000000000000000	000000000000000000	0000000000000010	000000000000100000
00000000000000000	0000000000000001000	000101001000000000000	000000000010000000	0000100000000100	000000000000000000
00000000000000000	0000000000000001000	000101001000000000000	000000000010000000	0000100000000100	000000000000000000
00000000000000000	0000000000000001000	000100000000000000000	000000000010000000	0000100000000100	000000000000010000
01000000000000000	0000000000000000000	000000000000000000001	001000000000010000	0000000000000000	000000000000101000
00000000000000000	0000000000101000000	001000110000000000000	000001000000100000	0000000000001000	100000100000000000
00000000000000000	0000000000000000000	000000000000000000000	000000000000000000	0000000000000010	000000000000100000
10000000000001000	0000000000000000000	000000000000000000000	000000000000000000	0000000000010000	000000010010100000
00000000000000000	0100000000000000000	000000000000000000000	000000000000000000	0000000001000000	000000000000000000
00000000000000000	1000100000000000000	000000000011001000000	000000000000000000	0000000000000000	000100000000000001
00000001001000000	0000000000000000000	000000000000000000000	000000000000000000	0000000100100000	000000000000100000
01000000000000000	0000000000000000000	000000000000000000000	000000000000000000	0000000000000000	000000000000100000
01000000000000000	0000000000000000000	000000000000000000000	000000000000000000	0000000000000000	000000000000100000
01000000000000000	0000000000000000000	000000000000100000000	000000000000000000	0000000000000000	000000000000100000
00000000000000000	0000000000000001000	000101001000000000000	000000000010000000	0000100000000100	000000000000000000
00000000000000000	0000000000000001000	000100000000000000000	000000000010000000	0000100000000100	000000000000000000
00001000000000000	0001000000001000000	001000000000000000000	000001000000100000	0000000000000000	100000101000000000
00000000000000000	0000000000001000000	001000000000000000000	000001000000100000	0000000000000000	100000100000000000
00000000000000000	0001000000001000000	001000000000000000000	010001000000100000	0000000000000000	100000101000000000
00000000000000000	1000100000000000000	000000000011001000000	000000000000000000	0000000000000000	000100000000000001
00000000000000000	0000000000000000000	000000000000000000000	000000010000000000	0100000000010000	000000000010100010
00000000000000000	0000000000000000000	000000000000000000000	000000000000000000	0000000000000010	000000000000100000
00000000000000000	0000000000000001000	000100000000000000000	000000000010000000	0000100000000100	000000000000000000
00000000000000000	1000100000000000000	000000000011001000000	000000000000000000	0000000000000000	000100000001000001
00000000000000000	0000000000001000000	001000000000000000000	000001000000100000	0000000000000000	100000100000000000
00000000000000000	0000000000101000000	001000100000000000000	000001000000100000	0000000000001000	100000100000000000
00000000000000000	1000100000000000000	000000000011001000000	000000000000000000	0000000000000000	000100000001000001
00000000000000000	0000000000001000000	001000000000000000000	000001000000100000	0000000000000000	100000100000000000
01000000000000000	0000000000000000000	000000000000000000000	000000000000000000	0000000000000000	000000000000100000
00000000000000000	0000000000000001000	000101001000000000000	000000000010000000	0000100000000100	000000000000000000
00001000000000000	0001000000001000000	001000000000000000000	000001000000100000	0000000000000000	100000101000000000
00000000000010000	0100000000000000100	000000000000000000000	000000000000000000	0000000001000000	000000000000000000
00000000000000000	0001000100001000000	001000000000000000000	010001000000100000	0000000000000000	100001101000000000
00000000000000000	0000000000000001000	000101001000000000000	000000000010000000	0000100000000100	000000000000000000
01000000000000000	0000000000000000000	000000000000000000000	000000000000000000	0000000000000000	000000000000100000
00000000000000000	0100000000000000000	000000000000000000000	000000000000000000	0000000001000000	010000000000000000
01000000000000000	0000000000000000000	000010000000000000000	001000000000000000	0000000000000000	000000000000101000
00000000000000100	0000000000000000000	110000000000000000010	000000000100000010	0000000000000000	000000000000000000
01000000000000000	0000000000000000000	000000000000000000000	000000000000000000	0000000000000000	000000000000100000
00000000000000000	0000000000000000000	000000000000000000000	000000000000000000	0000000000000010	000000000000100000
00000000000000000	0000000000101000000	001000110000000000000	000001000000100000	0000000000001000	100000100000000000
00000000000000100	0000000000000000000	110000000000000000010	000010000100000011	0000000000000000	000010000000000000
00000000000000000	0000000000101000000	001000100000000000000	000001000000100000	0000000000001000	100000100000000000
00000000000000000	0000000000000000000	000000000000000000000	000000000000000000	0000000000000000	000000000000000100
00000000000000000	0000000000000001000	000101001000000000000	000000000010000000	0000100000000100	000000000000000000
00001000000000000	0001000001001000000	001000000000000000000	000001000000100000	0000000000000000	100000101000000000
00000000000000000	0000000000000001000	000100000000000000000	000000000010000000	0000100000000100	000000000000000000
00000000000100000	0000000000000000000	110000000000000100010	000000100100000000	0010000000000000	000000000000000000
00000001001000000	0000000000000000000	000000000000000000000	000000000000000000	0000000100100000	000000000000100000
00000000000000000	0000000000000000000	000000000000000000000	000000000000000000	0000000000010000	000000010010100000
01000000000000000	0000000000000000000	000000000000000000000	001000000000000000	0000000000000000	000000000000100000
01000000000000000	0000000000000000000	000000000000000000000	000000000000000000	0000000000000000	000000000000100000
00000000000000000	0000000000001000000	001000000000000000000	000001000000100000	0000000000000000	100000100000000000
01000000000000000	0000000000000000000	000000000000000000000	000000000000000000	0000000000000000	000000000000100000
00000000000000000	0000000000000000000	000000000000000000000	000000000000000000	0000000000000010	000000000000100000
01000000000000000	0000000000000000000	000000000000010000000	000000000000000000	0000000000000000	000000000000100000
01000000000000000	0000000000000000000	000000000000000000000	000000000000000000	0000000000000000	000000000000100000
00000000000000000	0000000000000001000	000101001000000000000	000000000010000000	0000100000000100	000000000000000000
