000101000000000000000	00000000000000001010	0000000000100000	000100011000000010	0000000000000	000000000000000000000000
000000000000000000000	00000000100000000000	0000100000000000	000001000000000000	0000000100000	000000000001000000000000
000000101000000000000	00000000001000000000	0000000010000000	000000000000000000	0000000000000	000000100000100000001000
000000000000000000000	00000000100000000000	0000000000000000	000001000000000000	0000000100001	000000000001000000000000
010000000000000000000	00000000000000000000	0000000100010001	000000000000000000	0000011000000	000000000000000000000001
000101000000000000000	00000100000000001010	0000000000100000	000100001000000010	0000000000000	000000000000000000000000
000000000010000010000	00000000000001000000	0000000000000000	000000000000000000	0010000000000	100000000000000000000000
000000000000000000001	00000000000000000000	0000000000000000	100000000000000000	0000000000000	000000000000000000000100
000000000010000010000	00000000010001000000	0000000000000000	000000000000000000	0010000000000	100000000000000000000000
000001010000000000000	00000000000000000010	0000000000000000	000000000000000100	0000000001010	000000000000000000000000
000001010000000000000	00000000000000000010	0000000000000000	000000000000000100	0001000000010	000000001000000000000000
000101000000000000000	00000000000000001011	0000000000100000	000100001000000010	0000000000000	000000000000000000000000
000000000010000000000	00100000000001000000	0000010000000000	000000000000000000	0000000000000	000000000000000000000000
000000000010000010000	00000000000001000000	0000000000000000	000000000000000000	0010000000000	100000000000000000000000
000000000000000000001	00001000000000000000	0000000000000000	000000000000000001	0000000000000	000000000000000000100100
000000000000000000001	00000000000000000000	0000000000000100	000000000001000000	0000000000000	010000000000001000000100
000101000000000000000	00000000000000001010	0000000000100000	000100001000000010	0000000000000	000000000000000000000000
000000000000000000001	00001000000000000000	0000000000000000	000000000000000001	0000000000000	000000000000000000100100
000111000000001000000	01000000000000001010	0000000000000000	000100001000000010	0000000000000	000000000000000000000000
000101000000000000000	00000000000000001010	0000000000100000	000100001000000010	0000000000000	000000000000000000000000
000000000010000000000	00000000000001000000	0000000000000000	000000000000000000	0000000000000	000000000000010000000000
000000000010000000000	00100000000001000000	0000010000000000	000000000000000000	0000000000000	000000000000000000000000
000000000010000010000	00000000000001000000	0000000000000000	000000000000000000	0010000000000	100000000000000000000000
000001010000000000000	00000000000000000010	0000000000000000	000000000000000100	0001000000010	000001000000000000000000
000001010000000000000	00000000000100000010	0000001000000000	000000000000000100	0000000001010	000100000000000000000000
000000000000000000100	00000000000000000000	0000000000000000	000001000000000000	0000000100000	000000000001000000000000
000000000010000000000	00000000000001000000	0000000000000000	000000000000000000	0000000000000	000000000000010000000000
000101000000000000000	00000000000000001010	0000000000100000	000100001000000010	1000000000000	000000000000000000000000
000000101000000000000	00000000001000000000	0000000010000000	000000000000000000	0000000000000	000000100000100000001000
000000000010000010000	00000000000001000000	0000000000000000	000000000000000000	0010000000000	100000000000000000000000
000000000000100000000	00000000000000000000	0000000000000000	001001100000010000	0000000100000	000000000001000000000000
000000000000000000001	00001000000000000000	0000000000000000	000000000000000001	0000000000000	000000000000000010100100
000000000000100000000	00000000000000000000	0000000000000000	001001100000010000	0000000100000	000000000001000000000000
000000000010000010000	00000000010001000000	0000000000000000	000000000000000000	0010000000000	100000000000000000000000
000000000010000000000	00100000000001000000	1000010000000000	000000000000000000	0000000000000	000000000000000000000000
000000000010000010000	00000000000001000000	0000000000000000	000000000000000000	0010000000000	100000000000000000000000
010000000000000000000	00000000000000000000	0000000100010001	000000000000100000	0000011000000	000000000000000000000001
000000000010000000000	00100000000001000000	0000010000000000	000000000000000000	0000000000000	000000000000000000000000
000000000010000000000	00000000000001000000	0000000000000000	000000000000000000	0000000000000	000000000000010000000000
000000000010000000000	00100000000001000000	0000010000000000	000010000000000000	0000000000000	000000000000000000000000
000101000000000000000	00000000000000001010	0000000000000000	000100000000000010	0000000000000	000000000000000000000000
000000000010000000000	00100000000001010000	0000010000000000	000000000000000000	0000000000000	000010000000000000000000
000000000010000000000	00000000000001000000	0000000000000000	000000000000000000	0000000000000	000000000000010000000000
000101000000000000000	00000000000000001010	0000000000100000	000100001000000010	0000000000000	000000000000000000000000
000000000010000000000	00010000000001000000	0000000000000000	000000000000000000	0000000000000	000000000000010000000000
000111000000001000000	01000000000000001010	0000000000000000	000100001000000010	0000000000000	000000000000000000000000
000001010000000000000	00000000000000000010	0000000001000000	000000000000000100	0000000001010	000000000000000000000000
000000000010000000000	00100000000001000000	0000010000000000	000000000000000000	0000000000000	000000000000000000000000
000000000010000010000	00000000000001000000	0000000000000000	000000000000000000	0010000000000	100000000000000000000000
000000100000000000000	00000000001000000000	0000000010000000	000000000000000000	0000000000000	000000100000100000001000
000001010000000000000	00000000000000000010	0000000000000000	000000000000000100	0001000000010	000000001000000000000000
000000000010000010000	00000000000001000000	0000000000000000	000000000000000000	0010000000000	100000000000000000000000
000000000010000010000	00000000000001000000	0010000000000000	000000000000000000	0010000000000	100000000000000001000000
000101000000000000000	00000100000000001010	0000000000100000	000100001000000010	0000000000000	000000000000000000000000
000000100000000001000	00000000001000000000	0000000000000000	000000000100000000	0000000000000	000000000000100000000000
000001010000000000000	00000000000000000010	0000000001000000	000000000000000100	0000000001010	000000000000000000000000
000001010000000000000	00000000000000000010	0000000000000000	000000000000000100	0001000000010	000000001000000000000000
000000000010000000000	00100000000001000000	0000010000000000	000000000000000000	0000000000000	000000000000000000000000
000111000000001000000	01000000000000001010	0000000000000000	000100001000000010	0000000000000	000000000000000000000000
000001010000000000000	00000000000100000010	0000001000000000	000000000000000100	0000000001010	000100000000000000000000
000101000000000000000	00000000000000001010	0000000000100000	000100001000000010	0000000000000	000000000000000000000000
000000101000000000000	00000000001000000000	0000000010000000	000000000000000000	0000000000000	000000100000100000001000
000000000010000010000	00000000000011000000	0000000000000000	000000000000000000	0010000000000	100000000000000000000000
000000000010000000000	00100000000001000000	0000010000000000	000000000000000000	0000000000000	000000000000000000000000
000000000000000000000	00000000000000000000	0000000000000000	000001000000000000	0000000100000	000000000001000000000000
000000000000000000000	00000000000000000000	0000000000000000	000001000000000000	0000000100000	000000000001000000000000
000001010000000000000	00000000000000100010	0000000000000000	000000000000000100	0000000000010	000000000000000100000000
000101000000000000000	00000000000000001010	0000000000100000	000100001000000010	1000000000000	000000000000000000000000
000000100000000001000	00000000001000000000	0000000000000000	000000000100000000	0000000000000	000000000000100000000000
000000000010000000000	00100000000001000000	0000010000000000	000000000000000000	0000000000000	000000000010000000000000
000000000010000010000	00000000010001000000	0000000000000000	000000000000000000	0010000000000	100000000000000000000000
000101000000000000000	00000000000000001010	0000000000100000	000100001000000010	0000000000000	000000000000000000000000
000000000011000000000	00000000000001000000	0000000000000010	000000000000001000	0000000000000	001000000000000000000000
000001010000000000000	00000000000000000010	0000000000000000	000000000000000100	0000000001010	000000000000000000000000
000000000000000000001	00000000000000000000	0000000000000000	000000000000000001	0000000000000	000000000100000000100100
000001010000000000000	00000000000000000010	0000000001000000	000000000000000100	0000000001010	000000000000000000000000
000000000010000000000	00100000000001000000	0000010000000000	000000000000000000	0000000000000	000000000000000000000000
000001010000000000000	00000000000000000110	0000000001000000	000000000000000100	0000100001010	000000000000000000000000
000111000000001000000	01000000000000001010	0000000000000000	000100001000000010	0000000000000	000000000000000000000000
000001010000000000000	00000000000000000010	0000000001000000	000000000000000100	0000000001010	000000000000000000000000
000101000000000100000	00000001000000001010	0000000000000000	000100000010000010	0000000000000	000000000000000000000000
000101000000000000000	00000000000000001010	0000000000100000	000100001000000010	0000000000000	000000000000000000000000
000001010000000000000	00000010000000000010	0000000000000000	000000000000000100	0000000000010	000000000000000000010000
000000000010000010000	00000000000001000000	0000000000000000	000000000000000000	0010000000000	100000000000000000000000
000001010000000000000	00000000000000000110	0000000001000000	000000000000000100	0000000001010	000000000000000000000000
000000000000000000001	00001000000000000000	0000000000000000	000000000000000001	0000000000000	000000000000000000100100
000001010000000000000	00000000000000000010	0000000000000000	010000000000000100	0000000000010	000000000000000000000010
000001010000000000000	00000000000100000010	0000000000000000	000000000000000100	0000000001010	000000000000000000000000
000101000000000000000	00000000000000001010	0000000000100000	000100001000000010	0000000000000	000000000000000000000000
000000000010000000000	00100000000001000000	0000010000000000	000000000000000000	0000000000000	000000000000000000000000
000000000000000000001	00001000000000000000	0000000000000000	000000000000000001	0000000000000	000000000000000000100100
000000000010000000000	00100000000001000000	0000010000000000	000000000000000000	0000000000000	000000000000000000000000
000000000010000000000	00000000000001000000	0000000000001000	000000000000000000	0000000000000	000000000000010000000000
000000000011000000000	00000000000001000000	0000000000000010	000000000000000000	0000000010000	001000000000000000000000
000000000010000000000	00100000000001000000	0000010000000000	000000000000000000	0000000000000	000000000000000000000000
000000000000000000001	00001000000000000000	0000000000000000	000000000000000001	0000000000000	000000000000000000100100
000000000000100000000	00000000000000000000	0000000000000000	000001000000010000	0000000100000	000000000001000000000000
000001010000000000000	00000000000000000010	0000000000000000	000000000000000100	0000000001010	000000000000000000000000
000000000011000000000	00000000000001000000	0000000000000010	000000000000000000	0000000000000	001000000000000000000000
000000000010000000000	00100000000001000000	0000010000000000	000000000000000000	0000000000000	000000000000000000000000
000000000000010000001	10000000000000000000	0100000000000000	000000000001000000	0000000000000	000000000000000000000100
000000000010000000000	00000000000001000000	0000000000001000	000000000000000000	0000000000000	000000000000010000000000
000000000000100000000	00000000000000000000	0000000000000000	001001100000010000	0000000100000	000000000001000000000000
000000000010000000000	00000000000001000000	0000000000000000	000000000000000000	0000000000000	000000000000010000000000
000000000000000000001	00001000000000000000	0000000000000000	000000000000000001	0000000000000	000000000000000000100100
000000000010000000000	00100000000001000000	0000010000000000	000000000000000000	0000000000000	000000000000000000000000
000000000000100000000	00000000000000000000	0000000000000000	001001100000010000	0000000100000	000000000001000000000000
000001010000000000010	00000000000000000010	0000000001000000	000000000000000100	0000000001010	000000000000000000000000
000000000010000000000	00100000000001000000	0000010000000000	000000000000000000	0000000000000	000000000000000000000000
000101000100000000000	00000000000000001010	0000000000100000	000100001000000010	1000000000000	000000000000000000000000
000000100000000000000	00000000001000000000	0000000010000000	000000000000000000	0000000000000	000000100000100000001000
000101000000000000000	00000000000000001010	0000000000100000	000100001000000010	0000000000000	000000000000000000000000
000000000000000000001	00001000000000000000	0001000000000000	000000000000000001	0000000000000	000000000000000000100100
000001010000000000000	00000000000100000010	0000001000000000	000000000000000100	0000000001010	000100000000000000000000
000001010000000000000	00000000000000000010	0000000000000000	010000000000000100	0000000000010	000000000000000000000010
010000000000000000000	00000000000000000000	0000000100000001	000000000000000000	0100011000000	000000000000000000000001
000000101000000000000	00000000001000000000	0000000010000000	000000000000000000	0000000000000	000000100000100000001000
000000000010000010000	00000000000001000000	0010000000000000	000000000000000000	0010000000000	100000000000000001000000
000001010000000000000	00000000000000000010	0000000001000000	000000000000000100	0000000001010	000000000000000000000000
000001010000000000000	00000000000100000010	0000001000000000	000000000000000100	0000000001010	000000000000000000000000
000000000010000000000	00100000000001000000	0000010000000000	000000000000000000	0000000000000	000000000000000000000000
000000000010000010000	00000000000001000000	0000000000000000	000000000000000000	0010000000000	100000000000000000000000
000000000010000000000	00100000000001000000	0000010000000000	000000000000000000	0000000000000	000000000000000000000000
000001010000000000000	00000000000000000110	0000000001000000	000000000000000100	0000000001010	000000000000000000000000
000101000000000000000	00000000000000001010	0000000000100000	000100001000000010	0000000000000	000000000000000000000000
000001010000000000000	00000000000000000010	0000000001000000	000000000000000100	0000000001010	000000000000000000000000
000000000000010000001	10000000000000000000	0100000000000000	000000000001000000	0000000000000	000000000000000000000100
000000000000100000000	00000000000000000000	0000000000000000	000001000000010000	0000000100000	000000000001000000000000
000000000000000000001	00001000000000000000	0000000000000000	000000000000000001	0000000000000	000000000000000000100100
010000000000000000000	00000000000000000000	0000000100010001	000000000000100000	0000011000000	000000000000000000000001
000001010000000000000	00000000000000000010	0000000001000000	000000000000000100	0000000001010	000000000000000000000000
000101000000000000000	00000000000000001010	0000000000100000	000100001000000010	0000000000000	000000000000000000000000
101000000010000010000	00000000000001000000	0000000000000000	000000000000000000	0010000000000	100000000000000000000000
000000000000000000100	00000000000000000000	0000000000000000	000001000000000000	0000000100000	000000000001000000000000
000111000000001000000	01000000000000001010	0000000000000000	000100001000000010	0000000000000	000000000000000000000000
000000000010000000000	00000000000001000000	0000000000000000	000000000000000000	0000000000000	000000000000010000000000
010000000000000000000	00000000000000000000	0000000100000001	000000000000000000	0100011000000	000000000000000000000001
000000000000000000100	00000000000000000000	0000000000000000	000001000000000000	0000000100000	000000000001000000000000
000000101000000000000	00000000001000000000	0000000010000000	000000000000000000	0000000000000	000000110000100000001000
000000000010000000000	00100000000001000000	0000010000000000	000000000000000000	0000000000000	000000000000000000000000
000000000000000000001	00001000000000000000	0000000000000000	000000000000000001	0000000000000	000000000000000000100100
000001010000000000000	00000000000000000010	0000000000000000	010000000000000100	0000000000110	000000000000000000000010
000000000000000000000	00000000000000000000	0000000000000000	000001000000000000	0000000100000	000000000001000000000000
000000000010000000000	00000000000001000000	0000000000000000	000000000000000000	0000000000000	000000000000010000000000
000101000000000000000	00000000000000001011	0000000000100000	000100001000000010	0000000000000	000000000000000000000000
000001010000000000000	00000000000000000010	0000000001000000	000000000000000100	0000000001010	000000000000000000000000
000001010000000000000	00000000000000000010	0000000001000000	000000000000000100	0000000001010	000000000000000000000000
000001010000000000000	00000000000100000010	0000001000000000	000000000000000100	0000000001010	000000000000000000000000
000000000010000010000	00000000000001000000	0000000000000000	000000000000000000	0010000000000	100000000000000000000000
000001010000000000000	00000000000000000010	0000000000000000	000000000000000100	0000000001010	000000000000000000000000
