000001000010000	00000000000000000000	000000000000100	00000000000100000	00000000000000001000	00000000000000000000000000
000000000000000	00000000000000000010	000000000000000	00000000000000000	01000000000000000000	00000000000010000000000000
000010000000000	00000000000000000000	011000000010000	00010000000000000	00000000000000000000	10100000000001000000000100
000010000001000	00000000000000000000	011000000010000	00010000000000000	00100000000000000000	10100000000001000000000100
000000000000000	00000010000000100000	001001000010000	00000000000000000	00010000000000100000	00001000000000010000000000
000010000000000	00000000000000000000	011000000010000	00010000000000000	00100000000000000000	10100000000001000000000100
100000010100000	00000000000000000000	000000000100000	00000000000000000	00001001000000000000	00000000000000000000000000
000000001000000	00000000000000000000	000000000000000	00000000000000000	00000000000010000000	00000000000010000000000000
000001000010000	00000000000000000000	100000001000100	00000000000000000	00000000000000001000	00000000000000000000000000
000000001000000	00000000000000000000	000000000000000	00000000000000000	00000000000010000000	00000000000010000000000000
100000010000000	00000000000000000000	000100000000000	00000000000000000	00000011000000000000	00000000000000000010000000
000010000000000	00000000000000000001	011000000010000	00010000000000000	00000000000000000000	10100000000001000000000100
000000001000000	00000000000000000000	000000000000000	00000000000000000	00000000000010000000	00000100000010000000000000
000100000000001	00100000000000010000	000000100000000	00000001010000110	00000000000100000000	00000000000000000100000000
000010000000000	00000000000000000000	011000000010000	00010000000000000	00000000000000000000	10100000000001000000000100
000010000000000	00000000100000000000	011000000010010	10010000000000000	00000000000000000000	10100000000001001000000100
100000010100000	00000000000000000000	000000000000000	00000000000000000	00001001000000000010	00000000000000000000000000
000010000000000	00000000000000000000	011000000010000	00010000000000000	00100000000000000100	10100000000101000000000100
000100000000001	00100000000000010000	000000100000000	00000001010000110	00000000000100000000	00000000000000000100000000
000001000010000	00000000000000000000	000000000000100	00000000000000000	00000000000000001000	00000000000000000000000000
100000010000000	00000000000000000000	000100000000000	00000000000000000	00000011000000000000	00000000000000000010000000
100000010100000	00000000000000000000	000000000000000	00000000000000000	00001001000000000010	00000000000000000000000000
000010000000000	00000000000000000000	011000000010010	10010000000000000	00000000000000000000	10100000000001001000000100
000001000010000	00000000000000000000	100000001000100	00000000000000000	00000000000000001000	00000000000000000000000000
000010000000000	00000000000000000000	011000000010000	00010000000000000	00000000000000000000	10100000000001000000000100
000001000010000	00000000000000000000	000000000000100	00000000000000000	00000000000000001000	00000000000000000000000000
010000000000000	10000010000010100000	001000000010000	00000000000000000	00010000000000100000	00001000000000000000000000
000010000000000	00000000000000000001	011000000010000	00010000000000000	00000000000000000000	10100000000001000000000100
000001000010000	00000000000000000000	000000000000100	00000000000000000	00000000000000001000	00000000000000000000001000
000010000000000	00000000000000000001	011000000010000	00010000000000000	00000000000000000000	10100000000001000000000100
000000000000000	00000010000000100000	001000000010000	00000000000000000	00010000000000100000	00001000000000000000000000
000010000000000	00000000000000000000	011000000010000	00010000000000000	00100000000000000100	10100000000101000000000100
000010000000000	00000000100000000000	011000000010010	10010000000000000	00000000000000000000	10100000000001001000000100
010000000000000	10000010000010100000	001000000010000	00000000000000000	00010000000000100000	00001000000000000000000000
000010000000000	00000000000000000000	011000000010010	10010000000000000	00000000000000000000	10100000000001001000000100
000010000000000	00000000000000000000	011000000010010	10010000000000000	00000000010000000000	10100000000001001000000100
100000010100000	00000000000000000000	000000000000000	00000000000000000	00001001000000000010	00000000000000000000000000
000100000000001	00100000000000010000	000000100000000	00000001010000100	00000000000100000000	00000000000000000100000000
100000010000000	00000000000000000000	000000000001000	00000000000000000	00000011000000000000	00000000000000000000000000
000010000000000	00000000100000000000	011000000010010	10010000000000000	00000000000000000000	10100000000001001000000100
100000010000000	00000000000000000000	000100000000000	00000000000000000	00000011000000000000	00000000000000000010000000
100000010100000	00000000000000000000	000000000000000	00000000000000000	00001001000000000000	00000000000000000000010000
000010000000000	00000000000000000000	011000000010000	00010000000000000	00100000000000000000	10100000000001000000000100
100000010100000	00000000000000000000	000000000000000	00000000000000000	00001001000000000000	00000000000000000000010000
000001000010000	00000000000000000000	100000001000100	00000000000000000	00000000000000001000	00000000000000000000000000
000000000000000	00000010000001100000	001000000010000	00000000000000000	00010000000000100000	00001000000000000000000000
000100000000001	00101000000000010000	000000100000000	00000001010000100	00000000000100000000	00000000000000000100000000
100000010000000	00000000000000000000	000000000001000	00000000000000000	00000011000000000000	00000000000000000000000000
000000000000000	10000010000010101000	001000000010000	00000000000000000	00010000000000110000	00001000000000000000000000
100000010000000	00000000000000000000	000000000001000	00000000000000000	00000011000000000000	00000000000000000000000000
000100000000001	00100000000000010000	000000100000000	00000001010000100	00000000000100000000	00000000000000000100000000
100000010000000	00000000000000000000	000100000000000	00000000000000000	00000011000000000000	00000000000000000010000000
000000000000000	00000000000000000010	000000000000000	00000000000000000	01000000000000000000	00000000000010000000000000
000010000000000	00000000000000000001	011000000010000	00010000000000000	00000000000000000000	10100000000001000000000100
000010000000000	01000000000000000000	011000000010000	00010000000000000	00000000000000000000	10100000000001000000000100
000010000000000	00000000100000000000	011000000010010	10010000000000000	00000000000000000000	10100000000001001000000100
100000010100000	00000000000000000000	000000000000000	00000000000000000	00001001000000000000	00000000000000000000000000
000001000010000	00000000000000000000	100000001000100	00000000000000000	00000000000000001000	00000000000000000000000000
000001000010000	00000000000000000000	000000000000100	00000000000000000	00000000000000001000	00000000000000000000000000
100000010000000	00000000000000000000	000100000000000	00000000000000000	00000011000000000000	00000000000000000010000000
100000010100000	00000000000000000000	000000000100000	00000000000000000	00001001000000000000	00000000000000000000000000
000010000000000	00000000000000000000	011000000010000	00010000000000000	00000000000000000000	10100000000001000000000100
000100000000001	00100000000000010000	000000100000000	00000001010000100	00000000000100000000	00000000000000000100000000
000010000000000	00000000000000000000	011000000010000	00010000000000000	00100000000000000000	10100000000001000000000100
100000010000000	00000000000000000000	000000000001000	00000000000000000	00000011000000000000	00000000000000000000000000
000010000000000	00000000000000000001	011000000010000	00010000000010000	00000000000000000000	10100000000001000000000100
000010000000000	00000000000000000000	011000000010000	00010000000000000	00000000000000000000	10100000000001000000000100
000000001000000	00000000000000000000	000000000000000	00000000000000000	00000000000010000000	00000000000010000000000000
000001000010000	00000000000000000000	000000000000100	00000000000000000	00000000000000001000	00000000000000000000000000
000010000000000	00000000000000000000	011000000010010	10010000000000000	00000000010000000000	10100000000001001000000100
100000010100000	00000000000000000000	000000000000000	00000000000000000	00001001000000000010	00000000000000000000000010
000000001000000	00000000000000000000	000000000000000	00000000000000000	00000000000010000000	00000100000010000000000000
000000000000000	00000000000000000010	000000000000000	00000000000000000	00000000000000000000	00000000000010000000000000
000000000000000	00000000000000000000	000000010000000	00000000000000001	00000000001000000000	00000000000000000000100000
000010000000000	00000000000000000000	011000000010010	10010000000000000	00000000000000000000	10100000000001001000000100
100000010000000	00000000000000000000	000000000001000	00000000000000000	00000011000000000000	00000000000000000000000000
000001000010000	00000000000000000000	100000001000100	00000000000000000	00000000000000001000	00000000000000000000000000
000010000000000	00000000000000000000	011000000010010	10010000000000000	00000000000000000000	10100000000001001000000100
000010000000000	00000000000000000001	011000000010000	00010000000010000	00000000000000000000	10100000000001000000000100
000010000000000	00000000000000000000	011000000010010	10010000000000000	00000000000000000000	10100000000001001000000100
100000010100000	00000000000000000000	000000000000000	00000000000000000	00001001000000000010	00000000000000000000000010
000010000000000	00000000000000000000	011000000010000	00010000000000000	00100000000000000000	10100000000001000000000100
100000010100000	00000000000000000000	000000000000000	00000000000000000	00001001000000000010	00000000000000000000000000
000001000010000	00000000000000000000	000000000000100	00000000000000000	00000000000000001000	00000000000000000000001000
000001000010000	00000000000000000000	100000001000100	00000000000000000	00000000000000001000	00000000000000000000000000
000000000000000	00000000000000000010	000000000000000	00000000000000000	01000000000000000000	00000000000010000000000000
000010000000000	00000000000000000000	011000000010000	00010000000000000	00000000000000000000	10100000000001000000000100
000001000010000	00000000000000000000	000000000000100	00000000000000000	00000000000000001000	00000000000000000000000000
100000010000000	00000000000000000000	000000000001000	00000000000000000	00000011000000000000	00000000000000000000000000
100000010100000	00000000000000000000	000000000000000	00000000000000000	00001001000000000010	00000000000000000000000000
000001000010000	00000000000000000000	100000001000100	00000000000000000	00000000000000001000	01000000100000000000000000
000000000000000	00000000000000000000	000000010000000	00000000000000001	00000000001000000000	00000000000000000000100000
010000000000000	10000010000010100000	001000000010000	00000000000000000	00010000000000100000	00001000000000000000000000
000010000000000	00000000100000000000	011000000010010	10010000000000000	00000000000000000000	10100000000001001000000100
000001000010000	00000001000000000000	000000000000100	00000000000000000	00000000000000001000	00000000000000000000000000
000000001000000	00000000000000000000	000000000000000	00000000000000000	00000000000010000000	00000000000010000000000000
000010000000000	00000000001000000000	011000000010010	10010000000000000	00000000000000000000	10100000000001001000000100
000010000000000	00000000000000000000	011000000010000	00010000000000000	00000000000000000000	10100000000001000000000100
010000000000000	10000010000010100000	001000000010000	00000000000000000	00010000000000100000	00001000000000000000000000
000001000010000	00000000000000000000	000000000000100	00000000000100000	00000000000000001000	00000000000000000000000000
100000010100000	00000000000000000000	000000000000000	00000000000000000	00001001000000000010	00000000000000000000000000
000000000000000	00000000000000000010	000000000000000	00000000000000000	01000000000000000000	00000000000010000000000000
000000000000000	00000110010000100000	001000000010001	00000000000000000	00010000000000100000	00001000000000000000000000
100000010000000	00000000000000000000	000100000000000	00000000000000000	00000011000000000000	00000000000000000010000000
000000000000000	00000000000000000000	000000010000000	00000000000000001	00000000001000000000	00000000000000000000100000
000001000010000	00000000000000000000	000000000000100	00000000000000000	00000000000000001000	00000000000000000000001000
000010000000000	00000000100000000000	011000000010010	10010000000000000	00000000000000000000	10100000000001001000000100
010000000000000	10000010000010100000	001000000010000	00100000000000000	00010000000000100000	00001000000000000000000000
000010000000000	00000000000000000000	011000000010000	00010000000000000	00100000000000000100	10100000000101000000000100
000000000000000	00000000000000000000	011000000010000	00010000000000000	00000000000000000000	10100000000001000001000100
000010000000000	00000000000000000000	011000000010000	00010000000000000	00000000000000000000	10100000000001000000000100
100000010100000	00000000000000000000	000000000100000	00000000000000000	00001001000000000000	00000000000000000000000000
101000110000000	00000000000000000000	000000000000000	00000000000000000	00000011000000000000	00000001000000000000000000
100000010100000	00000000000000000000	000000000000000	00000000000000000	00001001000000000010	00000000000000000000000000
010000000000100	10000010000010100000	001000000010000	00000000000000000	00010000000000100000	00001000000000000000000000
000000001000000	00000000000000000000	000000000000000	00000100000000000	00000000000010000000	00000000000010000000000000
000000000000000	00000010000000100000	001010000010000	00000000000000000	00010000000000100000	00001000000000000000000000
000010000000000	00000000000000000000	011000000010000	00010000000000000	00000000000000000000	10100000001001000000000100
000001000010000	00000000000000000000	000000000000100	00000000000000000	00000000000000001000	00000000000000000000000000
100000010000000	00000000000000000000	000000000001000	00000000000000000	00000011000000000000	00000000000000000000000000
000000000000000	00000110010000100000	001000000010000	00000000000000000	00010000000000100000	00001000000000000000000000
000000000000000	00000010000000100000	001001000010000	00000000000000000	00010000000000100000	00001000000000010000000000
100000010000000	00000000000000000000	000000000001000	00000000000000000	00000011000000000000	00000000000000000000000000
000000000000000	00000110010000100000	001000000010000	00000000000000000	00010000000000100000	00001000000000000000000000
000000000000000	00000000000000000000	011000000010000	00010000000000000	00000000000000000000	10100000000001000001000100
000010000000000	00000000000000000001	011000000010000	00010000000000000	00000000000000000000	10100000000001000000000100
000100000000001	00100000000000010000	000000100000000	00000001010000100	00000000000100000000	00000000000000000100000000
000010000000000	00000000000000000000	011000000010000	00010000000000000	00100000000000000000	10100000000001000000000100
000010000000000	00000000000000000000	011000000010000	00010000001000000	00100000000000000100	10100000000101000000000100
000000000000000	00000000000000000100	000000000000000	01001000000001000	00000000000001000000	00000000000000100000000001
000000000000000	00000000000000000010	000000000000000	00000000000000000	01000000000000000000	00000000010010000000000000
000010000000000	00000000000000000000	011000000010010	10010000100000000	10000000000000000000	10110000000001001000000100
000000000000000	00000010000000100000	001010000010000	00000000000000000	00010000000000100000	00001010000000000000000000
000010000000000	00000000000000000001	011000000010000	00010000000000000	00000000000000000000	10100000000001000000000100
000010000000000	00000000000000000000	011000000010000	00010000000000000	00000000000000000000	10100000000001000000000100
000100000000001	00100000000000010000	000000100000000	00000011010000100	00000000000100000000	00000000000000000100000000
000000000000010	00010000000000000000	000000000000000	00000000000000000	00000000000000000001	00000000000010000000000000
000010000000000	00000000000000000001	011000000010000	00010000000010000	00000100000000000000	10100000000001000000000100
000001000010000	00000000000000000000	100000001000100	00000000000000000	00000000000000001000	00000000000000000000000000
000000000000000	00000010000000100000	001001000010000	00000000000000000	00010000000000100000	00001000000000010000000000
100000010100000	00000000000000000000	000000000100000	00000000000000000	00001001000000000000	00000000000000000000000000
000001000010000	00000000000000000000	000000000000100	00000000000100000	00000000000000001000	00000000000000000000000000
000100000000001	00100000000100010000	000000100000000	00000001010000100	00000000000100000000	00000000000000000100000000
000010000000000	00000000000000000000	011000000010000	00010000000000000	00000000000000000000	10100000000001000000000100
100000010000000	00000000000000000000	000000000001000	00000000000000000	00000011000000000000	00000000000000000000000000
000001000010000	00000000000000000000	000000000000100	00000000000000000	00000000000000001000	00000000000000000000001000
000010000000000	00000000000000000000	011000000010010	10010000000000000	00000000000000000000	10100000000001001000000100
100000010100000	00000000000000000000	000000000000000	00000000000000000	00001001100000000000	00000000000000000000000000
000000001000000	00000000000000000000	000000000000000	00000100000000000	00000000000010000000	00000000000010000000000000
100000010100000	00000000000000000000	000000000000000	00000000000000000	00001001000000000010	00000000000000000000000000
