01000000000000	00010100000000000000	000000000000000000	000100000000	000000000000	000000000
00010000010000	00100000000000000000	000000000000000000	000000000000	000000000000	000000000
00000000000000	00000000000000000000	000000100100000000	000010001000	000000011010	001000010
00010000010000	00100000000000000000	000000000000000000	000000000000	000000000000	000001000
10000000000000	00000000000000000000	000000000000000000	000000000000	000000000000	000000001
00000000000000	00000000000000000000	000000100100000000	000010001000	000000011010	001000010
00000000000000	00010000000000000000	000000000000000000	110000000000	000000100000	000000000
00000000000000	00000000100001000000	010000110000000100	000000000000	001000001000	000000000
00000000000000	00010000000000000000	000000000000000000	000000000000	000000000000	000000000
00000000000100	00000000000000000000	000000000000000000	000000000000	000000000000	000000000
00001000000000	00010000000000000000	000000000000000000	000000000000	000000000000	000000000
00000000000000	00000000000000000000	000000100100000000	000010001000	000000011010	001000010
00000000000000	00010000000000000000	000000000000000000	000000000000	000000000000	000000000
00000000000000	00010000010000000000	000000000001000000	010000000000	000000100000	000000000
00000000000000	00010000000000001000	000000000000000000	000000000000	000000000000	000000000
10000000000000	00000000000000000000	000000000000000000	000000000000	000000000000	000000001
00000000000000	00000000000000000000	000000100100000000	000010001000	000000011010	001000010
00000000000000	00010000000000000000	000000000000000000	000000000000	000000000000	000000000
00010000010010	00000010000000000000	000000000000000000	000000000000	000000000000	000000000
10000000000000	00000000000100000000	000000000000000000	000000000000	000000000000	000000001
00010000010010	00000010000000000000	000000000000000000	000000000000	000000000000	000000000
00000000000000	00010000000000000100	000000000000000000	000000000100	000000000000	000000000
00000000000000	00000000000000000000	000000100000000000	000000000000	010000001010	001010000
00000000000000	00010000000000100000	000000000000000000	000000000000	000000000000	000000000
00001000000000	00010000000000000000	000010000000001000	000000000000	000000000000	000000000
00000010000000	01011000000000000000	000000000000000010	000000000000	000000000000	000000000
00000000000100	00000000000000000000	000000000000000000	000000000000	000000000000	000000000
00000000000000	00010000000000000100	000000000000000000	000000000100	000000000000	000000000
00010000010010	00000010000000000000	000000000000000000	000000000000	000000000000	000000000
00001000000000	00010000000000000000	000000000000000000	000000000000	000000000000	000000000
00000000000000	00000000000000000000	000000000000000001	000000000000	000000000000	000100001
00000000000000	00010000000000000000	000000000000000000	110000000000	000000100000	000000000
00000000000000	00000000000000000000	100000000000000000	000000000000	000000000000	000000000
00000000001100	00000000000000000000	000001000000000000	000000000000	000000000000	000000000
00010000010010	00000010000000000000	000000000000000000	000000000000	000000000000	000000000
00000000000000	00010000000000000000	000000000000000000	110000000000	000000100000	000000000
00000000000000	00000000100001000000	010000110000000100	000000000000	001000001000	000000000
00000000000000	00000000000000000000	000000100100000000	000010001000	000000011010	001000010
00000000000000	00000000001000000000	101000000000000000	000000000000	000000000001	000000000
00000000000000	00010000010000000000	000000000000000000	010000000000	000000100000	000000000
00010000010010	00000010000000000000	000000000000000000	000000000000	000010000000	010000000
00010000010000	00100000000000000000	000000000000000000	000000000010	000000000000	000000000
00001000000000	00010000000000000000	000000000000000000	000000000000	000000000000	000000000
00010000010010	00000010000000000000	000100000000010000	000000000000	000000000000	000000000
00000000000000	00010000010000000000	000000000000000000	010000000000	000000100000	000000000
00000000000000	00000000000000000000	000000100100000000	000010001000	000000011010	101000000
00000000001100	00000000000000000000	000001000000000000	000000000000	000000000000	000000000
00000000000000	00000000000000000000	000000100100000000	000010001000	000000011010	001000010
00000010000000	01011000000000000010	000000000000000010	000000000000	000000000100	000000000
00000000000100	00000000000000000000	000000000000000000	000000000000	000000000000	000000000
00010000010010	00000010000000000000	000000000000000000	000000000000	000000000000	000000000
00110000010010	00000010000000000000	000000000000000000	000000000000	000000000000	000000000
00000000000000	00010000010000000000	000000000000000000	010000000000	000000100000	000000000
00010000010010	00000010000000000000	000000000000000000	000000000000	000000000000	000000000
00000000000000	00010000000000000100	000000000000000000	000000000100	000000000000	000000000
00000000000000	00000000000000000000	000000100000000000	000000000000	010000001010	001010000
00000000000000	00000000000000000000	000000000000000000	000001000000	000000000000	000000000
00000000000000	00000000001000000000	100000000000000000	000000000000	000000000001	000000000
00000000000000	00010001010000000000	000000000000000000	010000000000	000000100000	000000000
00010000010010	00000010000000000000	000100000000010000	000000000000	000000000000	000000000
00000000000000	00000000000000000000	000000100100000000	000010001000	000000011010	001000010
00000010000000	01011000000000000000	000000000000000010	000000000000	000000000000	000000000
00000000000000	00000000000000000000	000000100100000000	000010001000	000000011010	001000010
00010000010010	00000010000000000000	000000000000000000	000000000000	100000000000	000000000
00001000000000	00010000000000000000	000000000000000000	000000000000	000000000000	000000000
10000000000000	00000000000000000000	000000000000000000	000000000000	000000000000	000000001
00010000010010	00000010000000000000	000000000000000000	000000000000	000100000000	000000000
00000000000100	00000000000000000000	000001000000000000	000000000000	000000000000	000000000
10000000000000	00000000000000000000	000000000000000000	000000000000	000000000000	000000001
00010000010000	00100000000000000000	000000000000000000	000000000000	000000000000	000000000
00000000000000	00010000010000000000	000000000001000000	010000000000	000000100000	000000000
00000000000000	00010000010000000000	000000000001000000	010000000000	000000100000	000000000
00000000000000	00000000000000000000	100000000000000000	000000000000	000000000000	000000000
00000000000000	00000000000000000000	000000100100000000	000010001000	000000011010	001000010
01000000000000	00010100000000000000	000000000000000000	000100000000	000000000000	000000000
00001000000000	00010000000000000000	000000000000000000	000000000000	000000000000	000000000
00000000000100	00000000000000000000	000000000000000000	000000000000	000000000000	000000000
00000000100000	00000000000000000000	000000000000000000	000000000000	000001000000	000000000
00001000000000	00010000000000000000	000010000000001000	000000000000	000000000000	000000000
00000000000000	00010000000000000000	000000000000000000	110000000000	000000100000	000000000
00000000000000	00010000000000001000	000000000000000000	000000000000	000000000000	000000000
00000000000000	00010000000000000100	000000000000000000	000000000100	000000000000	000000000
00000001000000	10010000000000000000	000000000000000000	000000000000	000000000000	000000000
00001100000000	00010000000000000000	000000000000000000	000000000000	000000000000	000000000
00000000000000	00010000010000000000	000000000001000000	010000000000	000000100000	000000000
00000000000000	00000000000000000000	100000000000000000	000000000000	000000000000	000000000
00000000000000	00000000100001000000	010000110000000100	000000000000	001000001000	000000000
00000000000000	00000000000000000000	000000000000000000	000001000000	000000000000	000000000
00000000000000	00010000000000000000	000000000000000000	000000000000	000000000000	000000000
00000000000100	00000000000000000000	000000000000000000	000000000000	000000000000	000000000
00000000000000	00000000000000000000	000000001000000000	000000000000	000000000000	000000001
00000000000000	00000000000000000000	000000000000000000	000000000000	000000000000	000000001
00110000010010	00000010000000000000	000000000000000000	000000000000	000000000000	000000000
00000000000000	00000000000000000000	100000000000000000	000000000000	000000000000	000000000
00000000000000	00010000000000000100	000000000000000000	000000000100	000000000000	000000000
00000000000000	00010000000000000100	000000000000000000	000000000100	000000000000	000000100
00000000000000	00000000000000000001	000000000000000000	000000010000	000000000000	000000000
00000000000000	00010000000000000000	000000000000000000	110000000000	000000100000	000000000
00000000000000	00010000000000001000	000000000000000000	000000000000	000000000000	000000000
00000001000000	10010000000000000000	000000000000000000	000000000000	000000000000	000000000
00010000010010	00000010000000000000	000000000000000000	000000000000	000000000000	000000000
00000000000000	00000000000000000000	000000100100000000	000010001000	000000011010	001000010
00000000000000	00000000000000000000	000000100100000000	000010001000	000000011010	001000010
00000000000000	00000000000000000000	100000000000000000	000000000000	000000000000	000000000
00000000000000	00000000000000000000	000000000000000000	000000000000	000000000000	000000001
00000000000100	00000000000000000000	000001000000000000	000000000000	000000000000	000000000
00000000000000	00010000000000000000	000000000000000000	110000000000	000000100000	000000000
00010000010010	00000010000000000000	000100000000000000	000000000000	000000000000	000000000
00000000000000	00000000000000000001	000000000000000000	000000010000	000000000000	000000000
00000000000000	00000000000000000001	000000000000000000	000000010000	000000000000	000000000
00110000010010	00000010000000000000	000000000000000000	000000000000	000000000000	000000000
00000000000000	00000000100001000000	010000110000000100	000000000000	001000001000	000000000
00000000000000	00010000000000000000	000000000000000000	000000000000	000000000000	000000000
00000000000000	00000000000000000000	100000000000000000	000000000000	000000000000	000000000
00000000000000	00000000000000000000	000000001000000000	000000000000	000000000000	000000001
00000000000000	00010000000000001000	000000000000000000	000000000000	000000000000	000000000
00000000000000	00010000000000000000	000000000000000000	000000000000	000000000000	000000000
00000000000000	00000000100001000000	010000110000000100	000000000000	001000001000	000000000
01000000000000	00010000000000000000	000000000000100000	000000000000	000000000000	000000000
00001000000000	00010000000000000000	000000000000000000	000000000000	000000000000	000000000
00001000000000	00010000000000000000	000000000000000000	000000000000	000000000000	000000000
00010000010010	00000010000000000000	000000000000000000	000000000000	000000000000	000000000
00000000000001	00000000000000000000	000000100100000000	000010001000	000000011010	101000000
00000000000000	00000000000000000000	000000100100000000	000010001000	000000011010	001000010
00001000000000	00010000000000000000	000000000000000000	000000000000	000000000000	000000000
00000000000000	00000000000000000000	000000000000000001	000000000000	000000000000	000000001
00000010000000	01011000000010000010	000000000010000010	000000000000	000000000000	000000000
00010000010000	00100000000000010000	000000000000000000	000000000010	000000000000	000000000
00000000000000	00000000000000000000	000000100100000000	000010001001	000000011010	001000010
00000000000000	00000000000000000000	000000000000000000	000000010000	000000000000	000000000
00001000000000	00010000000000000000	000000000000000000	000000000000	000000000000	000000000
00000000000000	00010000000000000100	000000000000000000	000000000100	000000000000	000000000
00000000001100	00000000000000000000	000001000000000000	000000000000	000000000000	000000000
00000000000000	00010000010000000000	000000000000000000	010000000000	000000100000	000000000
00000000000000	00010000010000000000	000000000001000000	010000000000	000000100000	000000000
00000000000000	00010000000000000000	000000000000000000	000000000000	000000000000	000000000
00001000000000	00010000000000000000	000000000000000000	000000000000	000000000000	000000000
00000000000000	00000000000000000000	000000100100000000	000010101000	000000011010	001000010
00001000000000	00010000000000000000	000000000000000000	000000000000	000000000000	000000000
00000000000000	00000000001000000000	100000000000000000	000000000000	000000000001	000000000
00000000000000	00010000000000001000	000000000000000000	000000000000	000000000000	000000000
00000000000000	00000000000000000000	000000000000000000	000000000000	000000000000	000000000
00001000000000	00010000000000000000	000000000000000000	000000000000	000000000000	000000000
00000000000000	00000000100001000000	010000110000000100	000000000000	001000001000	000000000
00000000000000	00000000000000000000	000000000000000000	000000000000	000000000000	000000001
00000000000000	00010000000000000100	000000000000000000	000000000100	000000000000	000000000
00000000000000	00010000010000000000	000000000000000000	011000000000	000000100000	000000000
10000000000000	00000000000000000000	000000000000000000	000000000000	000000000000	000000001
00000000000000	00000000100001000000	010000110000000100	000000000000	001000001000	000000000
00010000010010	00000010000000000000	000000000000000000	000000000000	000000000000	000000000
