00000000000000000	00000000	001000001000	00000000000000	001000000000000000000	00000000000000000000
00000000000000000	00000000	000001000000	00000000000000	000000000000000000000	00000000000000000000
00000000000000000	00000000	000001000000	00000000000000	100000000000100000000	00000000000000000000
00000000000000000	00000000	000000000000	00000000001000	000010001000000010000	00001000000000000000
00000010000000001	00000000	000000010100	00010000000000	000000000000000000000	00100000000000001100
00010000000000000	00000000	000001000000	00000000000000	000000000000000000000	00000000000000000010
00000000000000000	00000000	000000000001	00000000000000	000000000000000001000	00000000000000000000
00000000001000000	00010000	000000000000	00000000000010	000000000000000000000	00000010000000000000
00001001000000000	00000000	000000000000	01000000000000	000000000000000000000	00000000000000000000
00000000001000000	00010000	000000000000	00000000000010	000000000000000000000	00000010000000000000
10000000001000000	00010010	000000000000	00001000100000	000000000000010000100	00000000000010000000
00000000000000000	00000100	000001000000	00000000000000	000000000000000000000	00000000000000000000
00000000000000000	00000000	000000000001	00000000000000	000000000000000001000	00000000000000000000
00010000000000000	00000000	100001000000	00000000000000	000000000000000000000	00000000000000000010
00001001000000000	00001000	000000100000	01000000010000	000000000000000000000	00000000000000000000
00000000000000000	00000000	000000000001	00000000000000	000000000000000001000	00000000000000000000
00000000000000000	00000000	001000001000	00100000000000	001000000000000000000	00000000000000000000
00010000000000000	00000000	000001000000	00000000000000	000000000000000000000	00000000000000000010
00000000000000000	00000000	000000000000	00000000001000	000010001000000010000	00000000000000000000
00001001000000000	00000000	000000000000	01000000000000	000000000000000000000	00000000000000000000
00000000000000000	00000000	000001000000	00000000000000	100000000000100000000	00000000000000000000
00000000000000000	00000000	001000001000	00000000000000	001000000000000000000	00000000000000000000
00000100000000000	10000000	000001000000	10000000000000	000000000000000000000	00000000000000000010
00000000000000000	00000000	000001000000	10000000000000	000000000000000000000	00000100000000000010
00000000000000010	00000001	000000000000	00000000000000	000000100000000101000	00000001000000000000
00001001000000000	00000000	000000000000	01000000000000	000000010000000000000	00000000000000000000
00001001000000000	00000000	000000000000	01000000000000	000000000000000000000	00000000000000000000
00001001000000000	00000000	000000000000	01000000000000	000000000000000000000	00000000000000010000
00100000000000000	00000000	000000000000	00000010000000	000010000000001000000	00000000000000000000
00010000000000000	00000000	000001000000	00000000000000	000000000000000000000	00000000000000000010
00000010000000001	00000000	000000010100	00010000000000	000000000000000000000	00100000000000001100
00000000000000000	00000000	000011000000	00000000000000	000000000000000000000	00000000000000000000
00000000000000000	00000000	000100000001	00000000000000	000000000000000001010	00000000000000000001
00000000100000000	00000000	000001000000	10000000000000	000000000000000000000	00000000000000000010
00000000000000000	00000000	001000001000	00000000000000	001000000000000000000	00000000000000000000
00000000001000000	00010000	000000000000	00000000000010	000000000000000000000	00000010000000000000
00000000000000000	01000000	001000001000	00000000000000	001001000000000000000	00000000000000000000
00000000000000000	00000000	000000000000	00000010000000	000010000000001000000	00000000000000000000
00000000010010000	00000000	000001000000	00000000000000	000000000000000000000	00010000000000000000
00000000000000000	00000000	000001000000	00000000000000	100000000000100000000	00000000000000000000
00000000010010000	00000000	000001000000	00000000000000	000000000000000000000	00010000000000000000
00001001000000000	00000000	000000000000	01000000000000	000000000000000000000	00000000000000000000
00010000000000000	00000000	000001000000	00000000000000	000000000000000000000	00000000000001000010
00000000000000000	00000000	000000000001	00000000000000	000000000000000001000	00000000000000000001
00000000000000000	00000000	000000000000	00000000000000	000010000000001000000	00000000000000000000
00000000000000000	00000000	001000001000	00000000000000	001000000000000000000	00000000000000000000
00001001000000000	00000000	000000000000	01000000000000	000000000000000000000	00000000000000000000
00000000000000000	00000000	000000000000	00000000000000	000010000000001000000	00000000000000000000
01000000010000000	00000000	000001000010	00000000000000	000000000000000000000	00010000000000000000
00000000000000000	01000000	001000001000	00000000000000	001001000000000000000	00000000000000000000
00000000000000000	01000000	001000001000	00000000000000	001001000000000000000	00000000000000000000
00001001000000000	00000000	000000000000	01000000000000	000000010000000000000	00000000000000000000
00000000000000010	00000001	000000000000	00000000000000	000000100000000101000	00000001000000000000
00010000000000000	00000000	000001000000	00000000000000	000000000000000000000	00000000001000000010
00000000000000000	00000000	000000000000	00000000000100	000010000000001000000	00000000000000000000
00000000000000000	00000000	000000000000	00000000001000	000010001010000010000	10000000000000000000
00001001000000000	00000000	000000000000	01000000000000	000000000000000000000	00000000000000000000
00010000000000000	00000000	000001000000	00000000000000	000000000000000000000	00000000000000000010
00000000000000000	01000000	001000001000	00000000000000	001001000000000000000	00000000000000000000
00001001000000000	00000000	000000000000	01000000000000	000000000000000000000	00000000000000000000
00000000000000000	00000000	000000000000	00000000001000	000010001000000010000	00000000000000000000
00000100000000000	00000000	000001000000	10000000000000	000000000000000000000	00000000000000000010
00000000000001000	00100000	000001000000	00000000000001	000000000000000000000	00000000100000000000
00000000010010000	00000000	000001000000	00000000000000	000000000000000000000	00010000000000000000
00000000001000000	00010000	000000000000	00000000000010	000000000000000000000	00000010000000000000
00000000000000000	01000000	001000001000	00000000000000	001001000000000000000	00000000000000000000
00000000000000000	01000000	001000001000	00000000000000	001001000000000000000	00000000000000000000
00000000000000000	00000000	000000000001	00000000000000	000000000000000001000	00000000000000000000
00000010000000001	00000000	000000010100	00010000000000	000100000000000000000	00000000000000000000
00001001000000000	00000000	000000000000	01000000000000	000000000000000000000	00000000000000000000
00000000000000000	00000000	000000000000	00000000001000	000010001000000010000	00001000000000000000
00000000010000000	00000000	000001000000	00000000000000	000000000000000000000	00010000000000000000
00010000000000000	00000000	000001000000	00000000000000	000000000000000000000	00000000000001000010
00000000000000000	00000000	001000001000	00000000000000	001000000000000000000	00000000000000000000
00001001000000000	00000000	000000000000	01000000000000	000000000000000000000	00000000000000000000
00000000010010000	00000000	000001000000	00000000000000	000000000000000000000	00010000000000000000
00000000000000010	00000001	000000000000	00000000000000	000000100000000101000	00000001000000000000
00000000000000000	00000000	000000000000	00000000001000	000010001010000010000	10000000000000000000
00001001000000000	00000000	000000000000	01000000000000	000000000000000000000	00000000000000000000
00000000000000000	00000000	000000000000	00000010000000	000010000000001000000	00000000000000000000
00000000000000000	01000000	001000001000	00000000000000	001001000000000000000	00000000000000000000
00000000000000000	00000000	000000000000	00000010000000	000010000000001000000	00000000000000000000
00000000000000000	00000000	000011000000	00000000000000	000000000000000000000	00000000000000000000
00000010000000001	00000000	000000010100	00010000000000	000000000000000000000	00100000000000001100
00000000000000000	00000000	001000001000	00000000000000	001000000000000000000	00000000000100000000
10000000001000000	00010010	000000000000	00001000100000	010000000000010000100	00000000000010000000
00000010000000001	00000000	000000010100	00010000000000	000000000000000000000	00100000000000001100
00001001000000000	00000000	000000000000	01000000000000	000000000000000000000	00000000000000000000
00000000000000010	00000001	000000000000	00000000000000	000000100000000101000	00000001000000000000
00000000010000000	00000000	000001000000	00000000000000	000000000000000000000	00010000000000000000
00001001000000000	00000000	000000000000	01000000000000	000000000000000000000	00000000000000000000
00000000000000000	00000000	001000001000	00000000000000	001000000000000000000	00000000000000000000
00000000000000000	00000000	001000001000	00000000000000	001000000000000000000	00000000000000000000
00000000000000000	00000000	000000000000	00000010000000	000010000000001000000	00000000000000000000
00010000000000000	00000000	000001000000	00000000000000	000000000000000000000	00000000000000000010
00000000000000010	00000001	000000000000	00000000000000	000000100000000101001	00000001000000000000
00000010000000001	00000000	000000000100	00010000000000	000000000001000000000	00000000010000100000
00000000000001000	00100000	000001000000	00000000000001	000000000000000000000	00000000100000000000
00000000000000000	00000000	000001000000	00000000000000	000000000000000000000	00000000000000000000
00001001000000000	00000000	000000000000	01000000000000	000000000000000000000	00000000000000000000
00000100000000000	00000000	000001000000	10000000000000	000000000000000000000	00000000000000000010
00000000000000000	00000000	000001000000	00000000000000	000000000000000000000	00000000000000000000
00000000000000000	00000000	000000000000	00000000000100	000010000000001000000	00000000000000000000
00000000000000000	00000000	000001000000	00000000000000	000000000000000000000	00000000000000000000
00001001000000000	00000000	000000000000	01000000000000	000000000000000000000	00000000000000000000
00000000000000000	00000000	000001000000	00000000000000	000000000000000000000	00000000000000000000
00010000000000000	00000000	000001000000	00000000000000	000000000000000000000	00000000000000000010
00000000000000010	00000001	000000000000	00000000000000	000000100000000101000	00000001000000000000
00000000000000000	00000000	000000000000	00000000001000	000010001000000010000	00001000000000000000
00010000000000000	00000000	000001000000	00000000000000	000000000000000000000	00000000000000000010
00000000000100000	01000000	001000001000	00000000000000	001001000000000000000	00000000000000000000
00001001000000100	00000000	000000000000	01000000000000	000000000000000000000	00000000000000000000
00000100000000000	10000000	000001000000	10000000000000	000000000000000000000	00000000000000000010
00000000000000000	01000000	001000001000	00000000000000	001001000000000000000	00000000000000000000
00000000000000010	00000001	010000000000	00000000000000	000000100000000101001	00000001000000000000
00001001000000000	00001000	000000100000	01000000010000	000000000000000000000	00000000000000000000
00000000000000000	00000000	000000000001	00000000000000	000000000000000001000	00000000000000000000
00000100000000000	00000000	000001000000	10000000000000	000000000000000000000	00000000000000000010
00001001000000000	00000000	000000100000	01000000000000	000000000000000000000	00000000000000000000
00000000000000000	00000000	000000000000	00000000001000	000010001000000010000	00000000000000000000
00010000000000000	00000000	100001000000	00000000000000	000000000000000000000	00000000000000000010
00010000000000000	00000000	000001000000	00000000000000	000000000000000000000	00000000000000000010
00000000000000000	00000000	000000000000	00000000001000	000010001010000010000	10000000000000000000
00000000000000000	00000000	000000000000	00000000001000	000010001000000010000	00001000000000000000
00000000000000000	00000000	001000001000	00000000000000	001000000000000000000	00000000000000000000
00000000000000000	00000000	000000000001	00000000000000	000000000000000001000	00000000000000000000
00000001000000000	00000000	000000000000	01000100000000	000000000000000000000	01000000000000000000
00001001000000000	00000000	000000000000	01000000000000	000000000000000000000	00000000000000000000
00001001000000000	00000000	000000000000	01000000000000	000000010000000000000	00000000000000000000
00000000001000000	00010000	000000000000	00000000000010	000000000000000000000	00000010000000000000
00010000000000000	00000000	000001000000	00000001000000	000000000000000000000	00000000000000000010
00001001000000000	00000000	000000000000	01000000000000	000000000000000000000	00000000000000000000
00001001000000000	00000000	000000000000	01000000000000	000000000000000000000	00000000000000000000
00000000000000010	00000001	000000000000	00000000000000	000000100000000101000	00000001000000000000
00000000010000000	00000000	000001000000	00000000000000	000000000000000000000	00010000000000000000
00000000000000000	00000000	000000000000	00000010000000	000010000000001000000	00000000000000000000
00000000000000000	00000000	000001000000	00000000000000	100000000000100000000	00000000000000000000
00000000001000000	00010000	000000000000	00000000000010	000000000000000000000	00000010000000000000
00001001000000000	00000000	000000000000	01000000000000	000000000000000000000	00000000000000000000
00000010000000001	00000000	000000010100	00010000000000	000000000000000000000	00100000000000001100
00000100000000000	00000000	000001000000	10000000000000	000000000000000000000	00000000000000000010
00000000000000000	00000000	001000001000	00000000000000	001000000000000000000	00000000000000000000
00000000000000000	00000000	000001000000	10000000000000	000000000100000000000	00000000000000000010
00000000000000010	00000001	000000000000	00000000000000	000000100000000101000	00000001000000000000
00000000010010000	00000000	000001000000	00000000000000	000000000000000000000	00010000000000000000
00000000000000000	00000000	000000000000	00000000001000	000010001000000010000	00000000000000000000
00001001000000000	00000000	000000000000	01000000000000	000000000000000000000	00000000000000010000
00001001000000000	00000000	000000000000	01000000000000	000000000000000000000	00000000000000000000
00000000000000000	00000000	000000000000	00000000000000	000010000000001000000	00000000000000000000
00001001000000000	00000000	000000000000	01000000000000	000000000000000000000	00000000000000000000
