10100000000000000000	0000000000000000	00000001000000000	0000000000000	000000000001000000	0000000000100000
00100000000000000000	0000000000000000	00000001000000000	1000000000000	000000000001000000	0000000000000000
00000000000000010000	0000000000000000	00000000000000110	0000100000000	000101000000000000	0010000110000000
00100000000000000000	0000000000000000	00000001000000001	0000000001000	000000000011010000	0000000000000000
00000000000000000000	0000100000000000	00010000000000000	0010000000000	000000000000000000	0000011000000000
00100000000000000000	0000000000000000	00000001000001001	0000000001010	000000000011010000	0000000000001000
00000000000000000000	0000100000000000	00010000000000000	0010000000000	000000000000000000	0000001000000000
00000000000000010000	0000000000000000	00000000000000110	0000100000000	000101000000000000	0010000110000000
00100000000000000000	0000000000000000	00100001000000000	0000000000000	000000000001001000	0000000000000000
00000000000000000000	0000100000000000	00010000000000000	0010000000000	000000000000000000	0000001000000000
00000001000001000000	0000000000010001	00000000000000000	0000000000000	001000000000000000	0000000000000000
00000000000100000000	0000000000000000	00010000100000000	0010010000000	010000000000000000	0000001000000000
00100000000000000000	0000000000000000	00000011000000000	0000000000000	000000000001000000	0000000000000000
00100100000000000000	0000000000000000	00000001000000001	0000000001000	000000000011010000	0000000000000000
00000000001000000000	0000000010100000	00000000000100000	0000000000000	100000000000000000	0000000000000000
00000000000100000000	0000000000000000	00010000100000000	0010010000000	010000000000000000	0000001000000000
00100000000000000000	0000000000000000	00000001000000001	0000000001000	000000000011010000	0000000000000000
00000000000000000000	0000000100000000	00000000000000010	0000000000000	000000001000000000	0010000000000000
01000000000000000000	0000000001000000	00000000000000000	0000000000000	000000000000000000	0000000000000001
00000000000000000000	0010000000001000	00001000000000000	0000000000000	000000000000000000	0000000000000100
00000000001000000000	0000000010100000	00000000000100000	0001000000000	100000000000000000	0000000000000000
00100000000000000000	0000000000000000	00100001000000000	0000000000000	000000000001001000	0000000000000000
00000000000100000000	0000000000000000	00010000100000000	0010000000000	010000000000000000	0000001000000000
00000000000000000000	0100000000000000	00000000000000000	0000000000101	000000000000000101	1000000000000000
00100000000000000000	0000000000000000	00000001000000000	0000000000000	000000000001000000	0000000000000000
00100100000000000000	0000000000000000	00000001000000001	0000000001000	000000000011010000	0000000000000000
00100000000000000000	0000001000000000	00000001000000001	0000000011000	000000000011010000	0000000000000000
00000000000000000000	0000100000000000	00010000000000000	0010000000000	000000000000000000	0000001000000000
00000001000001000000	0000000000010001	00000000000000000	0000000000000	001000000000000000	0000000000000000
00000000000100000000	0000000000000000	00010000100000000	0010010000000	010000000000000000	0000001000000000
00000000001000000000	0000000010100000	00000000000100000	0000000000000	000000000000000000	0000000000000000
00000000000000000000	0010000000001000	00001000000000000	0000000000000	000000000000000000	0000000000000100
00100000000000000000	0000000000000000	00000001000000000	0000000000000	000000000001000000	0000000000000000
00000000000100000000	0000000000000000	00010000100000000	0010010000000	010000010000000000	0100001000000000
00000000001000000000	0000000010100000	00000000000100000	0000000000000	100000000000000000	0000000000000000
00000000010000000000	0010000000000000	00001000000000000	0100000000000	000000000000000000	0000000000000100
00000000010000000000	0010000000000000	00001000000000000	0100000100000	000000000000000000	0000000000000100
00000000010000000000	0010000000000000	00001000000000000	0100000000000	000000000000000000	0000000000000100
00000000001000000000	0000000010100000	00000000000100000	0001000000000	100000000000000000	0000000000000000
00000000000000000000	0100000000000000	00000000000000000	0000000000101	000000000000000100	1000000000000000
00000000000100000000	0000000000000000	00010000100000000	0010010000000	010000010000000000	0100001000000000
00001000010000000000	0010000000000000	00001000000000000	0100000000000	000000000000000000	0000000000000100
00000000001000000000	0000000010100000	00000000000100000	0001000000000	100000000000000000	0000000000000000
00000000000000110010	0000000000000000	01000000000000010	0000000000000	000000000000000000	0010000010000000
00000001000001000000	0000000000010000	00000000000000000	0000000000000	001000000000000000	0000000000000000
00000001000001000000	0000000000010000	00000000000000000	0000000000000	001000000000000000	0000000000000000
00000000000000000000	0000000100000000	00000000000000010	0000000000000	000000001000000000	0010000000000000
00000000000000000000	0000100000000000	00010000001000000	0010000000000	000000000000100000	0000001000000000
00000000000000000001	0000000000000000	00000000000000000	0000000000100	000000000000000000	0000000000000000
00000000000100000000	0000000000000000	00010000100000000	0010000000000	010000000000000000	0000001000000000
00100000000000000000	0000000000000000	00000001000000001	0000000001000	000000000011010000	0000000000000000
10100000000000000000	0000000000000000	00000001000010000	0000000000000	000000000001000000	0000000000000000
00000000000000010000	0000000000000000	00000000000000110	0000100000000	000101000000000000	0010000110000000
00000000000000000000	0000000000000000	00000000000000000	0000000000101	000000000000000000	1000000000000000
10100000000000000000	0000000000000000	00000001000000000	0000000000000	000000000001000000	0000000000100000
00000000000000010000	0000000000000000	00000000000000110	0000000000000	000101000000000000	0010000110000000
00100000000000000000	0000000000000000	00000001000000000	0000000000000	000000000001000000	0000000000000000
01000000000000000000	0000000001000000	00000000000000000	0000000000000	000000000000000000	0000000000000001
00000000000000000000	0000100000000000	00010000000000000	0010000000000	000000000000000000	0000001000000000
00000000000000000000	0000100000000000	00010000000000000	0010000000000	000000000000000000	0000001000000000
00000001000001000000	0000000000010000	00000000000000000	0000000000000	001000000000000000	0000000000000000
00000000001000000000	0000000010100000	00000000000100000	0001000000000	100000000000000000	0000000000000000
00000000000000000000	0000100000000000	00010000000000000	0010000000000	000000000000000000	0000001000000000
00000000001000000000	0000000010100000	00000000000100000	0001000000000	100000000000000000	0000000000000000
00000000000100000000	0000000000000000	00010100100000000	0010000000000	010000000000000000	0000001000000000
00000000001000000000	0000000010100000	00000000000100000	0000000000000	000000000000000000	0000000000000000
00100000000000000000	0000000000000000	00000001000000001	0000000001010	000000000011010000	0000000000001000
00100000000000000000	0000000000000000	00000001000000000	0000000000000	000000000001000000	0000000000000000
00001000010000000000	0010000000000000	00001000000000000	0100000000000	000000000000000000	0000000000000100
00000010000100000000	0000000000000000	00010000100000000	0010000000000	010000000000000000	0000001000000000
00000000000100000000	0000000000000000	00010000100000000	0010010000000	010010000000000000	0000001000000000
00000000000000010000	0000000000000000	00000000000000110	0000100000000	000101000000000000	0010000110000000
01000000000000000000	0000000001000000	00000000000000000	0000000000000	000000000000000000	0000000000000001
00000001000001000000	0000000000010000	00000000000000000	0000000000000	001000000000000000	0000000000000000
01000000000000000000	0000000001000000	00000000000000000	0000000000000	000000000000000000	0000000000000001
00000000000000000100	0000100000000000	00010000000000000	0010000000000	000000000000000000	0000001000000010
00100000000000000000	0000000000000000	00000001000000001	0000000001000	000000000011010000	0000000000000000
00000000000000000000	0010000000001000	00001000000000000	0000000000000	000000000000000000	0000000000000100
00000000001000000000	0000000010100000	00000000000100000	0001000000000	100000000000000000	0000000000000000
00100000000000000000	0000000000000000	00000001000000001	0000000001000	000000000011010000	0000000000000000
00000000000100000000	0000000000000000	00010000100000000	0010010000000	010000000000000000	0000001000000000
00000000000000000000	0000100000000000	00010000000000000	0010000000000	000000000000000000	0000001000000000
00000000000000001000	0000100000000010	00010000000000000	0010000000000	000000000000000000	0000001000000000
00100100000000000000	0000000000000000	00000001000000001	0000000001000	000000000011010000	0000000000000000
00100000000000000000	0000000000000000	00000001000000001	0000000001010	000000000011010000	0000000000001000
00100000000000000000	0000000000000000	10000001000000000	0000000000000	000000000001000000	0000000000000000
00100000000000000000	0000000000000000	00100001000000000	0000000000000	000000000001001000	0000000000000000
00100000100000000000	0000000000000000	00000001000000000	0000000000000	000000000001000000	0000000000000000
00000000000000000000	0010000000001000	00001000000000000	0000000000000	000000000000000000	0001000000010100
00000000000000110010	0000000000000000	01000000000000010	0000000000000	000000000000000000	0010000010000000
00010000010000000000	1010000000000000	00001000000000000	0100000000000	000000000000000000	0000000000000100
00100000000000000000	0000000000000000	00000001000000001	0000000001000	000000000011010000	0000000000000000
00000001000001000000	0000000000010001	00000000000000000	0000000000000	001000000000000000	0000000000000000
00000000001000000000	0000000010100000	00000000000100000	0000000000000	100000000000000000	0000000000000000
00100000000000000000	0000000000000000	00000001000000000	0000000000000	000000000001000000	0000000000000000
00000000000000000000	0000000100000000	00000000000000010	0000000000000	000000001000000000	0010000000000000
01000000000000000000	0000000001000000	00000000000000000	0000000000000	000000000000000000	0000000000000001
00000000000000000000	0100000000000000	00000000000000000	0000000000101	000000000000000101	1000000000000000
00000001000001000000	0000000000010001	00000000000000000	0000000000000	001000000000000000	0000000000000000
00100000000000000000	0000000000000000	00000001000000000	0000000000000	000000000001000000	0000000000000000
00000000000000000000	0000100000000000	00010000000000000	0010000000000	000000000000000000	0000011000000000
00000000001000000000	0000000010100000	00000000000100000	0000000000000	000000000000000000	0000000000000000
01000000000000000000	0000000001000000	00000000000000000	0000000000000	000000000000000000	0000000000000001
00100100000000000000	0000000000000000	00000001000000001	0000000001000	000000000011010000	0000000000000000
00100000000000000000	0000000000000000	00000001000000001	0000000001000	000000000011010000	0000000000000000
00000000000100000000	0001000000000000	00010000100000000	0010010000000	010000010000000000	0100001000000000
00000010000100000000	0000000000000000	00010000100000000	0010000000000	010000000000000000	0000001000000000
00000000000000000000	0000000000000000	00000000000000000	0000000000101	000000000000000000	1000000000000000
00000000000000000000	0100000000000000	00000000000000000	0000000000101	000000000000000101	1000000000000000
00000000000000010000	0000000000000000	00000000000000110	0000100000000	000101000000000000	0010000110000000
00000000000100000000	0000000000000000	00010000100000000	0010010000000	010000010000000000	0100001000000000
00000000000000000000	0000000100000000	00000000000000010	0000000000000	000000001000000000	0010000000000000
00000000001000000000	0000000010100000	00000000000100000	0001000000000	100000000000000000	0000000000000000
00000010000100000000	0000000000000000	00010000100000000	0010000000000	010000000000000000	0000001000000000
00100000000000000000	0000000000000000	00000001010000000	0000000000000	000000000001000000	0000000000000000
00000000000000000000	0000000100000000	00000000000000010	0000000000000	000000001000000000	0010000000000000
00000000000000000000	0000100000000000	00010000000000000	0010000000000	000000000000000000	0000001000000000
00000000001000000000	0000000010100000	00000000000100000	0000000000000	000000000000000000	0000000000000000
00100000000000000000	0000000000000000	00000001000001001	0000000001010	000000000011010000	0000000000001000
00000000000000000000	0010000000001000	00001000000000000	0000000000000	000000000000000000	0000000000000100
00000000000000000000	0010000000001000	00001000000000000	0000000000000	000000000000000000	0000000000000100
00000001000001000000	0000000000010000	00000000000000000	0000000000000	001000100000000000	0000000000000000
00100000000000000000	0000000000000000	00000001000000001	0000000001010	000000000011010000	0000000000001000
00000000001000000000	0000000010100000	00000000000100000	0001000000000	100000000000000000	0000000000000000
00000000000000000000	0010000000001000	00001000000000000	0000000000000	000000000000000000	0000000000000100
00000000000000000000	0000010000000000	00000000000000000	0000001000000	000000000100000000	0000000001000000
00000000000000110010	0000000000000000	01000000000000010	0000000000000	000000000000000000	0010000010000000
00000000000000000000	0000000100000000	00000000000000010	0000000000000	000000001000000000	0010000000000000
00100000000000000000	0000000000000000	00000001000000000	0000000000000	000000000001000000	0000000000000000
00000000000000000000	0000000100000000	00000000000000010	0000000000000	000000001000000000	0010000000000000
00000001000001000000	0000000000010001	00000000000000000	0000000000000	001000000000000000	0000000000000000
00000000000000000000	0010000000001000	00001000000000000	0000000000000	000000000000000000	0000000000000100
00000000000000110010	0000000000000000	01000000000000010	0000000000000	000000000000000000	0010000010000000
00000000000000000000	0000010000000000	00000000000000000	0000001000000	000000000100000000	0000000001000000
00000000000100000000	0000000000000000	00010000100000000	0010010000000	010000000000000000	0000001000000000
00100000000000000000	0000000000000000	00100001000000000	0000000000000	000000000001001000	0000000000000000
00000000000000000000	0010000000001000	00001000000000000	0000000000000	000000000000000000	0000000000000100
00000000000100000000	0000000000000100	00010000100000000	0010010000000	010000010000000000	0100101000000000
00000000000000000000	0000000100000000	00000000000000010	0000000000000	000000001000000000	0010000000000000
00100000000000000000	0000000000000000	00000001000000000	0000000000000	000000000001000000	0000000000000000
00100000000000000000	0000000000000000	10000001000000000	0000000000000	000000000001000000	0000000000000000
00000000000000110010	0000000000000000	01000000000000010	0000000000000	000000000000000000	0010000010000000
01000000000000000000	0000000001000000	00000000000000000	0000000000000	000000000000000000	0000000000000001
00000000001000000000	0000000010100000	00000000000100000	0001000000000	100000000000000000	0000000000000000
00000000000010000000	0010000000001000	00001000000000000	0000000000000	000000000000000000	0000000000000100
00000000000000000000	0000100000000000	00010000000000000	0010000000000	000000000000000000	0000001000000000
00100000000000000000	0000000000000000	00000001000000001	0000000001010	000000000011010000	0000000000001000
01000000000000000000	0000000001000000	00000000000000000	0000000000000	000000000000000000	0000000000000001
01000000000000000000	0000000001000000	00000000000000000	0000000000000	000000000000000010	0000000000000001
00000000000000000001	0000000000000000	00000000000000000	0000000000100	000000000000000000	0000000000000000
