0000000000001000	000000000000010000	000000000000000000	000000000000000000	00000000000	010001000000000010
0000000000001000	000000000000010000	000000000000000000	000000000000000000	00000000000	010001000000000010
0000000000100000	000000000000000000	000000000000000000	000010000000000000	00000000001	000000000000000000
0000000000000000	000000000000000000	000000010000000000	000000000000000000	00000000000	000000000000100001
0000000000000000	000000000000100100	000010000100000000	000000000000000000	00000000100	000000000000000000
0000000000000000	000000000000000000	000000010000000000	000000001000000000	00000000000	000000000000100001
0001000000000000	000000000010000000	010000000000001000	000000000000000000	00000010000	000000000001000000
0010000000000000	000000000000000000	001001000000000000	000000000010001000	00000000000	000000000000001100
0000000000000000	000000000000000000	000000010000000000	000000000000000000	00000000000	000000000000100001
0000000000100000	000000000000000000	000000000000000000	000010000000000000	00000000001	000000000000000000
0000000000100000	000000000000000000	000000000000000000	001010000000000000	00000000001	000000000000000000
0000000000001000	000000000000010000	000000000000000000	000000000000000000	00000000000	010000000000000010
0010000000000000	000000000000000000	001001000000000000	000000000010001000	00000000000	000000000000001100
0000000000100000	000000000000000000	000000000000000000	000010000000000000	00000000001	000000000000000000
0000000000001000	000000000000010000	000000000000000000	000000000000000000	00000000000	010001000000000010
0000000000001000	000000000000010000	000000000000000000	000000000000000000	00000000000	010000000000000010
0000000000000000	000000000100000000	000000010000000000	000000000000000000	00000000000	000000000000100001
0000000000100000	000000000000000000	000000000000000000	000010000000000000	00000000001	000000000000000000
0000000000001000	000000000000010000	000000000000000000	000000000000000000	00000000000	010000000000000010
0000000000100000	000000000000000000	000000000000000000	000010000000000000	00000000001	000000000000000000
0000000000001000	000000000000010000	000000000000000000	000000000000000000	00000000000	010001000000000010
0000000000000000	000000000000000000	000000000000000000	000000000000000000	00000000000	000000000000000010
0001000101000100	000010000000000000	000000000000000011	010000010000000000	00000000000	100000000000000000
0001000101000100	000010000000000000	000000000000000011	010000010000000000	00000000000	100000000000000000
0001000000000000	000000000010000000	000000000000000000	000000000000000000	00100000000	000000000000000000
0000000000000000	000000000000000000	000000000000000000	000000000000000000	00000000000	000000010000000010
0001000101000000	000000000000000000	000000000000000000	000000000000010001	10000000000	000000000000000000
0000000000000000	000000000100000000	000000010000000000	000000000000000000	00000000000	000000000000100001
0000000000000000	000000000000000000	000000010000000000	000000000000000000	00000000000	000000000000100001
1000100000000010	001001100000000000	000000000000000000	000000100000000000	00000000000	000000000100000000
0000000000000000	000000000000000000	000000000000000000	000000000000000000	00000000000	000000000010000010
0010000000000000	000000000000000000	000000000000010000	000000000001001000	00000000010	000010000000000100
0000000000001000	000000000000010000	000000000000000000	000000000000000000	00000000000	010000000000000010
0000000000000000	000000000000000010	000000000010000000	100000000100000000	00000000000	000000000000000000
0010000000000000	000000000000000000	000001000000000000	000000000010001000	00000000000	000000000000011100
0001000101000100	000010000000000000	000000000000000011	010100010000000000	00000000000	100000000000000000
0010000000000000	000000000000000000	000001000000000000	000000000010001000	00000000000	000000000000001100
0010000000000000	000000001000000000	000001000000000000	000000000010001000	00000000000	000000000000001100
0000000000000000	000000000000000000	000000000000000000	000000000000000000	00000000000	000000000000000010
0010000000000000	000000001000000000	000001000000000000	000000000010001000	00000000000	000000000000001100
0010000000000000	000000000000000000	000001000000000000	000000000010001000	00000000000	000000000000001100
0000000000001000	000000000000010000	000000000000000000	000000000000000000	00000000000	010001000000000010
0000000000100000	000000000000000000	000000000000000000	000010000000000000	00000000001	000000000000000000
0001000000000000	000000000010000000	000000000000000000	000000000000000000	00000000000	000000000000000000
0000000000000000	000000000000000000	000000000000000000	000000000000000000	00000000000	000000000000000010
0001000000000000	000000000010000000	000000000000000000	000000000000000000	00100000000	000000000000000000
0000000000000000	000000000000000000	000000000000000000	000000000000000000	00000000000	000000000000000010
0010000000000000	000000000000000000	000001000000000000	000000000010001000	00000000000	000000000000001100
0001000101000000	000100000000000000	000100000000000000	000000000000010001	10000000000	000000000000000000
0000000000000000	000000000000000000	000000000000000000	000000000000000000	00000000000	000000000000000010
0010000000000000	000000001000000000	000001000000000000	000000000010001000	00000000000	000000000000001100
0000000000000000	000000000000000000	000000000000000000	000000000000000000	00000000000	000000000000000010
0000000000000000	000000000000000000	000000001000000000	000000000000000000	00010000000	000000000000000000
0000000000000000	000000000000000000	000000010000000000	000000000000000000	00000000000	000000000000100001
0001000000000000	000000000010000000	000000000000000000	000000000000000000	00000000000	000000000000000000
0010000000000000	000000001000000000	000001000000000000	000000000010001000	00000000000	000000000000001100
0000000000100000	000000000000000000	000000000000000000	000010000000000000	00000000001	000000000000000000
0001000101000000	000000000000000000	000000000000000000	000000000000010001	10000000000	000000000000000000
0000000000000000	000000000000000000	000000000000000000	000000000000000000	00000000000	000000000000000010
0000001000000000	010000000000000000	100000100001100000	000000000000000000	00000001000	001000000000000000
0000000000000000	000000000000000000	000000010000000000	000000001000000000	00000000000	000000000000100001
0000000000100000	000000000000000000	000000000000000000	000010000000000000	00000000001	000000000000000000
0001000000000000	000000000010000000	000000000000000000	000000000000000000	00000000000	000000000000000000
0001000000000000	000000000010000000	000000000000000000	000000000000000000	00100000000	000000000000000000
0001000000000000	000000000010000000	000000000000000000	000000000000000000	00000000000	000000000000000000
0001000000000000	000000000010000000	000000000000000000	000000000000000000	00000000000	000000000000000000
0000000000001000	000000000000010000	000000000000000000	000000000000000000	00000000000	010000000000000010
0010000010000000	000000000000000000	000001000000000000	000000000010001000	00000000000	000000000000001100
0000000000100000	000000000000000000	000000000000000000	000010000000000000	00000000001	000000000000000000
0001000101000000	000000000000000000	000000000000000000	000000000000010001	10000000000	000000000000000000
0000000000001000	000000000000010000	000000000000000000	000000000000000000	00000000000	010000000000000010
0000000000000000	100000000000000010	000000000010000000	100000000100000000	00000000000	000100000000000000
0000000000000000	000000000000000000	000000000000000000	000000000000000000	00000000000	000000010000000010
0110000000000000	000000000000000000	000001000000000000	000000000010001000	00000000000	000000000000001100
0000000000000000	000000000000000000	000000000000000000	000000000000000000	00000000000	000000000000000010
1000100000000010	001001100000000000	000000000000000000	000000100000000000	00000000000	000000000100000000
0000000000000000	000000000000000000	000000001000000000	000000000000000000	00010000000	000000000000000000
0000000000000000	000000000000000000	000000000000000000	000000000000000000	00000000000	000000000000000010
0001000101000100	000010000000000000	000000000000000011	010100010000000000	00000000000	100000000000000000
0010000000000000	000000000000000000	000001000000000000	000000000010001010	00000000000	000000000000001100
0001000101000000	000000000000000000	000000000000000000	000000000000010001	10000000000	000000000000000000
0000000000001000	000000000000010000	000000000000000000	000000000000000000	00000000000	010000100000000010
0001000000000000	000000000010000000	000000000000000000	000000000000000000	00000000000	000000000000000000
0000000000100000	000000000000000000	000000000000000000	000010000000000000	00000000001	000000000000000000
0000000000001000	000000000000010000	000000000000000000	000000000000000000	00000000000	010000000000000010
0010000000000000	000000001000000000	000001000000000000	000000000010001000	00000000000	000000000000001100
0000000000000000	000000000000000000	000000000000000000	000000000000000000	00000000000	000000000000000010
0000000000000000	000000000000000000	000000010000000000	000000000000000000	00000000000	000000000000100001
0000000000000000	100000000000000010	000000000010000000	100000000100000000	00000000000	000100000000000000
0001000000000000	000000000010000000	000000000000000000	000000000000000000	00100000000	000000000000000000
0010000000000000	000000010000000000	000000000000000000	000000000000001000	01000000000	000010000000000100
0001000101000000	000000000000000000	000100000000000000	000000000000010001	10000000000	000000000000000000
0010000000000000	000000000000000000	000001000000000000	000000000010001000	00000000000	000000000000011100
0000000000000000	000000000000000000	000000010000000000	000000000000000000	00000000000	000000001000100001
0000000000000000	000000000000000000	000000000000000000	000000000000000000	00000000000	000000000000000010
0000000000000000	000000000000000000	000000010000000000	000000001000000000	00000000000	000000000000100001
1000100000000010	001001100000000000	000000000000000000	000000100000000000	00000000000	000000000100000000
0000000000001000	000000000000010000	000000000000000000	000000000000000000	00000000000	010000000000000010
0010000000000000	000000000000000000	000001000000000000	000000000010001000	00000000000	000000000000011100
0000000000000000	000000000100000000	000000010000000000	000000000000000000	00000000000	000000000000100001
0000010000000000	000000000000000000	000000000000000000	000000000000000000	00000000000	000000000000000010
0010000000000000	000000001000000000	000001000000000000	000000000010001000	00000000000	000000000000001100
0010000000000000	000000000000000000	000001000000000000	000000000010001000	00000000000	000000000000001100
0000000000000000	000000000000000000	000000000000000000	000000000000000000	00000000000	000000010000000010
0000000000010000	000000000000000000	000000000000000000	000001000000000000	00001000000	000000000000000010
0010000000000000	000000001000000000	000001000000000000	000000000010001100	00000000000	000000000000001100
0000000000000000	000000000000000000	000000000000000000	000000000000000000	00000000000	000000000000000010
0001000101000000	000000000000000000	000000000000000000	000000000000010001	10000000000	000000000000000000
1000100000000011	001001100000000000	000000000000000000	000000100000000000	00000000000	000000000000000000
0000000000010000	000000000000000000	000000000000000000	000001000000000000	00001000000	000000000000000010
0000000000000000	000000000000000000	000000010000000100	000000000000000000	00000100000	000000000000100001
0000000000000000	000000000000000010	000000000010000000	100000000100000000	00000000000	000000000000000000
0000000000000000	000000000000000000	000000010000000000	000000001000000000	00000000000	000000000000100001
0000000000001000	000000000000010000	000000000000000000	000000000000000000	00000000000	010000000000000010
0010000010000000	000000000000000000	000001000000000000	000000000010001000	00000000000	000000000000001100
0000000000000000	000000000000001000	000000000000000000	000000000000000000	00000000000	000000000000000010
0000000000001000	000000000000010000	000000000000000000	000000000000000000	00000000000	010000000000000010
0000000000000000	000000000000000010	000000000010000000	100000000100000000	00000000000	000100000000000000
0001000101000000	000000000000000000	000000000000000000	000000000000110001	10000000000	000000000000000000
0000000000000000	000000000000000000	000000001000000000	000000000000000000	00010000000	000000000000000000
0001000000000000	000000000010000000	000000000000000000	000000000000000000	00100000000	000000000000000000
1000100000000010	001001100000000000	000000000000000000	000000100000000000	00000000000	000000000000000000
0000000000100000	000000000000000000	000000000000000000	000010000000000000	00000000001	000000000000000000
0000000000001000	000000000000010000	000000000000000000	000000000000000000	00000000000	010000000000000010
0000001000000000	010000000000000000	100000100001100000	000000000000000000	00000001000	001000000000000000
0000000000000000	000000000001000010	000000000010000000	100000000100000000	00000000000	000000000000000000
0000000000100000	000000000000000000	000000000000000000	000010000000000000	00000000001	000000000000000000
0000000000000000	000000000000000000	000000000000000000	000000000000000000	00000000000	000000000000000010
0000000000100000	000000000000000000	000000000000000000	000010000000000000	00000000001	000000000000000000
0000000000100000	000000000000000000	000000000000000000	000010000000000000	00000000001	000000000000000000
0000000000000000	000000000000000000	000000010000000000	000000001000000000	00000000000	000000000000100001
0000000000000000	000000000000000000	000000000000000000	000000000000000000	00000000000	000000000000000010
0001000000000000	000000000010000000	000000000000000000	000000000000000000	00100000000	000000000000000000
0000000000100000	000000000000000000	000000000000000000	000010000000000000	00000000001	000000000000000000
0000000000001000	000000000000010000	000000000000000000	000000000000000000	00000000000	010000000000000010
0010000000000000	000000000000000000	001001000000000000	000000000010001000	00000000000	000000000000001100
0001000000000000	000000000010000000	000000000000000000	000000000000000000	00100000000	000000000000000000
0000000000000000	000000000000000101	000010000000000000	000000000000000000	00000000100	000000000000000000
0010000000000000	000000000000000000	001001000000000000	000000000010001000	00000000000	000000000000001100
0000000000000000	000000000000001000	000000000000000000	000000000000000000	00000000000	000000000000000010
0000000000001000	000000000000010000	000000000000000000	000000000000000000	00000000000	010001000000000010
0000000000000000	000000000000000000	000000010000000000	000000001000000000	00000000000	000000000000100001
0000000000001000	000000000000010000	000000000000000000	000000000000000000	00000000000	010001000000000010
0000010000000000	000000000000000000	000000000000000000	000000000000000000	00000000000	000000000000000010
0010000010000000	000000000000000000	000001000000000000	000000000010001000	00000000000	000000000000001100
0000000000000000	000000000000000000	000000000000000000	000000000000000000	00000000000	000000000000000010
0010000000000000	000000001000000000	000001000000000000	000000000010001100	00000000000	000000000000001100
0000000000000000	000000000000000000	000000001000000000	000000000000000000	00010000000	000000000000000000
0010000000000000	000000001000000000	000001000000000000	000000000010001000	00000000000	000000000000001100
0000000000000000	000000000000000000	000000001000000000	000000000000000000	00010000000	000000000000000000
