1000000100	00000001000000000	0000000000001000100	00000000000000000000	0000000001000	0000000000000000
0000000000	00100000000001001	0000000000000000000	10000100000000000000	0000000010000	0000001000000000
1000000000	00000001000010000	0000000000001000100	00000000000000000000	0000000001000	0000000000000000
0000000010	10000000000000000	0000100000000000000	00000000110100000001	0000000000000	0000000000000000
0000000000	00100000000001000	0000000000000000000	00000100000000000000	0000000010000	0000000000000000
0000000000	00100000000001000	0000000000000000000	10000100000000000000	0000000010000	0000001000000000
0000000010	00001000100000000	0000100000000100000	00000000000000000100	0000000000000	0000000000000000
0000000000	00100000000001001	0000000000000000000	10000100000000000000	0000000010000	0000001000000000
0000000000	00100000000001000	0000000000000000000	00000100000000000000	0000000010000	0000000000000000
0000000000	00000000000000000	0000000000100000000	00001000000000000010	0000000000010	0000000000000001
0000000000	00000000000000000	0000000000100000000	00001000000000000010	0000000000010	0000000000000011
0000000010	00000000000000000	0000100000000000000	00000000110100000001	0000000000000	0000000000000000
0000000000	00100000000001000	0000000000000000000	00000100000000000000	0000000010000	0000000000000000
0000000000	00100000000001000	0000000000000000000	00000100000000000000	0000000010000	1000000000000000
0000000010	00001000100000000	0000101000000100000	00000000000001000000	0000000100000	0000000000000000
0000000010	00000000000000000	0000100100000000000	00000000110100000001	0000000000000	0000000000000000
0000000000	00100000000001000	0000000000000000000	00000100000000000000	1000000010000	0000000000000000
0000000000	00110000000001000	0000000000000000001	00000100000000000000	0100000010000	0000000000000000
0000000000	00000000001000000	0000000001010000000	00000000000000000000	0000001000000	0001000100000000
0010000000	00000000001000000	0000000000000000000	00000000000000000000	0000001000000	0000000000100000
0000000000	00000000001000000	0000000001000000000	00000000000000000000	0000001000000	0000000100000000
0000000000	00100000000001000	0000000000000000000	00000100000000000000	0000000010000	0000000000000000
1000000000	00000001000010000	0000000000001000100	00000000000000000000	0000000001000	0000000000000000
0000000000	00100000000001000	0000000000000000000	00000101000000000000	0100000010000	0000000000000000
1000000000	00000001000000000	0000000000001000100	00000000000000000000	0000000001000	0000000000000000
0000000000	00100000000001000	0000000000000000000	00000100000000000000	0000000010000	0000000000000000
0000000000	00100000000001000	0000000000000000001	00000100000000000000	0100000010000	0000000000000000
0000000000	00100000000001000	0000000000000000001	00000100000000000000	0100000010000	0000000000000000
0000000010	00001000100000000	0000100000000100000	00000000000000000100	0000000000000	0000000000000000
0000000000	00000000001000000	0000000001000000000	00000000000000000000	0000001000000	0000000100000000
0000000000	00000000000000000	0000000000000000000	00000000000000101000	0000000000101	0000000000000000
1000000000	00000001000000000	0000000000001000100	00000000000000000000	0000000001000	0000000000000000
0000000000	00000000000000000	0000000000100000000	00001000000000000010	0000000000010	0000000000000011
0000000010	01000010000000000	0001110000000000000	00000000110100000000	0000000000000	0000010000000000
0000000000	00000000000100100	0010000000100000000	00000000000000000000	0000000000000	0010000001000000
0000000000	00000000010100100	0010000000100000000	00000010000000000000	0000000000000	0010000001000000
0000000010	00001000100000000	0000100000000100000	00000000000000000100	0000000000000	0000000000000000
0000000000	00000000000000000	0000000000100000000	00001000000000000010	0000000000010	0000000000000011
0000010010	00001000100000000	0000101000000100000	00000000000010000000	0010000100000	0000000000000000
0000000000	00100000000001000	0000000000000000000	00000100000000000000	0000000010000	0100000000000000
0000000010	00000000000000000	0000100000000000000	00000000110100000001	0000000000000	0000000000000000
0000000000	00100000000001000	0000000000000000000	00000100000000000000	0000000010000	0000000000000000
0000000000	00100000000001001	0000000000000000000	10000100000000000000	0000000010000	0000001000000000
0000000000	00100000000001000	0000000000000000000	00000100000000000000	0000000010000	0000000000000000
0000000000	00000000000000000	0000000000100000000	00001000000000000010	0000000000010	0000000000000001
0000000000	00100100000001011	0000000000000000000	10000100000000000000	0000000010000	0000001000000000
0000000010	00001000100000000	0000100000000100000	00000000000000000100	0000000000000	0000000000000000
0000000000	00100000000001001	0000000000000000000	10000100000000000000	0000000010000	0000001000000000
0000000000	00100000000001000	0000000000000000000	10000100000000000000	0000000010000	0000001000000000
0000001010	00001000100000000	0000100000000100000	00000000000000000100	0000000000000	0000000000000000
1000000100	00000001000000000	0000000000001000100	00000000000000000000	0000000001000	0000000000000000
0000000000	00100000000001000	0000000000000000000	00000100000000000000	0000000010000	0000000000000000
0000000000	00100000000001000	0000000000000000001	00000100000000000000	0100000010000	0000000000000000
0000000000	00000000000000000	0000000000000000000	00000000000000101000	0000000000100	0000000000000000
0000000000	00000000001000000	0000000001010000000	00000000000000000000	0000001000000	0001000100000000
0000000010	00000000000000000	0000100000000000000	00000000110100000001	0000000000000	0000000000000000
0000000010	10000000000000000	0000100000000000000	00000000110100000001	0000000000000	0000000000000000
0100000010	00000000000000000	0000100000000000000	00000000110100000001	0000000000000	0000000000000000
0000000010	00001000100000000	0000101000000100000	00000000000000000000	0000010100000	0000000000000000
1000000000	00000001000000000	0000000000001000110	00000000000000000000	0001100001000	0000000000000000
1000000000	00000001000000000	0000000000001000100	00000000000000000000	0000000001000	0000000000000000
0000000000	00100000000001001	0000000000000000000	10000100000000000000	0000000010000	0000001000000000
0000000010	00001000100000000	0000100000000100000	00000000000000000100	0000000000000	0000000000000000
0000000000	00000000000000000	0000000000100000000	00001000000000000010	0000000000010	0000000000000011
0000000000	00100000000001000	0000000000000000000	00000100000000000000	0000000010000	0000000000000000
0000000000	00100000000001000	0000000000000000000	00000100000000000000	0000000010000	0000000000000000
0000000010	00001000100000000	0000101000000100000	00000000000000000000	0000010100000	0000000000000000
0000000010	10000000000000000	0000100000000000000	00000000110100000001	0000000000000	0000000000000000
1000000100	00000001000000000	0000000000001000100	00000000000000000000	0000000001000	0000000000000000
0000000000	00100000000001000	0000000000000000001	00000100000000000000	0100000010000	0000000000000000
0000000010	01000010000000000	0001110000000000000	00000000110100000000	0000000000000	0000010000000000
0000000010	10000000000000000	0000100000000000000	00000000110100000001	0000000000000	0000000000000000
0000000000	00100000000001000	0000000000000000000	00000100000000000000	0000000010000	0000000000010000
0000000000	00100000000001000	0000000000000000000	00000100000000000000	0000000010000	0000000000000000
0000000010	00000000000000000	0000100000000000000	00000000110100000001	0000000000000	0000000000000000
0000000000	00100000000001000	0000000000000000000	00000100000000000000	0000000010000	0000000000000000
0000000010	00001000100000000	0000100000000100000	00000000000000000100	0000000000000	0000000000000000
0000000010	10000000000000000	0000100000000000000	00000000110100000001	0000000000000	0000000000000000
0000000010	00001000100000000	0000100000000100000	00000000000000000100	0000000000000	0000000000000000
0010000000	00000000001000000	0000000000000000000	00000000000000000000	0000001000000	0000000000100000
0000000000	00100000000001000	0000000000000001000	00000100000000000000	0000000010000	0000000000000000
0000000000	00000000000000000	0000000000100000000	00001000000000000010	0000000000010	0000000000000001
0000000000	00000000000000000	0000000010000000000	00100000000000101000	0000000000100	0000000000000000
0000000010	10000000000000000	0000100000000000000	00000000110100000001	0000000000000	0000000000000000
0000000010	01000010000000000	0001110000000000000	00000000110100000000	0000000000000	0000010000000000
0000000010	00000000000000000	0000100000000000000	00000000110100000001	0000000000000	0000000000000000
0000000000	00100000000001000	0000000000000000000	00000100000000000000	0000000010000	0000000000000000
0000000000	00000000001000000	0000000001010000000	00000000000000000000	0000001000000	0001000100000000
0000000000	00000000000000000	0000000000000000000	00100000000000101000	0000000000100	0000000000000000
0001000000	00000000000000000	0000000000100000000	00001000000000000010	0000000000010	0000000000000001
0000000000	00110000000001000	0000000000000000001	00000100000000000000	0100000010000	0000000000000000
0000000000	00000000000100100	0010000000100000000	00000000000000000000	0000000000000	0010100001000000
0000000010	00001000100000000	0000100000000100000	00000000000000000100	0000000000000	0000000000000000
0000000000	00000000001000000	0000000000000000000	00000000000000010000	0000001000000	0000000000000000
0000000000	00100000000001000	0000000000000000000	00000100000000000000	0000000010000	0000000000000000
0000000000	00100000000001000	0000000000000010000	00000100000000000000	0000000010000	0000000000000000
0000100001	00100000000001000	0000000000000000000	00000100000000000000	0000000010000	0000000000000000
0000000000	00000000000000000	0000000000000000000	00000000000000101000	0000000000101	0000000000000000
0000000000	00000000000000000	0000000000100000000	00001000000000000010	0000000000010	0000000000000001
0000000000	00100000000001000	0000000000000000000	00000100000000000000	0000000010000	0000000000000000
0000000000	00100000000001000	0000000000000000000	01000100000000000000	1000000010000	0000000000000000
0000000000	00100000000001000	0000000000000000000	01000100000000000000	1000000010000	0000000000000000
0000000000	00100000000001000	0000000000000000000	00000100000000000000	0000000010000	1000000000000000
0000000000	00000000001000000	0000000001000000000	00000000000000000000	0000001000000	0000000100001000
0000000000	00100000000001001	0000000000000000000	10000100000000000000	0000000010000	0000001000000000
0000100001	00100000000001000	0000000000000000000	00000100000000000000	0000000010000	0000000000000000
0000100001	00100000000001000	0000000000000000000	00000100000000000000	0000000010000	0000000000000000
0000000000	00100000000001000	0000000000000000000	10000100000000000000	0000000010000	0000001000000000
0000000000	00100000000001000	0000000000000000000	00000100000000000000	0000000010000	0000000000000000
0000000010	00001000100000000	0000101000000100000	00000000000001000000	0000000100000	0000000000000000
0000000000	00100000000001000	0000000000000000000	00000100000000000000	0000000010000	0000000000000000
0000000000	00100000000001000	0000000000000000000	10000100000000000000	0000000010000	0000001000000000
0000000000	00100000000001000	0000000000000000000	10000100000000000000	0000000010000	0000001000000000
0000000000	00000000000000000	0000000000100000000	00001000000000000010	0000000000010	0000000000000011
0000000000	00000000000000000	0000000000000000000	00000000000000101000	0000000000100	0000000000000100
0000000010	01000010000000000	0001110000000000000	00000000110100000000	0000000000000	0000010000000000
0010000000	00000000001000000	0000000000000000000	00000000000000000000	0000001000000	0000000000100000
0000000000	00100000000001000	0000000000000000000	10000100001000000000	0000000010000	0000001000000000
0000000010	00001000100000000	0000100000000100000	00000000000000000100	0000000000000	0000000000000000
0000000000	00000000001000000	0000000001000000000	00000000000000000000	0000001000000	0000000100000000
0000000010	00001000100000000	0000101000000100000	00000000000001000000	0000000100000	0000000000000000
1000000000	00000001000010000	0000000000001000100	00000000000000000000	0000000001000	0000000000000000
0000000010	00000000000000000	0000100000000000000	00000000110100000001	0000000000000	0000000000000000
0000100001	00100000000001000	0000000000000000000	00000100000000000000	0000000010000	0000000000000000
0000000000	00100000000001000	0000000000000000001	00000100000000000000	0100000010000	0000000000000000
0000000010	01000010000000000	0001110000000000000	00000000110100000000	0000000000000	0000010000000000
0000000000	00100000000001000	0000000000000000000	00000100000000000000	0000000010000	0000000000000000
0000000000	00100000000001000	0000000000000000000	00000100000000000000	0000000010000	0000000000000000
0000000000	00000000000000000	0000000000100000000	00001000000000000010	0000000000010	0000000000000011
0000000010	00001000100000000	0000101000000100000	00000000000000000000	0000010100000	0000000010000000
0000000000	00100000000001000	0000000000000000000	00000100000000000000	0000000010000	0000000000000000
1000000000	00000001000010000	0000000000001000100	00000000000000000000	0000000001000	0000000000000000
0000000010	01000010000000000	0001110000000000000	00000000110100000000	0000000000000	0000010000000000
0000000000	00000000000000000	0000000000100000000	00001000000000000010	0000000000010	0000000000000011
0000000010	01000010000000000	0001110000000000000	00000000110100000000	0000000000000	0000010000000000
0000100001	00100000000001000	1100000000000000000	00000100000000000000	0000000010000	0000000000000000
0000000000	00100000000001000	0000000000000000000	00000100000000000000	0000000010000	0000000000000000
0001000000	00000000000000000	0000000000100000000	00001000000000000010	0000000000010	0000000000000001
0000000000	00100000000001000	0000000000000000000	00000100000000000000	0000000010000	0000000000000000
0000000000	00000000000000000	0000000000100000000	00001000000000000010	0000000000010	0000000000000001
0000000010	00000000000000000	0000100000000000000	00000000110100000001	0000000000000	0000000000000000
0000000000	00100000000001000	0000000000000000000	00000100000000000000	1000000010000	0000000000000000
0000000000	00100000000001000	0000000000000000000	00000100000000000000	1000000010000	0000000000000000
1000000100	00000001000000000	0000000000001000100	00000000000000000000	0000000001000	0000000000000000
0000000000	00000000000000000	0000000000000000000	00100000000000101000	0000000000100	0000000000000000
0000000000	00110000000001000	0000000000000000001	00000100000000000000	0100000010000	0000000000000000
0000000010	00000000000000000	0000100000000000000	00000000110100000001	0000000000000	0000000000000000
0000000000	00000000001000000	0000000001010000000	00010000000000000000	0000001000000	0001000100000000
0000000000	00100000000001000	0000000000000000000	00000100000000000000	0000000010000	0000000000000000
0000000010	00001000100000000	0000100000000100000	00000000000000000100	0000000000000	0000000000000000
