0000000000	00001000000	0000000000	00000000000000	0000000	00000000000100000
0000001000	00000000000	0000000010	00000000000000	0000010	00000000100000000
0000010000	00000000000	0100000000	00000000000000	0000000	00000000010000000
0000010000	00000000000	0100000001	00000000000000	0000000	00000001010000000
0000010000	00000000000	0100000000	00000000000000	0000000	00000001010000000
0000000000	00000000000	0000000000	01000000000000	0000001	00000000001000000
0000010000	00000000000	0100000000	00000000000000	0000000	00000000010000000
0010000000	00000000000	0000100000	00000000000000	0000000	00000000000000000
0000000000	00000000000	0000000000	00000000000000	0000000	00000000000000000
0000010000	00000000000	0100000000	00000000000000	0000000	01100000010000000
0000010000	00010000000	0100000000	00000000000000	0000000	00000001010000001
0000000000	00000010000	0000000000	00000000000000	0000000	00000000001010000
0000000000	00000000000	0000000000	01000000001000	0000000	00000000001000000
0000010000	00000000000	0100000000	00000000000000	0000000	00000000010000000
0000010000	00000000000	0100000000	00000000000000	0000000	00000001010000000
0000000000	10000000100	0000000000	00000000000000	0010000	00000000001000000
0000001000	00000000000	0000000010	00000000000000	0000010	00000000100000000
0000010000	00000000000	0100000001	00000000000000	0000000	00000001010000000
0000000000	00000000000	0000000000	01000000000000	0000001	00000000001000000
0000000000	00100000000	0000100000	00000000000000	0000100	00000000000000000
0000010000	00000000000	0100000000	00000000000000	0000000	00000000010000000
0000000000	00000000000	0000000000	00000010000000	0000000	00000000000101000
0000000000	00000000000	0001100000	00000000000000	0000100	00000000000000000
0001100000	00000000000	0000100000	00000000000000	0000000	00000000000000000
0000000000	10000000100	0000000000	00000000000000	0010000	00000000001000000
0000001000	00000000000	0000000010	00000000000000	0000010	00000000100000000
0000000000	10000000100	0000000000	00000000000000	0010000	00000000001000000
0000000001	01000000000	0000000000	00000000100001	0001000	00000000000000000
0100000100	00000100000	0000000000	00001000010100	0000000	00000000000000000
0000000000	00000000000	0000000000	00000010000000	0000000	00000000000101010
0000001000	00000000000	0000000010	00000000000000	0000010	00010000100000000
0000010000	00000000000	0100000000	00000000000000	0000000	00000001010000000
0000010000	00000000000	0100000000	00000000000000	0000000	01100000010000000
0000000000	00000000000	0000000000	00000000000000	0000000	00000000000000000
0000010010	00000000000	0100000000	00000000000000	0000000	00000001010000000
0100000100	00000100000	0000000000	00001000000100	0000000	00000000000000000
0000000000	00000000000	0000000000	01000000000000	0000001	00000000001000000
0000000001	00000000000	0000010000	00000000000001	0001000	00000000000000000
0000001000	00000000000	0000000010	00000000000000	0000010	00000000100000000
0000000000	00000000000	0000000000	00000010000000	0000000	00000010000101000
0000000000	00000001000	0000000000	00010000000010	0000000	00000000001000000
0000000000	00001000000	0000000100	00000000000000	0000000	00000000000100000
0000000000	00001000000	0000000000	00000000000000	0000000	00000000000100000
0010000000	00000000000	0000100000	00000000000000	0000000	00000000000000000
0001100000	00000000000	0000100000	00000000000000	0000000	00000000000000000
0000000000	00001000000	0000000000	00000000000000	0000000	00000000000100000
0000010000	00000000000	0100000000	00000000000000	0000000	00000000010000000
0000000000	00000010000	0000000000	00000000000000	0000000	00000000001000000
0000000000	10000000100	0000000000	00000000000000	0010000	00000000001000000
0000010000	00000000000	1100000000	00000000000000	0000000	00000000010000000
0000000000	10000000100	0000000000	00000000000000	0010000	00000000001000000
0000000000	00000000000	0000000000	00100000000000	0000000	00000000001000000
0000000000	00000010000	0000000000	00000001000000	0000000	00000000001000000
0000000000	00000000000	0000000000	00100000000000	0000000	00000000001000000
1001100000	00000000000	0000100000	00000000000000	0000000	00000000000000000
0000000000	00000010000	0000000000	00000000000000	0000000	00000000001000000
0000000000	00000010000	0000000000	00000000000000	0000000	00000000001000000
0000000000	00000000000	0000000000	01000000000000	0000001	00000000001000000
0010000000	00000000000	0000100000	00000000000000	0100000	00000000000000000
0000000000	00000000000	0000000000	00000000000000	0000000	10000000000000000
0000010000	00000000001	0100000000	00000000000000	0000000	00000100010000000
0001100000	00000000000	0000100000	00000000000000	0000000	00000000000000000
0010000000	00000000000	0000100000	00000000000000	0100000	00000000000000000
0000010000	00000000000	0100000000	00000000000000	0000000	00000000010000000
0000010000	00000000000	0100000000	00000000000000	0000000	00000000010000000
0000010000	00000000000	0100000000	00000000000000	0000000	00000000010000000
0001100000	00000000000	0000100000	00000000000000	0000000	00000000000000000
0000000000	00000010000	0000000000	00000000000000	0000000	00000000001000000
0000010000	00000000000	0100000000	00000000000000	0000000	00100000010000000
0100000100	00000100000	0000000000	00001000000100	0000000	00000000000000000
0000010000	00000000000	0100000000	00000000000000	0000000	00000000010000000
0000010000	00000000000	0100000000	00000000000000	0000000	00000000010000000
0000000000	00001000000	0000000000	00000000000000	0000000	00000000000100000
0000010000	00000000000	0100000000	00000000000000	0000000	00000000010000000
0000000000	00001000000	0000000000	00000000000000	0000000	00000000000100000
0000010000	00010000000	0100000000	00000000000000	0000000	00000001010000001
0000000000	00001000000	0000000000	00000000000000	0000000	00000000000100000
0000010000	00000000000	0110000000	00000000000000	0000000	00000000010000000
0000000000	00000001000	0000000000	00010000000010	0000000	00000000001000000
0000010000	00000000000	0100000000	00000000000000	0000000	00000000010000000
0000000000	00100000000	0000100000	00000000000000	0000100	00000000000000000
0000010000	00000000000	0100000000	00000000000000	0000000	00000000010000000
0000001000	00000000000	0000000010	00000000000000	0000010	00000000100000000
0000000000	00001000000	0000000000	00000000000000	0000000	00000000000100000
0000000000	10000000100	0000000000	00000000000000	0010000	00000000001000000
0000000000	00001000000	0000000000	00000000000000	0000000	00000000000100000
0000010000	00000000000	0100000000	00000000000000	0000000	00000000010000000
0000010000	00000000000	0100000000	00000000000000	0000000	00000000010000000
0000000001	01000000000	0000000000	00000000100001	0001000	00000000000000000
0000000001	01000000000	0000000000	00000000100001	0001000	00000000000000000
0000010000	00000000000	0100000000	00000000000000	0000000	00000001010000000
0000000000	00001000000	0000000000	00000000000000	0000000	00000000000100000
0000010000	00000000000	0100000000	00000000000000	0000000	00000000010000000
0000000000	00100000000	0000100000	00000000000000	0000100	00000000000000000
0000000000	00000000000	0000000000	00000000000000	0000000	10000000000000000
0100000100	00000100000	0000000000	00001000000100	0000000	00000000000000000
0000000000	00000010000	0000000000	00000100000000	0000000	00000000001000000
0000000001	00000000000	0000010000	00000000000001	0001000	00000000000000000
0000000000	00001000000	0000000000	00000000000000	0000000	00000000000100000
0000000000	00000010000	0000000000	00000000000000	0000000	00000000001010000
0000000000	00000000000	0000000000	01000000000000	0000001	00000000001000000
0000000000	00000100000	0000000000	00000000000000	0000000	00000000000000100
0000000000	00000000000	0000000000	01000000000000	0000001	00000000001000000
0000010000	00000000000	0100000000	00000000000000	0000000	00001000010000000
0000010000	00000000000	0100000000	00000000000000	0000000	00000000010000000
0001100000	00000000000	0000100000	00000000000000	0000000	00000000000000000
0000010000	00000000000	0100000000	00000000000000	0000000	00000000010000000
0000000000	00100000000	0000100000	00000000000000	0000100	00000000000000000
0010000000	00000000000	0000100000	00000000000000	0000000	00000000000000000
0000000000	00001000000	0000000000	00000000000000	0000000	00000000000100000
0000010000	00000000000	0100000000	00000000000000	0000000	00000000010000000
0000000000	10000000100	0000000000	00000000000000	0010000	00000000001000000
0000001000	00000000000	0000000010	00000000000000	0000010	00010000100000000
0100000100	00000100000	0000000000	00001000010100	0000000	00000000000000000
0000000000	00001000000	0000000000	00000000000000	0000000	00000000000100000
0100000100	00000100000	0000000000	00001000000100	0000000	00000000000000000
0000010000	00000000000	0100000000	00000000000000	0000000	00000001010000000
0000010000	00010000000	0100000000	00000000000000	0000000	00000001010000001
0000010000	00000000000	0100000000	00000000000000	1000000	00000000010000000
0000000000	00001000000	0000000000	00000000000000	0000000	00000000000100000
0000010000	00000000000	0100000000	00000000000000	0000000	00000000010000000
0010000000	00000000000	0000100000	00000000000000	0000000	00000000000000000
0000000000	00000000000	0000000000	01000000000000	0000001	00000000001000000
0000000001	01000000000	0000000000	00000000100001	0001000	00000000000000000
0000010000	00000000000	0100000000	00000000000000	0000000	00000000010000000
0000010000	00000000000	0100000000	00000000000000	0000000	00000000010000000
0010000000	00000000000	0000100000	00000000000000	0000000	00000000000000000
0000000000	00001000000	0000000000	00000000000000	0000000	00000000000100000
0100000100	00000100000	0000000000	10001000000000	0000000	00000000000000000
0000010000	00000000000	0100000000	00000000000000	0000000	00000000010000000
0100000100	00000100010	0000000000	00001000010100	0000000	00000000000000000
0100000100	00000100000	0000000000	00001000000100	0000000	00000000000000000
0000000000	10000000100	0000000000	00000000000000	0010000	00000000001000000
0000000001	00000000000	0000001000	00000000000001	0001000	00000000000000000
0000000000	10000000100	0000000000	00000000000000	0010000	00000000001000000
0000010000	00000000000	0110000000	00000000000000	0000000	00000000010000000
0100000100	00000100000	0000000000	00001000000100	0000000	00000000000000000
0000010000	00000000000	0110000000	00000000000000	0000000	00000000010000000
0000010000	00000000000	0100000000	00000000000000	0000000	00000000010000000
0000000000	00000010000	0000000000	00000000000000	0000000	00000000001000000
0000000000	00000001000	0000000000	00010000000010	0000000	00000000001000000
0000000000	10000000100	0000000000	00000000000000	0010000	00000000001000000
0000010000	00000000000	0100000000	00000000000000	0000000	00000000010000000
0000000000	00001000000	0000000000	00000000000000	0000000	00000000000100000
0000010000	00000000000	0100000000	00000000000000	0000000	00000000010000000
0000000000	10000000100	0000000000	00000000000000	0010000	00000000001000000
0100000100	00000100000	0000000000	00001000000100	0000000	00000000000000000
0000100000	00000000000	0000100000	00000000000000	0000000	00000000000000000
0000000000	10000000100	0000000000	00000000000000	0010000	00000000001000000
0000000000	10000000100	0000000000	00000000000000	0010000	00000000001000000
