000000000100000000000001	01000100000	01000000000000000000	0000100000101	00000000000000000000	00000000
000000000000000000000001	00000000000	01000000001000000000	0000000000101	00000000001000000000	00000000
000000000000000000000000	00010000000	00000000000000000000	1000000000000	00000000000000000000	00000000
000000000000000000000001	01000000000	01000000100000000000	0101000000101	00000000100000010000	00000000
000000000000001000000000	00000000000	00000010000000000100	0000000000000	01000001000000000000	00000000
000000001000000000000000	00010010000	00000000000000000000	0000000000000	00010000000000000000	00000000
000000000000001001000000	00000000000	00000011000000000100	0000000000000	00000000000000000000	00000000
000000000000000000000000	00010000000	00000000000000000000	0000000000000	00000000000000000000	00000000
000000000000000000100000	00001000010	00000000000000000000	0000000001000	10000000000000000100	00000000
000000000000000000000001	00000000000	01000000001000000000	0000000000101	00000000001000000000	00000000
000000000000000000000000	00010000000	00000000000000001000	1000000000000	00000000000000000000	00000000
000000000000000000000001	10000000000	01000000000000000000	0000000000101	00000000001000000000	00000000
000000000000000000100000	00000000010	00010000000000000000	0000000000000	10000000000000000100	00000000
000000000000000000000001	00000000000	01000000001000000000	0000000000101	00000000001000000000	00000000
000000000000000000000001	10000000000	01000000010000000000	0000000000101	00000000001000000000	00000000
000000000000000000000000	00010000000	00000000000000000000	1000000000000	00000000000000000000	00000000
000001000000000000000001	01000100000	01000000000000000000	0000000000101	00000000000000000000	00000000
000000000000001000000000	00000000100	00000010000000000100	0000000000000	00000000000010000000	00000000
000000000000000000100000	00001000010	00000000000000000000	0000000001000	10000000000000000100	00000000
000000000001011000000000	00000000000	00000010000010000100	0000000000000	00000000000000000000	00000000
000000000000000000000001	01000000000	01000000100000000000	0101000000101	00000000100000010000	00000000
000000000000000000100000	00000000010	00000000000000000000	0000000010000	10000000000000000100	01100000
000000001000000000000000	00110010000	00000000000000000000	0000000000000	00000000010000000000	10000000
000000000000000000000000	00000000000	00000000000000000000	0000000000000	00000000000000000100	00000000
000000000000000000000001	10000000000	01000000000000000000	0000000000101	00000000001000000000	00000000
000000000000000000000000	00000000000	10000000000000000000	0000000000000	00000010000000000100	00000000
000000000000001000000000	00000000000	00000010000000000100	0000000000000	00000100000000000000	00001000
000000000000000000100010	00000000010	00010000000000000000	0000000000000	10000000000000000100	00000000
000000000000001000000000	00000000000	00000010000000000100	0000000000000	00000100000000000000	00001000
000000000000001001000000	00000000000	00000011000000000100	0000000000000	00000000000000000000	00000000
000000000000000000000001	00000000000	01000000001000000000	0000000000101	00000000001000000000	00000000
000000000000001000000000	00000000000	00000010000000000100	0000000000000	00000100000000000000	00001000
000000000000000000000000	00010000000	00000000000000001000	1000000000000	00000000000000000000	00000000
000000000000000000000000	00000000000	10000000000000000000	0000000000000	00000010000000000100	00000000
000000000000000000000001	01000100000	01000000000000000000	0000000000101	00000000000000000000	00000000
000000000000000000100000	00000000010	00000000000000000000	0000000010000	10000000000000000100	00000000
000000000000000010100000	00000000010	00000000000000000000	0000000000000	10000000000000000100	00000000
000000000000000000100000	00000000010	00010000000000000000	0000000000000	10000000000000000100	00000000
000000000000000000100000	00000000010	00100000000000000000	0000000010000	10000000000000000100	00000010
000000000000000000000001	01000000000	01000000100000000000	0101001000101	00000000100000000000	00000000
000000000000000000000001	00000000000	01000000001000000000	0000000000101	00000000001000000000	00000000
000000000000001000000000	00000000000	00000010000000000100	0000000000000	00000100000000000000	00001000
000000000000000000100000	00001000010	00000000000000000000	0000000000000	10000000000000000100	00000000
000000001000000000000000	00110010000	00000000000000000000	0000000000000	00000000010000000000	10000000
000000000000001000000000	00000000000	00000010000000000100	0000000000000	01000001000000000000	00000000
000000000000000000000000	00010000000	00000000000000000000	1000000000000	00000000000000000000	00000000
000000000010000000000001	01000000000	01001000000000000000	0000000000101	00000000000000000000	00000000
000010000000000100000000	00000000000	00000000000100000000	0010000000000	00001000000000000000	00000000
000000000000001000000000	00000001000	00000010000000000100	0000000000000	01000001000000000000	00000000
000000000000001000000000	00000000000	00000010000000000100	0000000000000	01000001000000000000	00000000
000000000000000000000000	00010000000	00000000000000001000	1000000000000	00000000000000000000	00000000
000000000000000000000000	00010000000	00000000000000001000	1000000000000	00000000000000000000	00000000
000000001000000000000000	00010010000	00000000000000000000	0000000000000	00000000000000000000	00000000
000000000000000000000001	01000000000	01000000100000000000	0101000000101	00000000100000010000	00000000
000000000000000000100000	00000000010	00000000000000000000	0000000010000	10000000000000000100	01100000
000010000000000100000000	00000000000	00000000000100000000	0010000000000	00001000000000000000	00000000
000000000000001000000000	00000000000	00000010000000000100	0000000000000	00000000000000000001	00000000
000000000000000000000001	10000000000	01000000000000000000	0000000000101	00000000001000000000	00000000
000000001000000000000000	00110010000	00000000000000000000	0000000000000	00000000010000000000	10000000
000001000000000000000001	01000100000	01000000000000000000	0000000000101	00000000000000000000	00000000
000010000000000100000000	00000000000	00000000000100000000	0010000000000	00001000000000000010	00000000
000000000000000000100000	00000000010	00000000000000000000	0000000010000	10000000000000100100	00000000
000000000000000000000001	01000000000	01000000100000000000	0101000000101	00000000100000010000	00000000
000000000000000000000001	00000000000	01000000001000000000	0000000000101	00000000001000000000	00000000
000000000000001000000000	00000000000	00000010000000000100	0000000000000	01000001000000000000	00000000
000000000000100000100000	00000000010	00000000000000000000	0000000010000	10000000000000000100	00000000
000010000000000100000000	00000000000	00000000000100000000	0010000000000	00001000000000000000	00000000
000000000001001000000000	00000000000	00000010000000000100	0000000000000	00000000000000000000	00000000
000000000000000000010001	01000000000	01000000100000000000	0101000000101	00000000100000010000	00000000
000100000001001000000000	00000000001	00000010000000000100	0000000000000	00000000000000000000	00000000
000000000000000000000001	01000000000	01000000100000000000	0101001000101	00000000100000000000	00000000
000000000000000000000000	00000000000	00000000000000000000	0000000000000	00000000000000000100	00000000
000000000000000000000001	01000000000	01000000100000000000	0101000000101	00000000100000010000	00000000
100000000000000000100100	00000000000	00000000000000000010	0000000100000	10000000000000000100	00010101
000000010000000000000000	00010000000	00000000000000000001	1000000000000	00000000000001001000	00000000
000000000000000000100000	00000000010	00000000000000000000	0000000010000	10000000000000100100	00000000
100000000000000000100100	00000000000	00000000000000000010	0000000100000	10000000000000000100	00010101
000000000000000000000001	00000000000	01000000001000000000	0000000000111	00000000001000000000	00000000
000000000000000000000000	00010000000	00000000000000010001	1000000000000	00000000000001001000	00000000
000000000000000000100000	00000000010	00000000000000000000	0000000010000	10000000000000000100	00000000
000000000000001000000000	00000000000	00000010000000000100	0000000000000	01000001000000000000	00000000
000100000001001000000000	00000000000	00000010000000000100	0000000000000	00000000000000000000	00000000
000000000000100000100000	00000000010	00000000000000000000	0000000010000	10000000000000000100	00000000
000000000000000000000001	01000100000	01000000000000000000	0000000000101	00000000000000000000	00000000
010010100000000100001000	00000000000	00000000000100000000	0010000000000	00101000000000000000	00000000
000000000001011000000000	00000000000	00000010000010000100	0000000000000	00000000000000000000	00000000
000000000000000000000001	01000000000	01000000100000000000	0101000000101	00000000100000010000	00000000
000000000000001000000000	00000000000	00000010000000000100	0000000000000	01000001000000000000	00000000
000000000000000000100000	00000000010	00010000000000000000	0000000000000	10000000000000000100	00000000
000000000000000000000000	00010000000	00000000000000000000	1000000000000	00000000000000000000	00000000
000000000000001000000000	00000001000	00000010000000000100	0000000000000	01000001000000000000	00000000
000000000000001000000000	00000000000	00000010000000000100	0000000000000	00000100000100000000	00001000
000000000000000000000000	00010000000	00000000000000000000	0000000000000	00000000000000000000	00000000
000000000000001000000000	00000000000	00000010000000000100	0000000000000	01000001000000000000	00000000
000000000001001000000000	00000000000	00000010000000000100	0000000000000	00000000000000000000	00000000
000000000000001001000000	00000000000	00000011000000000100	0000000000000	00000000000000000000	00000000
000100000001001000000000	00000000000	00000010000000000100	0000000000000	00000000000000000000	00000000
001000000000000000000001	01000100000	01000000000000000000	0000000000101	00000000000000000000	00000000
000000000000000000000000	00010000000	00000000000000000000	1000000000000	00000000000000000000	00000000
000000000001001000000000	00000000000	00000010000000000100	0000000000000	00000000000000000000	00000000
000000000000000000000000	00010000000	00000000000000000000	1000000000000	00000000000000000000	00000000
000000000000000000100000	00000000010	00000000000000000000	0000000010000	10000000000000100100	00000000
100000000000000000100100	00000000000	00000000000000000010	0000000100000	10000000000000000100	00010101
000000000000000000100000	00000000010	00000000000000000000	0000000010000	10000000000000000100	00000000
000000000000000000100000	00000000010	00010000000000000000	0000000000000	10000000000000000100	00000000
000000000000001000000000	00000000000	00000010000000000100	0000000000000	01000001000000000000	00000000
000010000000000100000000	00000000000	00000000000100000000	0010000000000	00001000000000000000	00000000
000000000001001000000000	00000000000	00000010000000000100	0000000000000	00000000000000000000	00000000
000000000000001000000000	00000000000	00000010000000000100	0000000000000	00000000000000000000	00000000
100000000000000000100100	00000000000	00000000000000000010	0000000100000	10000000000000000100	00010101
000000000000000000100000	00000000010	00000000000000000000	0000000010000	10000000000000100100	00000000
000000000000000000000001	00000000000	01000100000000000000	0000000000101	00000000001000000000	00000000
000000001000000000000000	00110010000	00000000000000000000	0000000000000	00000000010000000000	10000000
000000000000001000000000	00000000000	00000010000000000100	0000000000000	00000000000000000000	00000000
000000000000000000000001	01000100000	01000000000000000000	0000010000101	00000000000000000000	00000000
010010000000000100001000	00000000000	00000000000100000000	0010000000000	00101000000000000000	00000000
000000000000000000100000	00000000010	00000000000000000000	0000000010000	10000000000000000100	00000000
000000000000000000000001	10000000000	01000000000000000000	0000000000101	00000000001000000000	00000000
000000010000000000000000	00010000000	00000000000000000001	1000000000000	00000000000001001000	00000000
000001000000000000000001	01000100000	01000000000000000000	0000000000101	00000000000000000000	00000000
000000000000000000000001	10000000000	01000000010000000000	0000000000101	00000000001000000000	00000000
000000000000001000000000	00000000000	00000010000000000100	0000000000000	00000100000000000000	00001000
000000000000001000000000	00000000000	00000010000000000100	0000000000000	01000001000000000000	00000000
000000010000000000000000	00010000000	00000000000000000001	1000000000000	00000000000001001000	00000000
000000000000001000000000	00000000000	00000010000000000100	0000000000000	00000000000000000001	00000000
000000000000000000000001	01000100000	01000000000000000000	0000000000101	00000000000000000000	00000000
000000000000000000100000	00000000010	00000000000000000000	0000000010000	10000000000000000100	00000000
000000000000001000000000	00000000000	00000010000000000100	0000000000000	01000001000000000000	00000000
100000000000000000100100	00000000000	00000000000000000010	0000000100000	10000000000000000100	00010101
000000000000000000000001	00000000000	01000100000000000000	0000000000101	00000000001000000000	00000000
000010000000000100000000	00000000000	00000000000100000000	0010000000000	00001000000000000000	00000000
000000000000000000000000	00010000000	00000000000000000000	1000000000000	00000000000000000000	00000000
000000000000001001000000	00000000000	00000011000000000100	0000000000000	00000000000000000000	00000000
000000000000000000100000	00000000010	00000000000000000000	0000000000000	10000000000000000100	00000000
000000000000000000000001	01000000000	01000000100000000000	0101000000101	00000000100000010000	00000000
000000000000000000100000	00000000010	00000000000000000000	0000000010000	10000000000000000100	00000000
000000000100000000000001	01000100000	01000000000000000000	0000100000101	00000000000000000000	00000000
000000000000000000100000	00000000010	00000000000000000000	0000000010000	10000000000000000100	00000000
000000000000000000000000	00010000000	00000000000000000000	1000000000000	00000000000000000000	00000000
000000000000001000000000	00000000000	00000010000000000100	0000000000000	01000001000000000000	00000000
000000000000000000000001	00000000000	01000000001000000000	0000000000101	00000000001000000000	00000000
000000000000000000000001	00000000000	01000000001000000000	0000000000101	00000000001000000000	00000000
000000001000000000000000	00110010000	00000000000000000000	0000000000000	00000000010000000000	10000000
100000000000000000100100	00000000000	00000000000000000010	0000000100000	10000000000000000100	00010101
000000000001001000000000	00000000000	00000010000000000100	0000000000000	00000000000000000000	00000000
000000000000000000100000	00000000010	00000000000000100000	0000000010000	10000000000000000100	00000000
000000000000000000100000	00000000010	00000000000001000000	0000000010000	10000000000000100100	00000000
000000010000000000000000	00010000000	00000000000000000001	1000000000000	00000000000001001000	00000000
000000000000000000000001	01000000000	01000000100000000000	0101000000101	00000000100000010000	00000000
000000000000001001000000	00000000000	00000011000000000100	0000000000000	00000000000000000000	00000000
