0000000000000000	0000000000000000001000000	100000000000000010	0000000000000000000	10000000	00010000000000000
0000000100100000	0000000000000000000000000	000000000010000000	0000000000000101100	00100000	00000000000000000
1000000100100000	0000000000000000000000000	000000000010000000	0000000000000101100	00100000	00000000000000000
0000000000000100	0000000000010000000000000	000000000010000000	0000000000000000100	00100000	00000000000000000
0000000000000100	0000000000000000000000000	000000000010000000	0000000000000000100	00100000	00000000000000000
0000100010000001	1000000000000000000001000	000000000000000000	0000000000000000001	01000000	00000000001000000
0000000000000000	1000000000000000000001000	000000000000000000	0000000000000000001	01000000	00000000001000000
1000000100100000	0000000000000000000000000	000000000010000000	0000000000000101100	00100000	00000000000000000
0000000000000010	1000000000001000000001000	000000000000000000	0000000000010000001	01000000	00000000001000000
0000000000000100	0000000000000000000000000	000000000010000000	0000000000000000100	00100000	00000000000000000
0000000000000000	0000000000000000000000000	000000000000000001	0010000000000000000	00000000	00000000010000000
0100010000000000	0000000000000000000000000	000000000000000000	0010000000000000000	00000000	10000000000000000
0000000000010000	0000000000000000001000000	010000000000000000	0000000000000000000	00000000	00000010000000000
0000000000010000	0000000000000000001000000	010000000000000000	0000000000000000000	00000000	00001010000000000
0000000000000000	1000000000001000010001001	000000000000000000	0000000000000000001	01000000	00000000001000000
0000000000010000	0000000000000000001000000	010000000000000000	0000000000000000000	00000000	00000010000000000
0000000000000000	1000010000001000010001000	000000000000000000	0000000000000000001	01000000	00000000001000001
0000000000000000	0000100000000010001000100	000101100000000000	0000100000000000000	00000000	01000000000000010
1000000100100000	0000000000000000000000000	000000000010000000	0000000000000101100	00100000	00000000000000000
0000000000000000	0000100000000000001000100	000101100000001000	0000000010000000000	00000000	01000000000000000
0000000000000000	0000000000000000001000000	100000000000000010	0000000000000000000	10000000	00010000000000000
0010000000010000	0000000000000000001000000	000000000000000000	0000000000000000000	00000000	00000010000000000
0100010000000000	0000000000000000000000000	000000000000000000	0010000000000000000	00000000	10000000000000000
0000000000010000	0000000000000000001000000	000000000000000000	0000000000001000000	00000000	00000010000000000
0010000000010000	0000000000000000001000000	000000000000000000	0000000000000000000	00000000	00000010000001000
0000000000000000	1000000000001000010001000	000000000000000000	0000000000100000001	01000000	00000000001000000
0000000000000100	0000000000010000000000000	000000000010000000	0000000000000000100	00100000	00000000000000000
0000010000000000	0000000000000000000000000	000000000000100000	0010000000000000000	00000000	00000000000000000
0000000000010000	0000000000000000001000000	010000000000000000	0000000000000000000	00000000	00001010000000000
1000000100100000	0000000000000000000000000	000000000010000000	0000000000000101100	00100000	00000000000000000
0000000100100000	0000000000000000000000000	000000000010000000	0000000000000101100	00100000	00000000000000000
0000000000000000	0000000000100100000000010	001000000000000100	0001000001000010001	00000000	00000000000010000
0000000000000100	0000000000000000000000000	000000000010000000	0000000000000000100	00100000	00000000000000000
0000000000000000	0000000000000000001000000	100000000000000010	0000000000000000000	10000000	00010000000000000
0000000000010000	0000001000000000001000000	000000000000000000	0000000000000000000	00000000	00000010000000000
0000000000010000	0000000000000000001000000	010000000000000000	0000000000000000000	00000000	00000010000000000
0000000000000000	0000000000000000001000000	100000000000000010	0000000000000000000	10000000	00010000000000000
0010000000010000	0000000000000000001000000	000000000000000000	0000000000000000000	00000000	00000010000000000
0000000000000000	0000000000000000000000000	000000000000000001	0010000000000000000	00000000	00000000000000000
0000000000000100	0000000000000000000000000	000000000010000000	0000000000000000100	00100000	00000000000000000
0000100010000001	1000000000000000000001000	000000000000000000	0000000000000000001	01000000	00000000001000000
0000000000010000	0000000000000000001000000	010000000000000000	0000000000000000000	00000000	00000010000000000
0000000000000000	0000000000000000001000000	100000000000000010	0000000000000000000	10000000	00010000000000000
0000010000000000	0000000000000000000000000	000000000000110000	0010000000000000000	00000000	00000000100000000
0001000000000000	0000100000000000001000100	000001100000000000	0000000000000000010	00000000	01000000000000000
0000000000000000	0000000000000000001000000	100000000000000010	0000000000000000000	10000000	00010000000000000
1000000100100000	0000000000000000000000000	000000000010000000	0000000000000101100	00100000	00000000000000000
0000000000000000	1000000000001000010001000	000000000000000000	0000000000000000001	01000000	00000000001000000
0000000000000010	1000000000001000000001000	000000000000000000	0000000000010000001	01000000	00000000001000000
0000000000000000	1000000000001000010001000	000000000000000000	0000000000100000001	01000000	00000000001000000
0000000000000000	1000000000001000010001000	000000000000000000	0000000000000000001	01000000	00000000001000001
1000000100100000	0000000000000000000000000	000000000010000000	0000000000000101100	00100000	00000000000000000
0000000000010000	0000000000000000001000000	000000010000000000	0000000000000000000	00000000	00000010000000000
0000000000000000	0000100000000000001000100	000001100000000000	0000000000000000010	00000000	01000100000000000
0000000000000000	0000100000000000001000100	000101100000000000	0000100000000000000	00000010	01000000000000000
0010000000010000	0000000000000000001000000	000000000000000000	0000000000000000000	00000000	00000010000000000
0000000000000000	0000000000000000000000000	000000000000000001	0010000000000000000	00000000	00000000000000000
0000000000000000	0000000000000000001000000	100000000000000010	0000000000000000000	10000000	00010000000000000
0000000100100000	0000000000000000000000000	000000000010000000	0000000000000101100	00100000	00000000000000000
0000000000010000	0000000000000000001000000	010000000000000000	0000000000000000000	00000000	00000010000000000
0010000000010000	0000000000000000001000000	000000000000000000	0000000000000000000	00000000	00000010000001000
0000000000000000	0000000000000000000000000	000000000010000000	0000000000000001100	00100001	00000001000000000
0000000000010000	0000000000000000001000000	010000000000000000	0000000000000000000	00000000	00000010000000000
0010000000010000	0000000000000000001000000	000000000000000000	0000000000000000000	00000000	00000010000001000
0000000000000000	0000000000000000000000000	000000000010000000	0000000000000001100	00100000	00000001000000000
0000000000000000	1000000000001000010001000	000000000000000000	0000000000000000001	01000000	00000000001000000
0000000000000000	0000100000000000001000100	000001100000000000	0000000100000000010	00000000	01000000000000000
0000000000000100	0000000000000000000000000	000000000010000000	0000000000000000100	00100000	00000000000000000
0001000000000000	0000100000000000001000100	000001100000000000	0000000000000000010	00000000	01100000000000000
0000000000010000	0010000000000000001000000	010000000000000000	0000000000000000000	00000000	00000010000000000
0000000000000000	0000000000000000001000000	100000000000000010	0000000000000000000	10000000	00010000000000000
0000000000000000	0000000000000000000000000	000000000000000001	0010000000000000000	00000000	00000000000000000
0000000000000000	0000100000000000001000100	000001100000000000	0000000100000000010	00000000	01000000000000000
0000000000000000	1000000000001000010001000	000000000000000000	0000001000100000001	01000000	00000000001000000
0000000000000000	0000100000000000001000100	000001100000000000	0000000000000000010	00000000	01000000000000000
0000000000000000	0000000000000000001000000	100000000000000010	0000000000000000000	10000000	00010000000000000
0000000000000100	0000000000000000000000000	000000000010000000	0000000000000000100	00100000	00000000000000100
0001000000000000	0000100000000000001000100	000001100000000000	0000000000000000010	00000000	01000000000000000
0000000000000100	0000000000000000000000000	000000000010000000	0000000000000000100	00100000	00000000000000000
0000000000000000	1000000000001000010001000	000000000000000000	0000000000000000001	01000000	00000000001000001
0000000000000000	1000000000001000010001001	000000000000000000	0000000000000000001	01000000	00000000001000000
0010000000010000	0000000000000000001000000	000000000000000000	0000000000000000000	00000000	00000010000001000
0000010000000000	0000000000000000000000000	000000000000100000	0010000000000000000	00000000	00000000000000000
0000000000000000	0000000000000000001000000	100000000000000010	0000000000000000000	10000000	00010000000000000
0000000000000000	1000000000001000010001000	000000000000000000	0000000000100000001	01000000	00000000001000000
0000000000010000	0000000000000000001000000	000000000000000000	0000000000000000000	00000000	00000010000000000
0000000000001000	0000000000000100000000010	001000000000000100	0001000001000010001	00000000	00000000000010000
0000000000010000	0000000000000000001000000	000000000000000000	0000000000000000000	00000000	00000010000000000
0000000000010000	0000000000000000001000000	000000000000000000	0000000000000000000	00000000	00000010000000000
0000000000000100	0000000000000000000000000	000000000010000000	0000000000000000100	00100000	00000000000000000
0000000001000100	0000000000000000000000000	000000000010000000	0000000000000000100	00100000	00000000000100000
0000000000000010	1000000000001000000001000	000000000000000000	0000000000010000001	01000000	00000000001000000
0000000000000000	0000100000000000001000100	000101100000000000	0000000010000000000	00000000	01000000000000000
0000000100100000	0000000000000000000000000	000000000010000000	0000000000000101100	00100000	00000000000000000
0000000000000000	0000000000000000001000000	100000000000000010	0000000000000000000	10000000	00010000000000000
0001000000000000	0000100000000000001000100	000001100000000000	0000000000000000010	00000000	01000000000000000
0010000000010000	0001000100000000101000000	000000000000000000	0000000000000000000	00010100	00000010000000000
0000000000000000	0000100000000000001000100	000001100000000000	0000000000000000010	00000000	01000000000000000
0000000000010000	0000000000000000001000000	010000000000000000	0000000000000000000	00000000	00000010000000000
0000000000000000	0000000000000100000000010	001000000000000100	0001000001000010001	00000000	00000000000010000
0000001000000000	0000100010000000001000100	000101100000000000	0100000010000000000	00000000	01000000000000000
0000000000010000	0000000001000000001000000	000000000000000000	0000000000000000000	00000000	00000010000000000
0000010000000000	0000000000000000000000000	000000000000100000	0010000000000000000	00000000	00000000000000000
0000000000000000	1000000000001000010001000	000000000000000000	0000000000100000001	01000000	00000000001000000
0000000000000000	1000000000001000010001000	000000000000000000	0000000000000000001	01000000	00000000001000000
0000000000000000	0000000000000000000000010	001000000000000100	0000000001000000001	00001000	00000000000010000
0000000000000000	0000100000000000001000100	000001100000000000	0000000000000000010	00000000	01000100000000000
0000000000000100	0000000000000001000100000	000000000010000000	0000000000000000100	00100000	00000000000000100
0000000000000000	1000000000001000010001000	000000000000000000	0000000000000000001	01000000	00000000001000001
0000000000010000	0000000000000000001000000	010000000000000000	0000000000000000000	00000000	00000010000000000
0000010000000000	0000000000000000000000000	000000000000100000	0010000000000000000	00000000	00000000000000000
0000000000000000	1000010000001000010001000	000000000000000000	0000000000000000001	01000000	00000000001000001
0000000000010000	0000000000000000001000000	000000000000000000	0000000000000000000	00000000	00000010000000000
0000010000000000	0000000000000000000000000	000000000000100000	0010000000000000000	00000000	00000000100000000
0000000000000000	0000000000000000000000000	000000000000000001	0010000000000000000	00000000	00000000000000000
0000000000000000	1000000000001000010001000	000000000000000000	0000000000000000001	01000000	00000000001000001
1000000100100000	0000000000000000000000000	000000000010000000	0000000000000101100	00100000	00000000000000000
0010000000010000	0000000000000000001000000	000000000000000000	0000000000000000000	00000000	00000010000001000
0000000000000010	1000000000001000000001000	000000000000000000	0000000000010000001	01000000	00000000001000000
0000000000000000	0000000000000000001000000	100000000000000010	0000000000000000000	10000000	00010000000000000
0000000100100000	0000000000000000000000000	000000000010000000	0000000000000101100	00100000	00000000000000000
0000000000000000	1000000000001000010001001	000000000000000000	0000000000000000001	01000000	00000000001000000
0001000000000000	0000100000000000001000100	000001100000000000	0000000000000000010	00000000	01000000000000000
0000000000000100	0000000000000000000000000	000000000010000000	0000000000000000100	00100000	00000000000000000
0000000000010000	0000000000000000001000000	010000000000000000	0000000000000000000	00000000	00000010000000000
0010000000010000	0100000000000000001000000	000000000000000000	0000000000000000000	00000000	00000010000000000
0000000000000000	1000000000001000010001000	000000000000000000	0000000000100000001	01000000	00000000001000000
0000000100100000	0000000000000000000000000	000000000010000000	0000000000000101100	00100000	00000000000000000
0000000000000010	1000000000001000000001000	000000000000000000	0000000000010000001	01000000	00000000001000000
0000000000000000	0000000000000000001000000	100000000000000010	0000000000000000000	10000000	00010000000000000
0000000000000000	0000000000000000000000000	000000000000000001	0010000000000000000	00000000	00000000000000000
0010000000010000	0000000000000000001000000	000010000000000000	0000000000000000000	00000000	00000010000000000
0000010000000000	0000000000000000000000000	000000000000100000	0010000000000000000	00000000	00000000000000000
1000000100100000	0000000000000000000000000	000000000010000000	0000000000000101100	00100000	00000000000000000
0000000000000000	0000000000000000000000000	000000000010000000	0000000000000001100	00100000	00000001000000000
0000000100100000	0000000000000000000000000	000000000010000000	0000000000000101100	00100000	00000000000000000
0000000000000000	0000100000000000001000100	000001100000000000	0000000000000000010	00000000	01000000000000000
0000000000000000	0000000000000000000000010	001000000000000100	0000000001000000001	00000000	00000000000010000
0000000000000000	0000100000000000001010100	000001101101000000	0000000000000000010	00000000	01000000000000000
0000000000000000	0000000000000000000000000	000000000010000000	0000000000000001100	00100000	00000001000000000
0000000000000000	1000000000001000010001000	000000000000000000	0000000000100000001	01000000	00000000001000000
0000000000000100	0000000000000000000000000	000000000010000000	0000000000000000100	00100000	00000000000000000
0010000000010000	0100000000000000001000000	000000000000000000	0000000000000000000	00000000	00000010000000000
0000000000010000	0000000000000000001000000	010000000000000000	0000000000000000000	00000000	00000010000000000
0000000000010000	0000000000000000001000000	000000000000000000	0000000000000000000	00000000	00000010000000000
0000000000000000	1000000000000000000001000	000000000000000000	0000000000000000001	01000000	00000000001000000
0000000000010000	0000000000000000001000000	010000000000000000	1000010000000000000	00000000	00000010000000000
0000010000000000	0000000000000000000000000	000000000000100000	0010000000000000000	00000000	00000000000000000
0000000000010000	0000000000000000001000000	010000000000000000	0000000000000000000	00000000	00000010000000000
0000000000000000	0000100000000000001000100	000001100000000000	0000000000000000010	00000000	01000000000000000
