0100000000001000	0000000000100000010	0000001000100000000	0000000000000001	00000000000000	00010000000000011000
0100000000000000	0000000000100000010	0000001000100000000	0000000000000001	00000000000000	00010000000000011000
0000000000000000	0000000000101000000	0001000100000000000	0000000000001000	00001000000000	00010000000000011000
0001000010000000	0000000011000000000	0000000000000000000	0001000000100000	11000100000000	00000000000010000000
0000000111000000	0100000010000000001	0010000000000000000	1000000000000000	10000000000010	00000000000000000000
0000000000000000	0000100000000000000	0000000000000000000	0000001000000000	00000000000000	00000000000000000000
0000000000000000	0000000000000000000	0000000000000000000	0000001100000000	00010000000000	01000000000000000000
0000000000000000	0000100000000000000	0000000000000000000	0000001000000000	00000000000000	00000000000000000000
0000010000000000	0000000000000000000	0000000000000000000	0100001000000000	00000000000000	00000000000001000000
0000000000000000	0000100000000000000	0000000000000000000	0000001000000000	00000000000000	00000000000000000000
0000000000000000	0000000000000000000	0000000000000000000	0000001000000000	00000000100000	01000000000000000000
0000100000000000	0000010000000000000	0000100000000001100	0010001000000000	00000001000000	00100000000000000000
0000000000000000	0000000000101000000	0001000100000000000	0000000000001000	00001000000000	00010000000000011000
0000100000000000	0000010000000000000	0000100000000001100	0010001000000000	00000001000000	00100000000000000000
0000100000000000	0000010000000000000	0000100000000001100	0010001000000000	00000001000000	00100000000000000000
0000100000000000	0000010000000000000	0000100000000001100	0010001000000000	00000001000000	00100000000000000000
1000000111000000	0000000110000000001	0000000000000000000	1000000000000000	10000000010000	00000000000000000000
0100000000001000	0000000000100000010	0000001000100000000	0000000000000001	00000000000000	00010000000000011000
0000100000000000	0000010000000000000	0000100000000001000	0010011000000000	00000000000000	00100000000000000000
0000000000100000	0000000000000000000	0000000000000000000	0000001000000000	00000000001000	00000000001000100010
0000000000000000	0000000000111000000	0001000100000000000	0000000000001000	00001000000000	00010000000000011000
0000000000000000	0000000000101001000	0001000000000000000	0000000000001000	00001000000000	00011000000000011001
0000000000000000	0000000000101000000	0001000101000000000	0000000000001000	00001000000000	00010000000000011000
0100000000000000	0000000000100000110	0000001000100000000	0000000000000001	00000000000000	00010000000000011000
0100000000001000	0000000000100000010	0000001000100000001	0000000000000001	00000000000000	00010000000000011000
0000000000000000	0000000000101000000	0001000000000000000	0000000000001000	00001000000000	00010000000000011000
0000010000000000	0000000000000000000	0000000000000000000	0100001000000000	00000000000000	00000000000001000000
0000000000000000	0000000000101000000	0001000101000000000	0000000000001000	00001000000000	00010000000000011000
0000000000000101	0000001000100000010	0100001000000100000	0000000000000001	00000000000001	00010000000000011000
0100000000000000	0000000000100000010	0000001000100000000	0000000000000001	00000000000100	00010000000000011000
0000100000000000	0000010000000000000	0000100000000001100	0010001000000000	00000001000000	00100000000000000000
0000000000000000	0000100000000000000	0000000000000000000	0000001000000000	00000000000000	00000000000000000000
0000000000000000	0000000000000000000	0000000000000000000	0000001100000000	00010000000000	01000000000000000000
0000000000000000	0000100000000000000	0000000000000000010	0000001000000000	00000000000000	00000000000000000000
0001000010000000	0000000011000000000	0000000000000000000	0001000000100000	11000100000000	00000000000000000000
0100000000001000	0000000000100000010	0000001000100000000	0000000000000001	00000000000000	00010000000000011000
0000000000000000	0000100000000000000	0000000000000000000	0000001000000000	00000000000000	00000000000000000000
0000000000000000	0000000000000000000	0000000000000000000	0000001000000000	00000010001000	00000000001000100010
0100000000001000	0000000000100000010	0000001000100000000	0000000000000001	00000000000000	00010000010000011000
0001000010000000	0000000011000000000	0000000000000000000	0001000000100000	11000100000000	00000000000000000000
0001000010000010	0000000011000000000	0000000000000000000	0001000000100000	11000100000000	00000000000000000000
0000100000000000	0000010000000000000	0000100000000001100	0010001000000000	00000001000000	00100000000000000100
0001000010000000	0000000011000000000	0000000000000000000	0001000000100000	11000100000000	00000000000010000000
0000100000000000	0000010000000000000	0000100000000001100	0010001000000000	00000001000000	00100000000000000000
0000000000000000	0000000000000000000	0000000000000000000	0000001100000000	00010000000000	01000000000000000000
0000100000000000	0000010000000000000	0000100000000001100	0010001000000000	00000001000000	00100010000000000000
0000000111000000	0100000010000000001	0010000000000000000	1000000000000000	10000000000010	00000000000000000000
1000000111000000	0000000110000000001	1000000000000000000	1000000000000000	10000000010000	00000000000000000000
0000000000000000	0000000000101000000	0001000000000000000	0000000000001000	00001000000000	00010000000000011000
0000000000000000	0000000000101000000	0001000000000000000	0000000000001000	00001000000000	00010000100000011000
0000100000000000	0000010000000000000	0000100000000001100	0010001000000000	00000001000000	00100000000000000000
0100000000000000	0000000000100000010	0000001000100000000	0000000000000001	00000000000000	00010000000000011000
0100000000000000	0000000000100000010	0000001000100000000	0000000010000011	00000000000100	00010000000000011000
0000100000000000	0000010000000000000	0000100000000001100	0010001000000000	00000001000000	00100000000000000000
0001000010000000	0000000011000000000	0000000000000000000	0001000000100000	11000100000000	00000000000010000000
0000010000000000	0000000000000000000	0000000000000000000	0100001000000000	00000000000000	00000000000000000000
0000100000000000	0000010000000010000	0000100000000001100	0010001000000100	00000001000000	00100000000000000000
0001000010000000	0000000011000000000	0000000000000000000	0001000000100000	11000100000000	00000000000010000000
0000010000000000	0000000000000000000	0000000000000000000	0100001000000000	00000000000000	10000000000000000000
0000000000000000	0000000000101000000	0001000100000000000	0000000000001000	00001000000000	00010000000000011000
0000100000000000	0000010000000010000	0000100000000001100	0010001000000100	00000001000000	00100000000000000000
0000000000000000	0000000000000000000	0000000000000000000	0000001000000000	00000000000000	01000000000000000000
1000000111000000	0000000110000000001	0000000000000000000	1000000000000000	10000000010000	00000000000000000000
0000000000000000	0000000000101000000	0001000000000000000	0000100000001000	00001000000000	00010000000000011000
0001000010000000	1000000011000000000	0000000000000000000	0001000000100000	10000000000000	00000000000000000000
0000100000000000	0000010000000010000	0000100000000001100	0010001000000100	00000001000000	00100000000000000000
0000000000000000	0000000000000000000	0000000000000000000	0000001000000000	00000000000000	01000000000000000000
0100000000001000	0000000000100000010	0000001000100000000	0000000000000001	00000000000000	00010000000000011000
0100000000001000	0000000000100000010	0000001000100000000	0000000000000001	00000000000000	00010000000000011000
0100000000000000	0000000000100000010	0000001000100000000	0000000000000001	00000000000000	00010000000000011000
0001000010000000	0000000011000000000	0000000000000000000	0001000000100000	11000100000000	00000001000000000000
0001000010000000	0000000011000000000	0000000000000000000	0001000000100000	11000100000000	00000001000000000000
0001000010000000	0000000011000000000	0000000000000000000	0001000000100000	11000100000000	00000000000000000000
0100000000001000	0000000000100000010	0000001000100000000	0000000000000001	00000000000000	00010000000000011000
0000100000000000	0000010000000000000	0000100000000001100	0010001000000000	00000001000000	00100000000000000000
0000000000000000	0000000000101000000	0001000000000000000	0000000000001000	00001000000000	00010000100000011000
0000100000000000	0000010000000010000	0000100000000001100	0010001000000100	00000001000000	00100000000000000000
0000100000000000	0000010000000010000	0000100000000001100	0010001000000100	00000001000000	00100000000000000000
0000010000010000	0000000000000000000	0000000000000000000	0100001000010000	00000000000000	00000100000000000000
0000000000000000	0000000000000000000	0000000000000000000	0000001000000000	00000010001000	00000000001000100010
0000100000000000	0000010000000010000	0000100000000001100	0010001000000100	00000001000000	00100000000000000000
0000000000000000	0000000000111000000	0001000100000000000	0000000000001000	00001000000000	00010000000000011000
0100000000000000	0000000000100000110	0000001000100000000	0000000000000001	00000000000000	00010000000000011000
0100000000001000	0000000000100000010	0000001000100000000	0000000000000001	00000000000000	00010000000000011000
0000000000000000	0000000000101000000	0001000000000000000	0000100000001000	00001000000000	00010000000000011000
0001000010000000	0000000011000000000	0000000000000000000	0001000000100000	11000100000000	00000000000010000000
0000100000000000	0000010000000010000	0000100000000001100	0010001000000100	00000001000000	00100000000000000000
0000000000000000	0000000000000000000	0000000000000000000	0000001000000000	00000000000000	01000000000000000000
0000000010000000	0010000010000100000	0000000000000000000	0000000000000000	10000000000000	00000000000100000000
0000000000000000	0000000000101000000	0001000100000000000	0000000000001000	00001000000000	00010000000000011000
0000010000000000	0000000000000000000	0000000000000000000	0100001000000000	00000000000000	00000000000001000000
0000000000000000	0000000000101000000	0001000100000000000	0000000000001000	00001000000000	00010000000000011000
0000000000100000	0000000000000000000	0000000000000000000	0000001000000000	00000000001000	00000000001000100010
0000100000000000	0000010000000000000	0000100000000001100	0010001000000000	00000001000000	00100000000000000000
0001000010000000	0000000011000000000	0000000000000000000	0001000000100000	11000100000000	00000000000000000000
0000000000000000	0000000000101000000	0001000000000000000	0000000000001000	00001000000000	00010000000000011000
0001000010000000	0000000011000000000	0000000000000000000	0001000000100000	10000000000000	00000000000000000000
0000000000000000	0000000000101001000	0001000000000000000	0000000000001000	00001000000000	00011000000000011000
0000000000000000	0000000000101000000	0001000100000000000	0000000000001000	00001000000000	00010000000000011000
0000000000000000	0000100000000000000	0000000000000000000	0000001000000000	00000000000000	00000000000000000000
0000000000100000	0000000000000000000	0000000000000000000	0000001000000000	00000000001000	00000000001000100010
0000100000000000	0000010000000000000	0000100000000001000	0010011000000000	00000000000000	00100000000000000000
0000000000000000	0000000000000000000	0000000000000000000	0000001000000000	00000000000000	01000000000000000000
0000000010000000	0011000010000100000	0000000000000000000	0000000000000000	10000000000000	00000000000100000000
0001000010000000	0000000011000000000	0000000000000000000	0001000000100000	11000100000000	00000000000010000000
0000000000000000	0000100000000000000	0000000000000000010	0000001000000000	00000000000000	00000000000000000000
1000000111000000	0000000110000000001	0000000000000000000	1000000000000000	10000000010000	00000000000000000000
0001000010000000	0000000011000000000	0000000000000000000	0001000000100000	11000100000000	00000000000010000000
0000000000000000	0000000000101000000	0001000100000000000	0000000000001000	00001000000000	00010000000000011000
0100000000000000	0000000000100000110	0000001000100000000	0000000000000001	00000000000000	00010000000000011000
1000000111000000	0000000110000000001	0000000000000000000	1000000000000000	10000000010000	00000000000000000000
0000000000000000	0000000000000000000	0000000000000000000	0000001000000000	00000000000000	01000000000000000000
0100000000001000	0000000000100000010	0000001000101000000	0000000000000001	00000000000000	00010000000000011000
0000100000000000	0000010000000000000	0000100000000001100	0010001000000000	00000001000000	00100000000000000000
0000010000010000	0000000000000000000	0000000000000000000	0100001000010000	00000000000000	00000100000000000000
0000100000000000	0000010000000010000	0000100000000001100	0010001000000100	00000001000000	00100000000000000000
0001000010000000	0000000011000000000	0000000010010000000	0001000000100000	11000100000000	00000000000000000000
0000101000000000	0000010000000010000	0000100000000001100	0010001000000100	00000001000000	00100000000000000000
0000000000000000	0000000000101000000	0001000000000000000	0000000000001000	00001000000000	00010000100000011000
0000000000000000	0000000000000000000	0000000000000000000	0000001000000000	00000010001000	00000000001000100010
0000000000000000	0000100000000000000	0000000000000000010	0000001000000000	00000000000000	00000000000000000000
0000000000000000	0000000000101000000	0001000100000000000	0000000001001000	00001000000000	00010000000000011000
0001000010000000	0000000011000000000	0000000000000000000	0001000000100000	11000100000000	00000000000000000000
0000000000000000	0000100000000000000	0000000000000000000	0000001000000000	00000000000000	00000000000000000000
0000000000000000	0000000000000000000	0000000000000000000	0000001000000000	00000000000000	01000000000000000000
0000000000000000	0000000000101000000	0001000000000000000	0000000000001000	00001000000000	00010000000000011000
0100000000001000	0000000000100000010	0000001000100000000	0000000000000001	00000000000000	00010000000000011000
0000000000000000	0000000000101000000	0001000100000000000	0000000001001000	00001000000000	00010000000000011000
0000010000000000	0000000000000000000	0000010000000000000	0100001000000000	00000000000000	10000000000000000000
0000000000000000	0000100000000000000	0000000000000000000	0000001000000000	00000000000000	00000000000000000000
0000000000000000	0000100000000000000	0000000000000000000	0000001000000000	00000000000000	00000000000000000000
0001000010000000	0000000011000000000	0000000000000000000	0001000000100000	11000100000000	00000000000000000000
0001000010000000	0000000011000000000	0000000000000000000	0001000000100000	11000100000000	00000000000000000000
0001000010000000	0000000011000000000	0000000000000000000	0001000000100000	11000100000000	00000000000000000000
0000000000000000	0000100000000000000	0000000000000000000	0000001000000000	00000000000000	00000000000000000000
0000000000100000	0000000000000000000	0000000000000000000	0000001000000000	00000000001000	00000000001000100010
0000000000000000	0000100000000000000	0000000000000000000	0000001000000000	00000000000000	00000000000000000000
0010100000000000	0000010000000000000	0000100000000001100	0010001000000000	00100001000000	00100000000000000000
0000000010000000	0010000010000100000	0000000000000010000	0000000000000000	10000000000000	00000000000100000000
0000010000000000	0000000000000000000	0000000000000000000	0100001000000000	00000000000000	00000000000000000000
0000000000000000	0000000000000000000	0000000000000000000	0000001100000000	00010000000000	01000000000000000000
0100000000001000	0000000000100000010	0000001000100000000	0000000000000001	00000000000000	00010000000000011000
0000000000000101	0000001000100000010	0100001000000100000	0000000000000001	00000000000001	00010000000000011000
0000000000000000	0000000000101000000	0001000100000000000	0000000000001000	00001000000000	00010000000000011000
0100000000000000	0000000000100000110	0000001000100000000	0000000000000001	00000000000000	00010000000000011000
0000000000000000	0000000000000000000	0000000000000000000	0000001000000000	00000000000000	01000000000000000000
0000100000000000	0000010000000010000	0000100000000001100	0010001000000100	00000001000000	00100000000000000000
0000100000000000	0000010000000010000	0000100000000001100	0010001000000100	00000001000000	00100000000000000000
0000000000000000	0000000000101000000	0001000000000000000	0000000000001000	00001000000000	00010000100000011000
0000000000000000	0000000000101000000	0001000000000000000	0000100000001000	00001000000000	00010000000000011000
