00000000110000110000	0000000000000000000001	0000000000000000010	00000000000000000000001	0000000000000000001	10000001000010000000
00001000000000000000	0000000000000000000001	0000000010000010000	10000000000000000000000	0000001000000000000	00000000000000001000
00000000000000000001	0000000100000000000001	0000000000000000000	00000101000100000100000	0000000000000000000	01000000100000100001
00010001000000000000	0000000000001000000000	0010110000000000000	00000000000000000000000	0000000000000000000	00000000000000000000
00010000000000000000	0000000000000000001000	0010100000000000000	00000000000000000000000	0000000100000000000	00000000000000000000
00001000000010000000	0000000000000000000001	0000000000000010000	10000000000000000000000	0000000000000010000	00000000000000001000
00000000000000000000	0000000000000000000001	0000000000000000000	00000000100000000000000	0100000000000001000	00010000000000000000
00001000000010000000	0000000000000000000001	0000000000000010000	10000000000000000000000	0000000000000010000	00000000000000001000
00000010000000000000	0000000000000000000000	0000000000010000000	01000000000000000000000	0000000000001000000	00000000000000000000
00010000001000000000	0000000000000000000000	0010100000000000000	00010000000000000000000	0000000000000000000	00000000000000000000
00001000000000000010	0000000000000000000001	0000000011100010000	10000000000000000000000	0000000000000000000	00000000000000001000
00000010000000000000	0000000000000000000000	0000000000010000000	00000000000000000000000	0000000000001000000	00000100000000000000
00010000000000000000	0000000000000000000000	0010100000000000000	00010000000000000000000	0000000000000000000	00000000001000000000
00000010000000000000	0000000000000000000000	0000000000010000000	00000000000000000000000	0000000000001000000	00000100000000000000
00001000000000000000	0000000000000000000001	0000000000000010000	10000000000000000000000	0000000000000000000	00000000000000001000
00010000000000000000	0000000000000000000000	0010100000000000000	00010000000000000000000	0000000000000000000	00000000000000000000
10010000000000000100	0000010000000000010000	0010100000000001000	00000000000000000000000	0000000000000000000	00000000000000000000
00001000000000000000	0000000000000000000001	0000000000000010000	10000000000000000000000	0000000000000000000	00000000000000001000
00010000001000000000	0000000000000000000000	0010100000000000000	00010000000000000000000	0000000000000000000	00000000000000000000
00010000000000000000	0000000000000000000000	0010100000000000000	00010000000000000000000	0000000000000000000	00000000000000000000
00001000000000000000	0000000000000000000001	0000000000000010000	10000000000000000000000	0000000000000000000	00000000000000001000
00001000000000000000	0000000000000000000001	0000000000000010000	10000000000000000000000	0000000000000000000	00000000000000001000
00010000000000000000	0000000000000000000000	0010100000000000000	00010000000000000000000	0000000000000000000	00000000000000000000
00001000000000000000	0000001000000000000001	0000000000000010000	10000000000000000000000	0000000000000000000	00000000000000001000
00010000000000000000	0000000000000000001000	0010100000000000000	00000000000000000000000	0000000100010000000	00000000000000000000
00001000000000000000	0000000000000000000001	0000000000000010000	10000000000000000000000	0000000000000000100	00000000000000001000
00000000000000000000	0000000000000000000001	0000000000000000000	00000000100000000000000	0000000000000001000	00010000000000000000
00001000000000000000	0000000000000000000001	0000000000000010000	10000000000000000000000	0000000000000000000	00000000000000001000
00000000000000110000	0000000000000000000001	0000000000000000010	00000000000000000000000	0000000000000000001	10000001000010000000
00001000000000000000	0000000010010000000001	0000000000000000000	10001000010000000000100	0000000000000000000	00000000000000000010
00010000000000000000	0000000000000000001000	0010100000000000000	00000000000000000000000	0000000100000000000	00000000000000000000
00000000110000110000	0000000000000000000001	0000000000000000010	00000000000000000000001	0000000000000000001	10000001000010000000
00001000000000000000	0000000000100000000001	0000000010000010000	10000000000000000000000	0000000000000000000	00000000000000001000
00010000000000000000	0000000000000000000000	0010100000000000000	00010000000000000000000	0000000000000000000	00000000001000000000
00010001000000000000	0000000000001000000000	0010110000001000000	00000000000000000000000	0000000000000000000	00000000000000000000
00000000110000110000	0000000000000000000001	0000000000000000010	00000000000000000000001	0000000000100000001	10000001000010000000
00010000000000000000	0000000000000000000000	0010100000000000000	00010000000000000000000	0000000000000000000	00000000000000000000
01010000000000000000	0000000000000000000000	0010100000000000000	00010000000000000000000	0000000000000000000	00000000000000000000
00000000110000110000	0000000000000000000001	0000000000000000010	00000000000000000000001	0000000000000000001	10000001000010000000
00010001000000000000	0000000000001000000000	0010110000000000000	00000000000000000000000	0000000000000000000	00000000000000000000
00000000000000110000	0000000000000000000001	0000000000000000010	00000000000000000000000	0000000000000000001	10000001000010000000
00010000001000000000	0000000000000000000000	0010100000000000000	00010000000000000000000	0000000000000000000	00000000000000000000
00001000000000000000	0000000000000000000001	0000000000000010000	10000000000000000000000	0000000000000000000	00000000000000001000
00000000000000000000	0010100000000011000110	0000000000000000101	00000010001000010000000	0010010001000000010	00100010000000000000
00000010000000000000	0000000000000000000000	0000000000010000000	01000000000000000000000	0000000000001000000	00000000000000000000
00001000000000000010	0000000000000000000001	0000000011100010000	10000000000000000000000	0000000000000000000	00000000000000001000
00010000000000000000	0000000000000000000000	0010100000000000000	00000000000000000000000	0000000000000000000	00000000000000000000
00001000000000000010	0000000000000000000001	0000000011100010000	10000000000000000000000	0000000000000000000	00000000000000001000
00000000110000110000	0000000000000000000001	0000000000000000010	00000000000000000000001	0000000000000000001	10000001000010000000
00000000000000000000	0010100000000011000110	0000000000000000101	00000010001000010000000	0010010001000000010	00100010000000000000
00010001000000000000	0000000000001000000000	0010110000001000000	00000000000000000000000	0000000000000000000	00000000000000000000
00010001000000000000	0000000000001000000000	0010110000000000000	00000000000000000000000	0000000000000000000	00000000000000000000
00001000000000000000	0000000000000000000001	0000000000000010000	10000000000000000000000	0000000000000000000	00000000000000001000
00000000110001110000	0000000000000000000001	0000000000000000010	00000000000000000000001	0000000000000000001	10000001000010010000
00001000000000000000	0000000000000000000001	0000000000000010000	10000000000000000000000	0000000000000000000	00000000000000001000
00001000000000000000	0000001000000000000001	0000000000000010000	10000000000000000000000	0000000000000000000	00000000000000001000
00000010000000000000	0000000001000000000000	0000000000010000000	01000000000000000000000	0000000000001000000	00000000000000000000
00010000000000000000	0000000000000000001000	0010100000000000000	00100000000000000000000	0000000100010000000	00000000000000000000
00000010000000000000	0000000000000000000000	0000000000010000000	00000000000000000000000	0000000000001000000	00000000000000000000
00010000001000000000	0000000000000000000000	0010100000000000000	00010000000000000000000	0000000000000000000	00000000000000000000
00001000000010000000	0000000000000000000001	0000000000000010000	10000000000000000000000	0000000000000000000	00000000000000001000
00010000000000000000	0000000000000000000000	0010100000000000000	00010000000000000000000	0000000000000000000	00000000000000000000
00010001000100000000	0000000000001100000000	0010110000000100000	00000000000000100000000	0000000000000000000	00000000010000000000
00000000000000000001	0000000100000000000001	0000000000000000000	00000101000100000100000	0000000000000000000	01000000100000100001
00001000000000000000	0000000000000000000001	0000000100000010000	10000000000000000000000	0000000000000000000	00000000000000001000
00001000000010000000	0000000000000000000001	0000000000000010000	10000000000000000000000	0000000000000000000	00000000000000001000
00010000000000000000	0000000000000000001000	0010100000000000000	00000000000000000000000	0000000100000000000	00000000000000000000
00000000110001110000	0000000000000000000001	0000000000000000010	00000000000000000000001	0000000000000000001	10000001000010010000
00001000000000000000	0000000000000000000001	0000000000000010000	10000000000000000000000	0000100000000000000	00000000000001001000
00001000000000000010	0000000000000000100001	0000000011100010000	10000000000000000000000	0000000000000000000	00000000000000001000
00010000000000000000	0000000000000000000000	0010100000000000000	00010000000000000000000	0000000000000000000	00000000000000000000
00010000000000000000	0000000000000000000000	0010100000000000000	00010000000000000000000	0000000000000000000	00000000001000000000
00001000000000000000	0000000000000000000001	0000000100000010000	10000000000000000000000	0000000000000000000	00000000000000001000
00001000000000000000	0000000000000000000001	0000000000000010000	10000000000000000000000	0000000000000000000	00000000000000001000
00001000000000000000	0000000000000000000001	0000000000000010000	10000000000000000000000	0000000000000000100	00000000000000001000
00010000000000000000	0000000000000000000000	0010100000000000000	00010000000000000000000	0000000000000000000	00000000000000000000
00001000000000000000	0000000000000000000001	0000000000000010000	10000000000000000000000	0000000000000000000	00000000000000001000
00010001000000000000	0000000000001000000000	0010110000000000000	00000000000000000000000	0000000000000000000	00000000000000000000
00001000000000000000	0000000000000000000001	0000000000000010000	10000000000000000000000	0000000000000000000	00000000000000001000
00000010000000000000	0000000000000000000000	0000000000010000000	00000000000000000000000	0000000000001000000	00000100000000000000
00001000000000000000	0000000000000000000001	0000000000000010000	10000000000000000000000	0000000000000000000	00000000000000001000
00010000000000000000	0000000000000000000000	0010100000000000000	00010000000000000000000	0000000000000000000	00000000000000000000
00010000000000000000	0000000000000000000000	0010100000000000000	00010000000000000000000	0000000000000000000	00000000000000000000
00001000000000000000	0000000000000000000001	0000000000000010000	10000000000000000000000	0000000000000000000	00000000000000001000
00001000000000000000	0000000000000000000001	0000000000000010000	10000000000000000000000	0000000000000000000	00000000000000001000
00001000000000000000	0000000000000000000001	0000000000000010000	10000000000000000000000	0000000000000000000	00000000000000001000
00000000000000000001	0000000100000000000001	0000000000000000000	00000101000100000100000	0000000000000000000	01000000100000100001
00000000110001110000	0000000000000000000001	0000001000000000010	00000000000000000000001	0000000000000000001	10000001000010010000
00100000000000000000	0000000000000000000001	0000000000000000000	00000000100000000000000	0000000010000101000	00010000000000000000
00000000000000000001	0000000100000000000001	0000000000000000000	00000101000100000100000	0000000000000000000	01000000100000100001
00000000000000000000	0010100000000011000110	0000000000000000100	00000010001010010000000	0010010001000000010	00000010000000000000
00001000000000000000	0000000000000000000001	0000000100000010000	10000000000000000000000	0000000000000000000	00000000000000001000
00001000000000000000	0000000010010000000001	0000000000000000000	10001000010000000000100	0000000000000000000	00000000000000000010
00010000000000000000	0000000000000000000000	0010100000000000000	00010000000000000000000	0000000000000000000	00000000000000000100
00010100000000000000	0100000000000000000000	1010100000000000000	00010000000000001010000	0000000000000000000	00000000000000000000
00001000000000000000	0000000000000000000001	0000000000000010000	10000000000000000000000	0000000000000000100	00000000000000001000
00001000000000000000	0000000000000000000001	0000000000000010000	10000000000000000000000	0000000000000000000	00000000000000001000
00010000001000000000	0000000000000000000000	0010100000000000000	00010000000000000000000	0000000000000000000	00000000000000000000
00000000000000110000	0001000000000000000001	0000000000000000010	00000000000000000000000	1000000000000000001	10000001000010000000
00010000000000000000	0000000000000000000000	0010100000000000000	00010000000000000000000	0000000000000000000	00000000000000000000
00000000000000000001	0000000100000000000001	0000000000000000000	00000101000100000100000	0000000000000000000	01000000100000100001
00100000000000000000	0000000000000000000001	0000000000000000000	00000000100000000000000	0000000000000101000	00010000000000000000
00000000000000000001	0000000100000000000001	0000000000000000000	00000101000100000100000	0000000000000000000	01000000100000100001
00001000000000000010	0000000000000000000001	0000000011100010000	10000000000000000000000	0000000000000000000	00000000000000001000
00001000000000000000	0000000000000000000001	0100000000000010000	10000000000000000000000	0000000000000000100	00000000000000001000
00000000110000110000	0000000000000000000001	0000000000000000010	00000000000000000000001	0000000000000000001	10000001000010000000
00010000000000000000	0000000000000000000000	0010100000000000000	00000000000000000000010	0000000000000000000	00000000000000000000
00001000000000000000	0000000000000000000001	0000000000000010000	10000000000000000000000	0000000000000000100	00000000000000001000
00001000000000000000	0000000000000000000001	0000000010000010000	10000000000000000000000	0000001000000000000	00000000000000001000
00001000000000000000	0000000000000000000001	0000000000000010000	10000000000000000000000	0000000000000000000	00000000000000001000
00010000000000000000	0000000000000000001000	0010100000000000000	00000000000000000000000	0000000100000000000	00000000000000000000
00010000001000000000	0000000000000000000000	0010100000000000000	00010000000000000000000	0000000000000000000	00000000000000000000
00000000000000110000	0000000000000000000001	0000000000000000010	00000000000000000000000	0001000000000000001	10000001000010000000
00000000000000000001	0000000100000000000001	0000000000000000000	00000101000000000100000	0000000000000000000	01000000100000100001
00001000000000000000	0000000000000000000001	0000000000000010000	10000000000000000000000	0000100000000000000	00000000000101001000
00010000000000000000	0000000000000000000000	0010100000000000000	00010000000000000000000	0000000000000000000	00000000000000000000
00001000000000000010	0000000000000000000001	0000000011100010000	10000000000000000000000	0000000000000000000	00000000000000001000
00001000000000000000	0000000000000000000001	0000000000000010000	10000000000000000000000	0000000000000000000	00000000000000001000
00100000000000001000	0000000000000000000001	0001000000000000000	00000000100000000001000	0000000000000101000	00010000000000000000
00010000000000000000	0000000000000000000000	0010100000000000000	00010000000000000000000	0000000000000000000	00000000000000000000
00010000000000000000	0000000000000000000000	0010100000000000000	00010000000001000000000	0000000000000000000	00000000000000000000
00001000000000000000	0000000000000000000001	0000000010000010000	10000000000000000000000	0000001000000000000	00001000000000001000
00001000000000000000	0000000000000000000001	0000000000000010000	10000000000000000000000	0000000000000000000	00000000000000001000
00000000000000000001	0000000100000000000001	0000000000000000000	00000101000100000100000	0000000000000000000	01000000100000100001
00010000000000000000	0000000000000000001000	0010100000000000000	00000000000000000000000	0000000100010000000	00000000000000000000
00001000000000000000	0000000000000000000001	0000000000000010000	10000000000000000000000	0000000000000000000	00000000000000001000
00000000110001110000	0000000000000000000001	0000001000000000010	00000000000000000000001	0000000000000000001	10000001000010010000
00001000000000000000	0000000000000000000001	0000000000000010000	10000000000000000000000	0000000000000000000	00000000000000001000
00001000000000000010	0000000000000000100001	0000000011100010000	10000000000000000000000	0000000000000000000	00000000000000001000
00000000000000000000	0000000000000000000001	0000000000000000000	00000000100000000000000	0000000000000001000	00010000000000000000
00001000000000000000	0000000000000000000001	0000000000000010000	10000000000000000000000	0000100000000000000	00000000000101001000
00000010000000000000	0000000000000000000000	0000000000010000000	00000000000000000000000	0000000000001000000	00000100000000000000
00010000000000000000	0000000000000000001000	0010100000000000000	00000000000000000000000	0000000100010000000	00000000000000000000
00001000000010000000	0000000000000000000001	0000000000000010000	10000000000000000000000	0000000000000010000	00000000000000001000
00100000000000000000	0000000000000000000001	0000000000000000000	00000000100000000001000	0000000000000101000	00010000000000000000
00001000000000000000	0000000000000000000001	0000000000000010000	10000000000000000000000	0000000000000000000	00000000000000001000
00000000000000000001	0000000100000000000001	0000000000000000000	00000101000100000100000	0000000000000000000	01000000100000100001
00010000000000000000	0000000000000000000000	0010100000000000000	00010000000000000000000	0000000000000000000	00000000001000000000
00000000000000000000	0000000000000000000001	0000000000000000000	00000000100000000000000	0000000000000001000	00010000000000000000
00010000001000000000	0000000000000000000000	0010100000000000000	00010000000000000000000	0000000000000000000	00000000000000000000
00010000000000000000	0000000000000000000000	0010100000000000000	00010000000000000000000	0000000000000000000	00000000000000000000
00001000000000000000	0000000000000000000001	0000000000000010000	10000000000000000000000	0000000000000000000	00000000000000001000
00001000000000000000	0000000000000000000001	0000000000000010000	10000000000000000000000	0000000000000000000	00000000000000001000
00001000000000000000	0000000010010000000001	0000000000000000000	10001000010000000000100	0000000000000000000	00000000000000000010
00001000000000000000	0000000000000000000001	0000000000000010000	10000000000000000000000	0000000000000000000	00000000000000001000
00010000000000000000	0000000000000000000000	0010100000000000000	00010000000000000000000	0000000000000000000	00000000000000000000
00001000000000000000	0000000000000000000001	0000000000000010000	10000000000000000000000	0000000000000000000	00000000000000001000
00010000000000000000	0000000000000000000000	0010100000000000000	00010000000000000000000	0000000000000000000	00000000001000000000
00001000000000000010	0000000000000000100001	0000000011100010000	10000000000000000000000	0000000000000000000	00000000000000001000
00010000000000000000	1000000000000000000000	0010100000000000000	00010000000000000000000	0000000000000000000	00000000000000000000
