000010000000000000000000000	0000000000001000000000	000000000010001	00000100000000	000000000000001010	100000001000000000
000010000000000000000000000	0000000000001000000000	000000000010001	00000100000000	000000000000001010	100000001000000000
000000000000000000000000000	0001000000010000000000	000000000000000	00000000000000	001000000000000001	000000000000000000
000000000000000000100000000	1000000000000000000010	000000000000000	00001000000000	000000000000000000	000000000000000000
000010000000100000000000000	0000000000001000000000	000000000010001	00010000000000	000000000000001110	100000001000000000
000000000000000000000000000	0001000000010000000000	000000000000000	00000000000000	001000000000000001	000000000000000000
000000000000000000000000000	0001000000010000000000	000000000000000	00000000000000	000000000000000001	000000000000000000
000010000000100000000000000	0000000000001000000000	000000000010001	00010000000000	000000000000001110	100000001000000000
000010000000000000000000000	0000000000001000000000	000000000010001	00000100000000	000000000000001010	100000001000000000
000000000000000000000000001	0001000000000000000000	010000000000000	00000010000000	000000000000000000	000000000100000100
000010000000000010000000000	0000000000001000000000	000000000110001	00000001000000	000000000010001010	100000001000000000
010001100000000000000100000	0100001000000000000000	000010000000000	00000000010010	100000000000100000	000000000000001010
000000100010000000000100000	0100000000000000000000	000010000000000	00000000110010	100000000000100000	000000000000001010
000010000000000000000000000	0000000000001000000000	000000000010001	00000100000000	000000000000001010	100000001010000000
000010000000000000000000000	0000000000001000000000	000000000010001	00000100000000	000000000000001010	100000001000000000
000010000000000000000000000	0000000000001000000000	000000000010001	00000100000000	000000000000001010	100000001000000000
000000000000000000000000000	0010000000100000110000	000000000000001	00000000000000	000000000000001010	100000000000010000
010000100000000000000100000	0100001000000000000000	000010000000000	00000000010010	100000000000100000	000000100000001010
000010000000000000000000000	0000000000001000000000	000000000010001	00000100000000	000000000000001010	100000001000000000
100000010000000000000101100	0100000100000000000001	000010000000000	00100000011010	000000000000100000	000000000000001010
000010000000000000000000000	0000000000001000000000	000000000010001	00000100000000	000000000000001010	100000001000000000
000010000000100000000000000	0000000000001000000000	000000000010001	00010000000000	000000000000001110	100000001000000000
000000000000000000000100010	0100000000000000000000	000010010001000	00000000010010	000000000000100000	000000000000001011
010000100000000000000100000	0100001000000000000000	000010000000000	00000000010010	100000000000100000	000000000000001010
100000010000000000000101100	0100000100000000000001	000010000000000	00100000011010	000000000000100000	000000000000001010
000000100010000000000100000	0100000000000000000000	000010000000000	00000000110010	100000000000100000	000000000000001010
000000000000000000000100010	0100000000000000000000	000010010001000	00000000010010	000000000000100000	000000000000001011
000000000000000000100000000	1000000000000000000010	000000000000000	00001000000000	000000000000000000	000000000000000000
000010000000100000000000000	0000000000001000000000	000000000010001	00010000000000	000000000000001110	100000001000000000
000000001000000000000000000	0001000000000000000000	010000000000000	00000010000000	000000000000000000	000000000100000000
000000000000000000000000000	0001000000000000000000	010000000000000	00000010000000	000000000000000000	000000000100100000
000000100000000001000100000	0100001000000001000000	000010000000000	00000000010010	100000000001100000	000000000000001010
000000000000000000000010000	0001000000010000000000	000000000000100	00000000000000	001000000000000001	000000000000000000
000010000000000000000000000	0000000000001000000000	000000000010001	00000100000000	000000000000001010	100000001000000000
000000000000000000100000000	1000000000000000000010	000000000000000	00001000000000	000000000000000000	000000000000000000
000000000000000000000000000	0001000000010000000000	000000000000000	00000000000000	001000000000000001	000000000000000000
000010000000000000000000000	0000000000001000000000	000000000010001	00000100000000	000000000000001010	100000001000000000
010100100000000000000100000	0100001000000000000000	000010000000000	00000000010010	100000000000100000	000000000000001010
000000000000000000000000000	0001000000010000000000	000000000000000	00000000000001	000011000000000000	010100000000000000
000010000000100000000000000	0000000000001000000000	000000000010001	00010000000000	000000000000001110	100000001000000000
000010000000000000000000000	0000000000001000000000	000000000010001	00000100000000	000000000000001010	100000001000000000
000000100010000000000100000	0100000000000000000000	000010000000000	00000000110010	100000000000100000	000000000000001010
000000000000000000000000000	0001000000010000000000	000000000000000	00000000000000	001000000000000001	000000000000000000
000000001000000000000000000	0001000000000000000000	010000000000000	00000010000000	000000000000000000	000000000100000000
000010000000000000000000000	0000000000001000000000	000000000010001	00000100000000	000000000000001010	100000001000000000
100000010000000000000101100	0100000100000000000001	000010000000000	00100000011010	000000000000100000	000000000000001010
000000000000000000000010000	0001000000010000000000	000000000000100	00000000000000	001000000000000001	000000000000000000
000000100010000000000100000	0100000000000000000000	000010000000000	00000000110010	100000000000100000	000000000000001010
000010000000100000000000000	0000000000001000000000	000000000010001	00010000000000	000000000000001110	100000001000000000
100000010000000000000101100	0100000100000000000001	000010000000000	00100000011010	000000000000100000	000000000000001010
000010000000100000000000000	0000000000001000000000	000000000010001	00010000000000	000000000000001110	100000001000000000
000010000000000000000000000	0000000000001000000000	000000000010001	00000100000000	000000000000001010	100000001000000000
000000000000000000000000000	0010000000100000110000	000000000000001	00000000000000	000000000000001010	100000000000010000
000010000000100000000000000	0000000000001000000000	000000000010001	00010000000000	000000000000001110	100000001000000000
000010000000100000000000000	0000000000001000000000	000000000010001	00010000000000	000000000000001110	100000001000000000
000000000000000000000000000	0001000000010010000000	000000000000000	00000000000000	001000000000010001	000000000001000000
000000000000000000000000000	0001000000000000000000	010000000000000	00000010000000	000000000000000000	000000000100000000
000000000000000000000000000	0001000000010000000000	000000000000000	00000000000000	001000000000000001	000000000000000000
000010000000000010000000000	0000000000001000000000	000000000110001	00000001000000	000000000000001010	100000001000000000
100000010000000000000101100	0100000100000000000001	000010000000000	00100000011010	000000000000100000	000000000000001010
000010000000100000000000000	0000000000001000000000	000000000010001	00010000000000	000000000000001110	100000001000000000
100000010000000000000101100	0100000100000000000001	000010000000000	00100000011010	000000000000100000	000000000000001010
000010000000100000000000000	0000100000001000000000	000000000010001	01010000000000	000000000000001110	100000001000000000
000000000000000000000000000	0001000000000000000000	010000000000000	00000010000000	000000000000000000	000000000100000000
100000010000000000000101100	0100000100000000000001	000010000000000	00100000011010	000000000000100000	000000000000001010
100000010000000000000101100	0100000100000000000001	000010000000000	00100000011010	000000000000100000	000000000000001010
000010000000100000000000000	0000000000001000000000	000000000010001	00010000000000	000000000000001110	100000001000000000
000000000000000000000000000	0001000000010000000000	000000000000000	00000000000000	000000000000000001	000000000000000000
000000000000000000000000000	0001000000010000000000	000000000000000	00000000000000	001000000000000001	000000000000000000
000010000000000000000000000	0000000000001000000000	000000000010001	00000100000000	000000000000001010	100000001000000000
000010000000000010000000000	0000000000001000000000	000000000110001	00000001000000	000000000000001010	100000001000000000
000010000000100000000000000	0000000000001000000000	000000000010001	00010000000000	000000000000001110	100000001000000000
000010000000100000000000000	0000100000001000000000	000000000010001	01010000000000	000000000000001110	100000001000000000
000000000000000000000000001	0001000000000000000000	010000000000000	00000010000000	000000000000000000	000000000100000000
000010000000100000000000000	0000000000001000000000	000000000010001	00010000000000	000000000000001110	100000001000000000
000000000000000000000000000	0001000000010000000000	000000000000000	00000000000001	000011000000000000	000100000000000000
100000010000000000000101100	0100000100000000000001	000010000000000	00100000011010	000000000000100000	000000000000001010
000010000000000010000000000	0000000000001000000000	000000100110001	00000001000000	000000100000001010	100000001000000000
000010000001000010001000000	0000000011001000000000	000001000110001	00000001000000	000000000000001010	100000001000000000
000010000000100000000000000	0000000000001000000000	000000000010001	00010000000000	000000000000001110	100000001000000000
001000000000000000100000000	1000000000000000000010	000000000000000	00001000000000	000000000000000000	000000000000000000
000000100010000000000100000	0100000000000000000000	000010000000000	00000000110010	100000000000100000	000000000000001010
000000100010000000000100000	0100000000000000000000	000010000000000	00000000110010	100000000000100000	000000000000001010
010000100000000000000100000	0100001000000000000000	000010000000000	00000000010010	100000000000100000	000000000000001010
000010000000000000000000000	0000000000001000000000	000000000010001	00000100000000	000000000000001010	100000001000000000
000010000000000000000000000	0000000000001000000000	000000000010001	00000100000000	000000000000001010	100000001010000000
000010000000000000000000000	0000000000001000000000	000000000010001	00000100000000	000000000000001010	100000001000000000
000010000000000000000000000	0000000000001000000000	000000000010001	00000100000000	000000000000001010	100000001000000000
000000000000000000000000000	0001000000010010000000	000000000000000	00000000000000	001000000000010001	000000000001000000
000000000000000000000000000	0001000000010000000000	000000000000000	00000000000001	000011000000000000	000100000000000000
000010000000100000000000000	0000010000001000000000	000000000010001	00010000000000	000000001000001110	100000001000000000
000000000000000000000000000	0001000000010000000000	000000000000000	00000000000001	000011000000000000	000100000000000000
000010000000000000000000000	0000000000001000000000	000000000010001	00000100000000	000000000000001010	100000001000000000
000010000000100000000000000	0000000000001000000000	000000000010001	00010000000000	000000000000001110	100000001000000000
100000010000000000000101100	0100000100000000000001	000010000000000	00100000011010	000000000000100000	000000000000001010
001000000000000000100000000	1000000000000000000010	000000000000000	00001000000000	000000000000000000	000000000000000000
000010000000000010000000000	0000000000001000000000	000000000110001	00000001000000	000000000000001010	100000001000000000
000000000000000000000000000	0010000000100000110000	000000000000001	00000000000000	000000000000001010	100000000000010000
000000000000000000000000000	0001000000010000000000	000000000000000	00000000000000	001000000000000001	000000000000000000
000010000000000000000000000	0000000000001000000000	000000001010001	00000100000000	000000000000001010	100000001000000000
000010000000000000000000000	0000000000001000000000	000000000010001	00000100000000	000100000000001010	100000001000000000
000010000000100000000000000	0000100000001000000000	000000000010001	01010000000000	000000000000001110	100000001000000000
000000000000000000000000000	0010000000100000110000	000000000000001	00000000000000	000000000000001010	100000000000010000
000010000000000000000000000	0000000000001000000000	000000000010001	00000100000000	000000000000001010	100000001000000000
000000000000000000000100010	0100000000000000000000	000010010001000	00000000010010	000000000000100000	000000000000001011
000000000000000000000000000	0001000000010000000000	000000000000000	00000000000001	000011000000000000	000100000000000000
000010000000000000000000000	0000000000001000000000	000000000010001	00000100000000	000000000000001010	100000001000000000
000010000000000000000000000	0000000000001000000000	000000000010001	00000100000000	000000000000001010	100000001010000000
000000001000000000000000000	0001000000000000000000	010000000000000	00000010000000	000000000000000000	000000000100000000
000000000000000000000100010	0100000000000000000000	000010010001000	00000000010010	000000000000100000	000000000000001011
000010000001000010001000000	0000000011001000000000	000001000110001	00000001000000	000000000000001010	100000001000000000
000000000000000000100000000	1000000000000000000010	000000000000000	00001000000000	000000000000000000	000000000000000000
000000000000000000000000000	0001000000010000000000	000000000000000	00000000000000	001000000000000001	001000000000000000
000010000000100000000000000	0000000000001000000000	000000000010001	00010000000000	000000000000001110	100000001000000000
000010000000000000000000000	0000000000001000000000	000000000010001	00000100000000	000000000000001010	100000001000000000
000010000000100000000000000	0000000000001000000000	000000000010001	00010000000000	000000000000001110	100000001000000000
000010000000100000000000000	0000000000001000000000	000000000010001	00010000000000	000000000000001110	100000001000000000
000000000000000000000000001	0001000000000000000000	110000000000000	00000010000000	000000000000000000	000000000100000000
000010000000000010000000000	0000000000001000000000	000000000110001	00000001000000	000000100000001010	100000001000000000
000000100010000000000100000	0100000000000000000000	000010000000000	00000000110010	100000000000100000	000000000000001010
000000000000010100010000000	0000000000000100001100	000000000000000	00000000000000	010000000100000000	000010000000000000
000000000100001000000000000	0001000000010000000000	000000000000010	00000000000100	000000000000000000	000001000000000000
000000001000000000000000000	0001000000000000000000	010000000000000	00000010000000	000000000000000000	000000000100000000
000010000001000010001000000	0000000011001000000000	000001000110001	00000001000000	000000000000001010	100000001000000000
000000100010000000000100000	0100000000000000000000	000010000000000	00000000110010	100000000000100000	000000000000001010
000000000000000000000010000	0001000000010000000000	000000000000100	00000000000000	001000000000000001	000000010000000000
000010000000100000000000000	0000000000001000000000	000000000010001	00010000000000	000000000000001110	100000001000000000
000000000000000000000000000	0001000000010000000000	000000000000000	00000000000000	001000000000000001	000000000000000000
000010000001000010001000000	0000000011001000000000	000001000110001	00000001000000	000000000000001010	100000001000000000
000000000000000000100000000	1000000000000000000010	000000000000000	00001000000000	000000000000000000	000000000000000000
000000000000000000000000000	0001000000000000000000	010000000000000	00000010000000	000000000000000000	000000000100000000
010100100000000000000100000	0100001000000000000000	000010000000000	00000000010010	100000000000100000	000000000000001010
000010000000000000000000000	0000000000001000000000	000000000010001	00000100000000	000000010000001010	100000001000000000
000000000000000000000000000	0001000000010000000000	000000000000000	00000000000000	001000000000000001	000000000000000000
000000000000000000000000000	0001000000000000000000	010100000000000	10000010000000	000000000000000000	000000000100000000
000000000000000000000000000	0001000000010000000000	000000000000000	00000000000000	001000000000000001	000000000000000000
100000010000000000000101100	0100000100000000000001	000010000000000	00100000011010	000000000000100000	000000000000001010
000010000001000010001000000	0000000011001000000000	000001000110001	00000001000000	000000000000001010	100000001000000000
000000000000000000000000000	0010000000100000110000	000000000000001	00000000000000	000000000000001010	100000000000010000
001000000000000000100000000	1000000000000000000010	000000000000000	00001000000000	000000000000000000	000000000000000000
000000100010000000000100000	0100000000000000000000	000010000000000	00000000110010	100000000000100000	000000000000001010
000000000000000000000000000	0001000000010000000000	000000000000000	00000000000001	000011000000000000	010100000000000000
000000000000000000000000000	0001000000010000000000	000000000000000	00000000000000	001000000000000001	000000000000000000
000010000000000010000000000	0000000000001000000000	000000000110001	00000001000000	000000000000001010	100000001000000000
100000010000000000000101100	0100000100000000000001	000010000000000	00100000011010	000000000000100000	000000000000001010
000000000000000000000000000	0001000000010000000000	000000000000000	00000000000000	001000000000000001	000000000000000000
000000000000000000000100010	0100000000000000000000	000010010001000	00000000010010	000000000000100000	000000000000001011
000010000000100000000000000	0000000000001000000000	001000000010001	00010000000000	000000000000001110	100000001000000000
000010000000000010001000000	0000000011001000000000	000001000110001	00000001000000	000000000000001010	100000001000000000
000000000000000000000000000	0001000000010000000000	000000000000000	00000000000000	001000000000000001	000000000000000000
