00001000000000000101	000001000000100000010	00000010000100000100101	0000000000000000	00000000000000000000000	000100011000000
00000000000000000000	010000000100000000000	00000000000000000000000	1100000000000000	00000000000000000000000	000000000000000
00000000000000000000	000000000100000000000	00000000000000000000000	1100000000000010	00000000000000000000000	000000000000001
00000000000000000000	000000000001000100000	00000000000000000000000	0000000001000000	00000000000000000000010	000000000000000
00001000000001000001	000001000000000010010	00000010000100000100101	0000000000000000	00000000000000000000000	000100010000000
00100100000000000000	000000000000000000000	00000000000000000010000	0000000000000000	00000000000000000000000	000000000001000
00100100000000000000	000000000000000000000	00000000000000000010000	0000000000000000	00000000000000000000000	000000000001000
00100100000000000000	000000000000000000000	00000000000000000010000	0000000000000000	00000000000000000000000	000000000001000
00000000000000000000	000000000001000100000	00000000000000000000000	0000000001000000	00000000000000000000010	000000000000000
00000000000000000001	000001000000000000010	00000010000100000100101	0000000000000000	00000000000000000000001	000100010000000
00000000000000000000	000000010001000100000	00000000000000000000000	0000000001000000	00000000000000000000010	000000000000000
10000000000100000000	000000000000000001000	00000000000000010000000	0000000011000000	00000000000000000000010	000000000000000
00000000000000000000	010000000100000000000	00000000000000000000000	1100000000010000	00000000000000000000000	000000000000000
00000001000000000000	000000010001000100000	00000000000000000000000	0000000001000000	00000000000000000001010	000000000000000
00000000000000000000	000000000100000000000	00000000000000000000000	1100000000000000	00000000000000000000000	000000100000000
00000000000000000000	000000000000000000000	00010000000000000000000	0000001000000000	00100000000000000000000	000000000100000
00000000000000000000	000000000100000000000	00000000000000000000000	1100000000000000	00000000000000000000000	000000000000000
00000000000000000000	000000000110010000000	00000000000000000000000	1100000000000001	00000000000000000000000	000001000000000
00000000001000000000	000000000100000000000	10000000000000000000000	1100000000000000	00000000000000000000000	000000000000000
00100100000000000000	000000000000000000000	00000000000000000011000	0000000000000000	00000000000000000000000	000000000001000
00000000000010000000	000000000000000000000	00000000010000000000000	0000001000000000	00100011000000000000000	000000000000000
00000000000000000000	000000000001000100000	00000000000000000000000	0000000001000000	00000000000000000000010	000000000000000
00000000000000000000	010000000100000000000	00000000000000000000000	1100000000000000	00000000000000000000000	000000000000000
00001000000000000001	000001000000000000010	00000010000100000100101	0000000000000000	00000000000000000010000	000100010000000
10000000000100000000	000000100000000001000	00000000000000010000000	0000000011000000	00000000000000000000010	000000000000000
00000000000000100000	000000000001000100000	00000000000000000000000	0000000001000000	00000000000000000000010	000000000000000
00000000000000000000	000000000100000000000	00000000000000000000000	1100000000000000	00000000000000000000000	000000000000000
00000000000000100000	000000000001000100000	00000000000000000000000	0000000001000000	00000000000000000000010	000000000000000
00000000000000000000	000000000100000000000	00000000000000000000000	1100000000000010	00000000000000000000000	000000000000001
00000000000000000000	000000000000000000000	00010000000000000000000	0000001000000000	00100000000100000000000	000000000100000
00001000000000000001	000001000000000000010	00000011000100000100101	0000000000000000	00000000100000000000000	000100010000000
00000000000000000000	000000000001000100000	00000100000000000000000	0000000001000000	00000000000000000000010	000000000000000
00000000000000000000	000000000100000000000	10000000000000000000000	1100000000000000	00000000000000000000000	000000000000000
10000010000100010000	000000000000000001000	00000000000000010000000	0000000011000000	00000000000000000000010	000000000000000
00000000000000000000	000000000100000000000	00000000000000000000000	1100000000000000	00000000000000000000000	000000100000000
00001000000000000001	000001000000000010010	00000010000100000100101	0000000000000000	00000000000000000000000	000100010000000
00000000000000100000	000000000001000100000	00000000000000000000000	0000000101000000	00000000000000000000010	000000000000000
00000000000000000000	000000000001000100000	00000100000000000000000	0000000001000000	00000000000000000000010	000000000000000
00001000000000000001	000001000000000000010	00000010000100001100101	0000000000000000	00010000000000000000000	000100010000000
00000000000000000000	000000000000000000000	00010000000000000000000	0000001000000000	00100000000000000000000	000000000100000
00000000000000000000	000000000000000000000	00000000000000000000000	0001000000000000	00000000000001000000000	000000000000100
00000000000000000000	000000000100000000000	00000000000000000000000	1100000000000000	00000000000000000000000	000000100000000
00001000000000000001	000001000000000000010	00000010000100001100101	0000000000000000	00010000000000000000000	000100010000000
00000000000000000000	000000000100000000000	10000000000000000000000	1100000000000000	00000000000000000000000	000000000000000
00000000000010000000	000000000000000000000	00000000010000000000000	0000001000000000	00100011000000000000000	000000000000000
10000000000000000000	000000000000000001000	00000000000000010000000	0000000011000000	00000000000000010000010	000000000000000
00001000000000000001	000001000000000000010	00000010000100001100101	0000000000000000	00010000000000000000000	000100010000000
00000000000010000000	000000000000000000000	00000000010000000000000	0000001000000000	00100011000000000000000	000000000000000
00000000000000100000	001000000001000100000	01000000000000000000000	0000000001000000	00000000000010000000010	000000000000000
00000001000000000000	000000010001000100000	00000000000000000000000	0000000001000000	00000000000000000001010	000000000000000
00000001000000000000	000000010001000100000	00000000000000000000000	0000000001000000	00000000000000000001010	000000000000000
00000000000010000000	000000000000000000000	00000000010000000000000	0000011000000000	00100011000000000000000	000000000000000
00001000000001000001	000001000000000010010	00000010000110000100101	0000000000000000	00000000000000000000000	000100010000000
00000000000000000000	000000000110010000000	00000000000000000000000	1100000000000001	00000000000000000000000	000001000000000
00000000000000000000	010000000100000000000	00000000100000000000000	1100000000000000	00000000000000000000000	000000000000000
00000000000000000000	000000000100000000000	10000000000000000000000	1100000000000000	00000000000000000000000	000000000000000
00000000000000000000	000000000100000000000	10000000000000000000000	1100000000000000	00000000000000000000000	000000000000000
00100100000000000000	000000000000000000000	00000000000000000010000	0000000000000000	00000000000000000000000	000000000001000
00000000000000000000	000000000110010000000	00000000000000000000000	1100000000000001	00000000000000000000000	000001000000000
00000000000000000000	000000000100000000000	00000000000000000000000	1100000000000000	00000000000000000000000	000000000000000
00001000000000001001	000001000000000000010	00000010000100000100101	0000000000000000	00000000000000000000000	000110010000000
00010000000000000000	000000000100000000000	00000000000000000000000	1100000000001000	00000000000000000000000	000000000000000
00000000000000000000	000000000100000000000	00000000000000000000000	1100000000000010	00000000000000000000000	000000000000001
00000000000000000000	000000000110010000000	00000000000000000000000	1100000000000001	00000000000000000000000	000001000000000
10000000000100000000	000000000000000001000	00000000000000010000000	0000000011000000	00000000000000000000010	000000000000000
00000000000000000000	000000000000000000000	00010000000000000000000	0000001000000000	00100000000100000000000	000000000100000
00001000000000000001	000001000000000000010	00000010000100001100101	0000000000000000	00010000000000000000000	000100010000000
00000000000000000000	000000000000000000000	00000000000001000000000	0010001000000000	00100000000000000000000	000000000000000
00000000000000000000	010000000100000000000	00000000000000000000000	1100000000000000	00000000000000000000000	000000000000000
00000000100000000010	000000000001000100000	00000000000000000000000	0000000001000100	00001100000000000000010	000000000000000
00000000000000000000	010000000100000000000	00000000100000000000000	1100000000000000	00000000000000000000000	000000000000000
00100100000000000000	000000000000000000000	00000000000000000011000	0000000000000000	00000000000000000000000	000000000001000
10000000000100000000	000000000000000001000	00000000000000010000000	0000000011000000	00000000000000000000010	000000000000000
00100100000000000000	000000000000000000000	00000000000000000010000	0000000000000000	00000000000000000000000	000000000001000
00001000000000000101	000001000000100000010	00000010000100000100101	0000000000000000	00000000000000000000000	000100011000000
00100100000000000000	000000000000000000000	00000000000000000010000	0000000000000000	00000000000000000000000	000000000001000
00000000000000100000	000000000001000100000	00000000000000000000000	0000000101000000	00000000000000000000010	000000000000000
10000000000000000000	000000000000000001000	00000000000000010000000	0000000011000000	00000000000000000000010	001000000000000
00000000000000000000	000000000100000000000	10000000000000000000000	1100000000000000	00000000000000000000000	000000000000000
00000000000000000001	000011000000000000010	00000010000100000100101	0000000000000000	00000000000000000000000	000100010000000
00000000000000100000	000000000001000100000	00000000000000000000000	0000000101000000	00000000000000000000010	000000000000000
10000000000000000000	000000000000000001000	00000000000000010000000	0000000011000000	00000000000000000000010	000000000000000
00001000000000000001	000001000000000000010	00000010000100000100101	0000000000000000	00000000000000100000000	000100010000000
00000000000000000000	000100000000000001100	00000000001000010000000	0000000001000000	00000000000000000000010	000000000000000
00100100000000000000	000000000000000000000	00000000000000000010000	0000000000000000	00000000000000000000000	000000000001000
00001000000000000101	000001000000100000010	00000010000100000100101	0000000000000000	00000000000000000000000	000100011000000
00100100000000000000	000000000000000000000	00000000000000000011000	0000000000000000	00000000000000000000000	000000000001000
00001000000000000001	000001000000000000010	00000011000100000100101	0000000000000000	00000000100000000000000	000100010000000
10000000000100000000	000000000000000001000	00000000000000010000000	0000000011000000	00000000000000000000010	000000000000000
00000000000000000000	010000000100000000000	00000000000000000000000	1100000000000000	00000000000000000000000	000000000000000
00000000000000000000	010000000100000000000	00000000000000000000000	1100000000000000	00000000000000000000000	000000000000000
00000000000000000000	000000000100000000000	00000000000000000000000	1100000000000000	00000000000000000000000	000000100000000
00000000000000000000	000000000100000000000	00000000000000000000000	1100000000000000	00000000000000000000000	000000000000000
00100100000000000000	000000000000000000000	00000000000000000010000	0000000000000000	00000000000000000000000	000000000001000
00001000000001000001	000001000000000010010	00000010000100000100101	0000000000000000	00000000000000000000000	000100010000000
00001000000000001001	000001000000000000010	00000010000100000100101	0000100000000000	00000000000000000000000	000110010000000
00000000000000000001	000011000000000000010	00000010000100000100101	0000000000000000	00000000000000000000000	000100010000000
00100100000000000000	000000000000000000000	00000000000000000010000	0000000000000000	00000000000000000000000	000000000001000
00000000000000000000	000000000110010000000	00000000000000000000000	1100000000000001	00000000000000000000000	000001000000000
00000000000000000000	100000001000000000001	00000000000000000000000	0000001000000000	00100000000000000000000	000000000100000
00000000000000000000	000000000110010000000	00000000000000000000000	1100000000000001	00000000000000000000000	000001000000000
10000000000000000000	000000000000000001000	00000000000000110000000	0000000011000000	00000000010000000100010	001000000000000
00100100000000000000	000000000000000000000	00000000000000000010000	0000000000000000	00000000000000000000000	000000000001000
10000000000000000000	000000000000000001000	00000000000000010000000	0000000011000000	00000000010000000000010	001000000000000
00000000000000000000	010000000100000000000	00000000000000000000000	1100000000000000	00000000000000000000000	000000000000000
00000000000000000000	010000000100000000000	00000000000000000000010	1100000000000000	00000000000000000000000	000000000000000
00000000100000000010	000000000001000100000	00000000000000000000000	0000000001000100	00001100000000000000010	000000000000000
00000000010000000000	000000000000001000000	00100000000000000000000	0001000000000000	00000000000001000000000	000000000000000
10000000000000000000	000000000000000001000	00000000000000110000000	0000000011000000	00000000010000000100010	001000000000000
00000000000000000000	000000000110010000000	00000000000000000000000	1100000000100001	00000000000000000000000	000001000000000
00000000000000000000	010000000100000000000	00000000000000000000000	1100000000000000	00000000000000000000000	000000000000000
00000000000000000000	000000000001000100000	00000000000000000000000	0000000001000000	00000000000000000000010	000000000000000
00000000000000000000	010000000100000000000	00000000000000000000010	1100000000000000	00000000000000000000000	000000000000000
00000000000000000000	010000000100000000000	00000000000000000000000	1100000000000000	00000000000000000000000	000000000000000
00000000000000000000	010000000100000000000	00000000000000000000010	1100000000000000	00000000000000000000000	000000000000000
00000000000000000000	000000000100000000000	00000000000000000000000	1100000000000010	00000000000000000000000	000000000000001
00100100000000000000	000000000000000000000	00000000000000000010000	0000000000000000	00000000000000000000000	000000000001000
00000000000000000000	000000000110010000000	00000000000000000000000	1100000000000001	00000000000000000000000	000001000000000
10000000000000000000	000000000000000001000	00000000000000010000000	0000000011000000	00000000000000000000010	001000000000000
00100100000000000000	000000000000000000000	00000000000000000010000	0000000000000000	00000000000000000000000	000000000001000
00000000000000000000	000000000001000100000	00000000000000000000000	0000000001000000	00000000000000000000010	000000000000000
00000000000000000000	000000000001000100000	00001000000000000000000	0000000001000000	00000000000000000000010	100000000010000
00000000000000000000	000000000000000000000	00010000000000000000000	0000001000000000	00100000000000000000000	000000000100000
00000000000000000001	000011000000000000010	00000010000100000100101	0000000000000000	00000000000000000000000	000100010000000
00000000000000000001	000001000000000000010	00000010000100000100101	0000000000000000	00000000000000000000001	000100010000000
00010000000000000000	000000000100000000000	00000000000000000000000	1100000000001000	00000000000000000000000	000000000000000
10000000000100000000	000000000000000001000	00000000000000010000000	0000000011000000	00000000000000000000010	010000000000010
10000000000000000000	000000000000000001000	00000000000000110000000	0000000011000000	00000000010000000100010	001000000000000
00000000000000000000	000000000000000000000	00010000000000000000000	0000001000000000	00100000000000000000000	000000000100000
00100100000000000000	000000000000000000000	00000000000000000010000	0000000000000000	00000000000000000000000	000000000001000
00001000000000000001	000001000000000000010	00000011000100000100101	0000000000000000	00000000101000000000000	000100010000000
10000000000100000000	000000000000000001000	00000000000000010000000	0000000011000000	00000000000000001000010	000000000000000
10000000000100000000	000000000000000001000	00000000000000010000000	0000000011000000	00000000000000000000010	000000000000000
00001000000000000001	000001000000000000010	00000011000100000100101	0000000000000000	00000000100000000000000	000100010000000
00000000000000000000	000000000100000000000	10000000000000000000000	1100000000000000	00000000000000000000000	000000000000000
10000000000000000000	000000000000000001000	00000000000000010000000	0000000011000000	00000000000000000000010	001000000000000
01100100000000000000	000000000000000000000	00000000000000000010000	0000000000000000	00000000000000000000000	000000000001000
00000000000000000000	000000000110010000000	00000000000000000000000	1100000000100001	00000000000000000000000	000001000000000
00000000000000000000	000100000000000001100	00000000001000010000000	0000000001000000	10000000000000000000010	000000000000000
00001000000000000001	000001000000000000010	00000010000100001100101	0000000000000000	00010000000000000000000	000100010000000
00010000000000000000	000000000100000000000	00000000000000000000000	1100000000001000	00000000000000000000000	000000000000000
00000000010000000000	000000000000001000000	00100000000000000000000	0001000000000000	00000000000001000000000	000000000000000
00001000000000000001	000001000000000010010	00000010000100000100101	0000000000000000	00000000000000000000000	000100010000000
00001000000000000001	000001000000000000010	00000010000100001100101	0000000000000000	01000000000000000000100	000100010000000
00000000000000100000	000000000001000100000	00000000000000000000000	0000000101000000	00000000000000000000010	000000000000000
00100100000000000000	000000000000000000000	00000000000000000010000	0000000000000000	00000000000000000000000	000000000001000
00000000000000000000	000000000001000100000	00000000000000000000000	0000000001000000	00000000000000000000010	000000000000000
00000000010000000000	000000000000001000000	00100000000000000000000	0001000000000000	00000000000001000000000	000000000000000
00100100000000000000	000000000000000000000	00000000000000000010000	0000000000000000	00000000000000000000000	000000000001000
00000000000000100000	000000000001000100000	00000000000000000000000	0000000001000000	00000000000000000000010	000000000000000
