000000	000000000	00100000000	0000001000	00	000010
010000	000000000	00000000000	0010000000	00	000000
000000	010000000	00000000000	0000000000	00	000000
000000	000000000	00000000000	0000000000	00	000000
000000	000000000	00000000000	0000000000	00	000000
000000	000000000	00000000000	0000000000	00	000000
000000	000000000	00000000000	0000000000	00	000000
000000	000000000	00000000000	0000000000	01	000000
100000	000000000	00000000000	0000000000	00	000000
000000	000000000	01000000000	0100000000	00	000000
000000	000000000	00000000000	0000000000	00	000000
000000	000000000	00000000000	0000000000	00	000000
000000	000000000	00010000000	0010000000	00	000000
000000	000000000	00000000000	0001000000	00	000000
000000	000000000	00000000000	0000000000	00	000000
000000	000000000	00000000000	0000000000	00	000000
000000	000000000	00000000000	0000000000	00	000000
000000	000000000	00000000000	0000000000	00	000000
000000	000000000	01000000000	0100000000	00	000000
000000	000000000	00000000100	0000000000	00	000000
000000	000010000	00000010000	0000000000	00	000000
000000	000000000	00000000000	0000000000	00	000000
000000	000010000	00000000000	0000000000	00	000000
000000	010000000	00000000000	0000000000	00	000000
000000	000000000	00100000000	0000001000	00	000010
000000	000000000	00000000000	0000000000	00	000000
000000	010000000	00000000000	0000000000	00	000000
000000	000000000	00000000000	0000000000	00	000001
100000	000000000	00000000000	0000000000	00	000000
000000	000010000	00000010000	0000000000	00	000000
000000	000000000	00100000000	0000001000	00	000010
000000	000000000	00000000000	0000000000	01	000000
000000	000000000	00000000000	0000000000	00	000000
000000	100000000	00000000000	0000000000	00	000000
000000	000000000	00000000000	0000000000	00	000000
000000	000000000	00000000000	0010000000	00	000000
000000	000000000	00000000000	0000000000	00	000000
000000	000000000	00000000000	0000000000	00	001000
000000	000000000	00000000000	0000000000	00	000001
000000	000000000	00000000000	0000000000	10	000000
000000	000000000	00000000000	0000000000	00	000000
000000	000000000	00000000000	0000000000	00	000000
000000	000000000	10000000000	0000000000	00	000000
000000	000000000	00000000000	1001000000	00	000000
000000	000000000	00000000000	0000000000	00	000000
001000	000000000	00000000000	0000000000	00	000100
000000	000000001	00000000000	0000010000	00	000000
000000	000000000	00001100000	0000000000	00	000000
000000	000010000	00000000000	0000000000	00	000000
000000	010000000	00000000000	0000000000	00	000000
001000	000000000	00000000000	0000000000	00	000100
000000	000000000	00000000000	0000000000	00	000000
000000	000000000	00000000000	0000000000	00	000000
000001	000000000	00000000000	0000000000	00	000000
000000	000000000	00000000000	0000000000	00	000001
000000	000000000	00000000000	0000000000	00	000000
000000	000000000	00000000000	0000000000	00	000000
000000	000000000	00000000000	0000000000	00	000000
000000	000000000	00000000000	0000000000	00	000000
000000	000000000	00001100000	0000000000	00	000000
000000	000100000	00000000000	0000000000	00	010000
100000	000000000	00000000000	0000000000	00	000000
000000	000000000	00000000000	0000000000	00	000000
000000	010000000	00000000000	0000000000	00	000000
000000	000000000	00000000000	0000000000	00	000000
000000	000000000	00000000000	0000000000	00	000000
000000	000000000	00000000000	0000000000	00	000000
000000	000000000	00000000000	0000000000	00	000000
000000	000000000	00000000000	0000000000	00	000000
000000	000000000	00000000000	0000000000	00	000000
100000	000000000	00000000000	0000000000	00	000000
000000	010000000	00000000000	0000000000	00	000000
000000	000000000	00000000000	0000000000	00	000000
000000	000001000	00000000000	0000000000	00	000000
000000	000000000	00000000000	0000000000	00	000000
000000	000000000	00000000000	0000000000	00	000000
000000	000000000	00000000000	0000000000	00	000000
000000	000000000	00000000000	0000000000	00	000000
000000	000000000	00000000000	0000000000	00	000000
000000	000000000	00000000000	0000000000	00	000000
100000	000000000	00000000000	0000000000	00	000000
000000	000000000	00000000000	0000000000	00	000000
000000	000000000	00000000000	0010000000	00	000000
000000	000000000	00000000000	0000000000	00	000000
000000	000000000	00000000000	0100000000	00	000000
000000	010000000	00000000000	0000000000	00	000000
000000	000000000	00000000000	0000000000	00	000000
000000	000000000	00000000000	0000000000	00	000000
000000	000000000	00000000000	0000000000	00	000000
000000	000000000	00000000000	0000000000	00	000000
000000	000000000	00000000000	0000000000	00	000000
000000	000000000	00000000000	0000000000	00	000000
000000	000000000	00000000000	0000000000	00	000000
000100	000000000	00000000000	0000000000	00	000000
000000	000000000	00000000000	0000000000	00	000000
000000	000000000	00000000000	0000000000	00	000000
000000	000000000	00000000000	0000000000	00	000000
000000	010000000	00000000000	0000000000	00	000000
000000	000000000	00000000000	0000000000	00	000001
000000	000000000	00000000000	0000000000	00	000000
000000	000000000	00000000000	0000000000	00	000000
000000	000000000	00000000000	0000000000	00	000000
000000	000000000	00000000000	0000000000	01	000000
000000	000000000	00000000000	0000100000	00	000000
000000	000000000	00000000000	0000000000	00	000000
000000	000000000	00000100000	0000000010	00	000000
000000	000000000	00000000100	0000000000	00	000000
000000	000000000	00000000000	0000000000	00	000000
000000	000000000	00000000000	0010000000	00	000000
100000	000000000	00000000000	0000000000	00	000000
000000	000000000	00000000000	0000000000	00	000000
000000	000000000	00000000000	0000000000	00	000000
000000	000100000	00000000000	0000000000	00	010000
000000	000000000	00000000000	0000000000	00	000000
000000	000000000	00000000000	0001000000	00	000000
000000	000000000	00000000000	0000000000	00	000000
000000	000000000	00000000000	0000000000	00	000000
000000	000000000	00000000000	0000000001	00	000001
100000	000000000	00000000000	0000000000	00	000000
000000	000000000	00000000000	0000000000	00	000001
000000	000000000	00000000000	0000000000	00	000000
000000	000000000	10000000000	0000000000	00	000000
000000	010000000	00000000000	0000000000	00	100000
000000	001000000	00000000000	0000000000	00	000000
000000	100000000	00000000000	0000000000	00	000000
000000	000000000	00000000000	0000000000	00	000000
000000	000000000	00001100000	0000000000	00	000000
000000	000000000	00000000000	0000000000	00	000000
000000	000000000	00000000000	0000000000	00	000000
000000	000000000	00001100000	0000000000	00	000000
000000	000000000	10000000000	0000000000	00	000000
010000	000000000	00000000000	0010000000	00	000000
000000	000000000	00000000000	0000000000	00	000000
000000	000000000	10000000000	0000000000	00	000000
000000	000000000	00000000000	0000000000	00	000000
000000	000000100	00000000000	0000000000	00	000000
000000	000000000	00000000000	0000000000	00	000000
000000	010000000	00000000000	0000000000	00	000000
000000	010000000	00000000000	0000000000	00	000000
000000	000000000	00000000000	0000000000	00	000000
000000	000000000	00000000000	0010000000	00	000000
000000	000000000	00000000000	0000000000	00	000000
000000	000000000	00000001011	0000000000	00	000000
000000	000000000	00000000000	0000000000	00	000000
000000	000000000	00000000000	0000000000	00	000000
000000	000000000	00000100000	0000000000	00	000000
001000	000000000	00000000000	0000000000	00	000100
000000	000000010	00000000000	0000000000	00	000000
000010	000000000	10000000000	0000000100	00	000000
000000	000000010	00000000000	0000000000	00	000000
