0000000	0000000	0000000	00000000000	00000000	0000000
0000000	0000000	0000000	00000000000	00000000	0000000
0000000	0000000	1000000	00000000000	00000000	0000000
0000000	0000000	0000000	00000000000	00000000	0000000
0000000	0000000	0000000	00000000000	00000000	0000000
0000000	0000000	0000000	00000000000	00000000	0000000
0000000	0000000	0000000	00000000000	00000000	0000000
0000000	0000000	0000000	10000000000	00000000	0000000
0000000	0000000	0000000	00000000010	00000000	0000000
0000000	0000000	0000100	00000000000	00000000	0000000
0000000	0000000	0000000	00000000000	01000000	0000000
0000000	0000000	0000100	00000000000	00000000	0000000
0000000	0000000	0000010	00000000000	00000000	0000000
0000000	0000000	0000000	00000000000	00000000	0000000
1000000	0000000	0000000	00000000000	00000000	0000000
0000100	0000000	0000000	00001000000	00000000	0000000
0000000	0000000	0000000	00000000000	00000000	0000000
0000000	0000000	0000000	00000000000	00000000	0000000
0000000	0000000	0000000	00000000000	00000000	0000000
0000000	0001000	0000000	00000000000	00000000	0000000
0000010	0000000	0000000	00000000000	00000000	0000000
0000000	0000000	0000000	10000000000	00000000	0000000
0000000	0000000	0000000	00000000000	00000000	0000000
0000000	0000000	0000000	00000000000	00000000	0000000
0000000	0000000	0000000	00000000000	00000000	0000000
0000000	0000000	0000000	00000000000	00000000	0000000
0000000	0000000	0000000	00000010010	00000000	0000000
0000000	0000000	0000000	00000000000	00000000	0000000
0000100	0000000	0000000	00001000000	00000000	0000000
0000000	0000000	0000001	00000000000	00000000	0000000
0000000	0000000	0000000	00000000000	00000000	0000000
0000000	0000000	0000000	00000000000	00000000	0000000
0000000	0000000	0000000	00000000000	00000000	0000000
0000000	0000000	0000000	00000000000	00000000	0000001
0000000	0000000	0000000	00000000100	00000000	0000000
0000000	0000000	0000000	00000000000	00000000	0000000
0010000	0000000	0000000	00000000000	00000001	0000000
0000000	0000000	0000000	00000000000	00000000	0100010
0000000	0000000	0000000	00000000000	00000000	0000000
0000000	0000000	0000000	00000000000	00000000	0000000
0000000	0000000	0000000	00000000010	00000000	0000000
0000000	0000000	0000000	00000000000	00000000	0000000
0000000	0000000	0000000	00000000000	00000000	0000000
0000001	0000000	0000000	00000000000	00000000	0000000
0000000	0000000	0000000	00000000000	00000000	0000000
0000000	0000000	0000000	00000000000	00000000	0000000
0000000	0000000	0000000	00000000000	00000010	0000000
0000000	0000000	0000000	00000000000	00000000	0000000
0000000	0000000	0000000	00000000000	00000000	0000000
0000000	0000000	0000000	00110000000	00000000	0000000
0000000	0000000	0000000	00000000000	00000000	0000000
0000000	0000000	0000000	00000000000	00000000	0000000
0000000	0000000	0000000	00000000000	00000000	0000000
0000000	0000000	0000000	00000000000	00000000	0000000
0000000	0000000	0000000	00000000100	00000000	0000000
0000000	0000100	0000000	00000000000	00000000	1000000
0000000	0000000	0000000	00000000000	00000000	0000001
0010000	0000000	0000000	00000000000	00000001	0000000
0000000	0000000	0000000	00000000000	00000000	0000000
0000000	0000000	0000000	00000100001	00000000	0000000
0000000	0000000	0000000	00000001000	00010000	0000000
0000000	0000001	0000000	00000000000	00000000	0000000
0000000	0000000	0000000	00000001000	00010000	0000000
0010000	0000000	0000000	00000000000	00000001	0000000
0000000	0000000	0000000	00000000000	00000000	0000000
0000000	0000000	0000000	00000000000	00000000	0000000
0000000	1000000	0000000	00000000000	00000000	0000000
0000000	0000000	0000000	00000000000	00000000	0000000
0000000	0000000	0000000	00000000000	00000000	0000000
0000000	0000000	0000000	00000000000	00000000	0000000
0010000	0000000	0000000	00000000000	00000001	0000000
0000000	0000000	1000000	00000000000	00000000	0000000
0000000	0000000	0000000	00000000000	00000000	0000000
0000000	0000000	0000000	00000000000	00000000	0001000
0000000	0000010	0000000	00000000000	00000000	0000000
0000000	0000000	0000000	00000000000	00000000	0000000
0000000	0000000	0000000	00000000000	00000000	0000000
0000000	0000000	0000000	00000001000	00010000	0000000
0000000	0000000	0000000	00000000000	00100000	0000000
0000000	0000000	0000000	00000100001	00000000	0000000
0000000	0000000	0000000	00000000000	00000000	0000000
0000000	0000000	0000000	00000000000	00000000	0000000
0000000	0000000	0000010	00000000000	00000000	0000000
0000000	0000000	0000000	00000000000	00000000	0000000
0000000	0000000	0000000	00000000000	00000000	0000000
0000000	0000000	0000000	00000000000	00000000	0000000
0000000	0000000	0000000	00000000000	00000100	0000000
0000000	0000000	0000000	00000000000	00000000	0000000
0000000	0000000	0000000	00000000000	00000000	0000000
0000100	0000000	0000000	00001000000	00000000	0000000
0000000	0000000	0000000	00000000000	00000000	0000000
0010000	0000000	0000000	00000000000	00000001	0000000
0000000	0000000	0001000	01000000000	00000000	0000100
0000000	0000000	0000000	10000000000	00000000	0000000
0000000	0000000	0000000	00000000000	00000000	0000000
0000000	0000000	0000000	00000000000	00000000	0000000
0000000	0000000	0100000	00000100001	00000000	0000000
0000000	0000000	0000000	00000001000	00010000	0000000
0000000	0000010	0000000	00000000000	00000000	0000000
0000000	0000000	0000000	00000000000	00000000	0000000
0000000	0000000	0000001	00000000000	00000000	0000000
0000000	0000000	0100000	00000100001	00000000	0000000
0000000	0000000	1000000	00000000000	00000000	0000000
0000000	0001000	0000000	00000000000	00000000	0000000
0000000	0100000	0000000	10000000000	00000000	0000000
0000000	0000000	0000000	00000000000	00000000	0000000
0000000	0000000	0000000	00000000000	00000000	0000000
0000000	0000000	0000000	00000000000	00000000	0000001
0000000	0000000	0000000	00000000000	10000000	0000000
0000000	0000000	0000000	00000000000	00000000	0000000
0000000	0000000	0000000	00000000000	00000000	0000000
0000000	0000000	0000000	00000000000	00000000	0000000
0000000	0000010	0000000	00000000000	00000000	0000000
0000000	0000000	0000000	00000000000	00000000	0000000
0000000	0000000	0000000	00000000000	00000000	0000000
0000000	0010000	0000000	00001000000	00000000	0000000
0000000	0000000	0000000	00000000000	00001000	0000000
0000000	0000000	0000000	00000000000	00000000	0000000
0000000	0000000	0000000	00000000000	00000000	0000000
0000000	0000000	0000001	00000000000	00000000	0000000
0010000	0000000	0000000	00000000000	00000001	0000000
0000000	0000000	0000000	00000000000	00000000	0001000
0000000	0000000	0000000	00000000000	00000000	0000000
0000000	0000000	0000000	00000000000	00000000	0000001
0000000	0000000	0000000	00000000000	00000000	0000000
0000000	0000000	0000000	00000000000	00000000	0000000
0000000	0000000	0000000	00001000000	00000000	0000000
0000000	0000000	0000000	00000000000	00000000	0000001
0000000	0000000	0000000	00000000000	00000000	0000000
0000000	0000000	0000000	00000000000	00000000	0000000
0000000	0000000	0000000	00000000000	00000000	0000000
0000000	0000000	0100000	00000100001	00000000	0000000
0000000	0000000	1000000	00000000000	00000000	0000000
0000000	0000001	0000000	00000000000	00000000	0000000
0000000	0000010	0010000	00000000000	00000000	0000000
0000000	0000000	1000000	00000000000	00000000	0000000
0000000	0000010	0000000	00000000000	00000000	0000000
0000000	0001000	0000000	00000000000	00000000	0000000
0000000	0000000	0000000	00000000000	00000000	0000000
0000000	0000000	0000000	10000000000	00000000	0000000
0001000	0000000	0000000	00000000000	00000100	0000000
0000000	0000001	0000000	00000000000	00000000	0000000
0000000	0000000	0000000	00000000000	00000000	0000000
0000000	0000001	0000000	00000000000	00000000	0000000
0000000	0000000	0000000	00000000000	00000000	0000000
0000000	0000000	0000000	00000000000	00000000	0010010
0100000	0000000	0000000	00000000000	00000000	0000000
0000000	0000000	0000000	00000000010	00000000	0000000
0000000	0000000	0000000	00000000000	00000000	0000000
0000100	0000000	0000000	00001000000	00000000	0000000
