00	000000	00000000	0000000	00000000	000000000
00	000000	00000000	0000000	00000000	000000000
00	000000	00000000	0000000	00000000	000000000
00	000000	10000000	0000000	00000000	000000000
01	000000	00000000	0000100	00000000	000000001
00	000000	00100000	0000000	00000000	000000000
00	000000	00000000	0000000	00000000	000000000
00	000000	00000000	0000000	00000000	000000000
00	000000	00000000	0000000	00001000	000000000
00	000000	00000000	0000000	00000000	000000000
00	000000	00000000	0000000	00000000	000000000
10	000000	00000000	0000000	00000000	000000000
00	000000	00000000	0000000	00001000	000000000
00	000100	00000000	0000000	00000000	000000000
00	000000	00000000	0000000	00100000	000000000
00	000000	00000000	0000000	00000000	000000000
00	000010	00000010	0000000	00000000	000000010
00	000000	00000000	0000000	00000000	000000000
00	000000	00000000	0000000	00001000	000000000
00	000000	00000100	0000000	00000000	000000000
00	000000	00000000	0000000	00000000	000000000
00	000000	00000000	0000000	00010000	000000000
00	000000	00000000	0000000	00000000	000000000
00	000000	00000000	0000000	00000000	000000000
00	000000	00100000	0000000	00000000	000000000
00	000000	00000000	0000000	00000000	000000000
10	000000	00000000	0000000	00000000	000000000
00	000000	00001000	0010000	00000000	000010000
00	000000	00000000	0000000	01000000	000010000
00	001000	00000000	0000000	00000000	100000000
00	000000	00000000	0000000	00000000	000000000
00	000000	00000000	0000000	00000000	000000000
10	000000	00000000	0000000	00000000	000000000
00	000000	00000000	0000000	00000000	010000000
00	000000	00000000	0000000	00000000	000000000
00	000000	00000000	0000000	00000000	000010000
00	000000	00000000	0000000	00000000	000000000
00	000000	00100000	0000000	00000000	000000000
00	000000	00000000	0000000	00000000	000000000
00	000000	00000000	0000000	00000000	000000000
00	000000	00000000	0000000	10000000	000100000
00	000000	00000000	0000010	00000000	000010000
00	000000	00000000	0000000	00000000	000010000
00	000010	00000010	0000000	00000000	000000010
00	000000	00000000	0000000	00000000	000010000
00	000000	00000000	0000000	00000000	000000000
00	000000	00000000	0000000	00000000	000000000
00	000000	00000000	0000000	00000000	000000000
00	000000	00000000	0000000	00000000	000000000
00	000001	00000000	0000000	00000000	000000000
00	000000	00000000	0000001	00000010	000000000
00	000000	00000000	0000000	00000000	000000000
00	000000	00000000	0000000	00000000	000000000
00	000000	00000000	0000000	00000000	000000000
00	000000	00010000	0000000	00000000	000000000
00	000000	01000000	0000000	00000000	000000000
00	000000	00000000	0000000	00000000	000000000
00	000000	00000000	0000000	00000000	000000000
00	000000	00000000	0000000	00000000	000000000
00	000000	00000000	0000000	00000000	000000000
00	000000	00000000	0000000	00000000	000000000
00	000000	00000000	0000000	00000000	000000000
00	000000	00000000	0000000	00000000	000000000
00	000000	00000000	0000000	00000000	000000000
00	000000	00000000	0000000	00000000	000000000
00	000000	00000000	0000000	00000000	000000000
00	000000	00000000	0000000	00000000	000000000
00	000000	00000000	0000001	00000010	000000000
00	000000	00000000	0000000	00000000	000000000
00	000000	00100000	0000000	00000000	000000000
10	000000	00000000	0000000	00000000	000000000
00	000000	00000000	0000000	00000000	000000000
00	000000	00000000	0000000	00000000	000000000
00	000000	00000000	0000000	00000000	000000000
10	000000	00000000	0000000	00000000	000000000
00	000000	00000000	0000000	00100000	000000000
10	000000	00000000	0000000	00000000	000000000
00	000000	00000000	0000000	00000000	000000000
00	000000	00000000	0000000	00000000	000000000
00	000000	00000100	0000000	00000000	000000000
00	000000	00000000	0000000	00000000	000000000
00	000000	00100000	0000000	00000000	000000000
00	100000	00000000	0000000	00000000	000000000
00	010000	00000000	0000000	00000000	000000000
00	000000	00000000	0000000	00000000	001000000
00	000000	00000000	0000000	00000000	000000000
00	000000	00000000	0000000	00000000	000000000
00	000000	00000000	0000000	00000000	000000000
00	000000	00000000	0000000	00001000	000000000
00	000000	00000000	0000000	00000000	000000000
00	000000	00000000	0000000	00000000	000000000
10	000000	00000000	0000000	00000000	000000000
00	000000	00000000	0000000	00000000	000000000
00	000000	00000000	0000000	00000000	000000000
00	000000	00000000	0000000	00000000	000000000
00	000000	00100000	0000000	00000000	000000000
00	000000	00000000	0000000	00000000	000000000
00	000000	00000000	0000000	00000000	000000000
00	000000	00000001	0000000	00000000	000000000
00	000000	00000000	0000000	00000000	000000000
00	000000	00000000	0001000	00000000	000000000
00	000000	00010000	0000000	00000000	000000000
10	000000	00000000	0000000	00000000	000000000
10	000000	00000000	0000000	00000000	000000000
00	000000	00000000	0000000	00000000	000000000
00	000000	00000000	0000000	00000000	001000000
00	000000	00000000	0000000	00000000	000000000
00	000000	00000000	0000000	00000000	000000000
01	000000	00000000	0000100	00000000	000000001
00	000001	00000000	0000000	00000000	000000000
00	000000	00000000	0000000	00000000	000010000
00	000000	00000000	0000000	00000000	000000000
00	000000	00000000	0000000	00000000	000000000
00	000000	00000000	0000000	00000000	000000000
00	000000	00000000	0000000	00000000	000000000
00	000000	00000000	0000000	00000000	000000000
00	000000	00000000	1000000	00000000	000001000
10	000000	00000000	0000000	00000000	000000000
00	000000	00000000	0000000	00000000	000000000
00	000000	00000000	0000000	00000000	000000000
00	000000	00000000	0000000	00000000	000000000
00	000000	00000000	0000000	00000000	000000000
00	000000	00000000	0000000	00000000	000000000
00	000000	00100000	0000000	00000000	000000000
00	000000	00000000	0000000	00000000	000000000
00	000000	00000000	0100000	00000001	000000000
00	000000	00000000	0000000	00000000	000000000
00	000001	00000000	0000000	00000000	000000000
00	000000	00000000	0000000	00000000	000000000
00	000000	00000000	0000000	00000000	000000000
00	000000	00000000	0000000	00000000	000000000
00	000000	00000000	0000000	00000000	010000000
00	000000	00000000	0000000	00000000	000000100
00	000000	00000000	0000000	00000000	000000000
00	000000	00000000	0000000	00000000	000000000
00	000000	00000000	0000000	00000000	000000000
00	100000	00000000	0000000	00000000	000000000
00	000000	00000000	0000000	00000000	000000000
00	000000	00000000	0000000	00000100	000000000
00	000000	00000000	0000000	00001000	000000000
00	000000	00000000	0000000	00000000	000000000
00	000010	00000010	0000000	00000000	000000010
00	000010	00000010	0000000	00000000	000000010
00	000000	00000000	0000000	00000100	000000000
00	000000	00000000	0000000	00000000	000000000
00	000000	00000000	0000000	00000000	000000000
00	000000	00000000	0000000	00000000	000000000
00	000000	00000000	0000000	00000000	000000000
00	000000	00000000	0000000	00000000	000000000
00	000000	00000000	0000000	00000000	000000000
