000000	000000000	010000	00001000	00000	00000
000000	000000000	000000	00000000	00000	00000
000000	000000000	000000	00000000	00010	00000
000000	000000001	000000	00000000	00000	00000
000000	000000000	000000	00000000	00000	00000
000000	000000000	000000	00000100	00000	00000
000000	000000000	000000	00000000	00000	00000
000000	000000000	000000	00000000	00000	00000
000000	000000000	000000	00000000	00000	00000
000000	000000000	000000	00000000	00000	00000
000000	000000000	000000	00000000	00000	00000
000000	000000001	000000	00000000	00000	00000
000000	000000000	000000	00000100	00000	00000
000100	000000000	000000	00000000	00000	00000
010000	000000000	000000	00000000	00000	00000
000000	000000000	010000	00000000	00000	00000
000000	000000000	000000	00000000	00000	00000
000000	010000000	000000	00000000	00000	00000
000000	000000000	000000	00000000	00000	00000
000000	000000000	000000	00000000	00000	00000
000000	000000000	000000	00000000	00000	00000
000000	000000000	000000	00000000	00000	00000
000000	000000000	000000	00000000	00000	00000
000000	010000000	000000	00000000	00000	00000
000000	000000000	000000	00000000	00100	00000
000000	010000000	000000	00000000	00000	00000
000000	000000000	000000	00000000	00000	00000
000000	000010000	000000	00000000	00000	00000
000000	000000000	000000	00000000	00000	00000
000000	000000000	000000	00000000	00101	00000
000000	000000000	000000	00000000	00000	00000
000000	000000000	000000	00000000	00000	00000
000000	000000000	000000	00000000	00000	00000
000000	000000000	010000	00000000	00000	00000
000000	000000000	000000	00000000	00000	00000
000000	000000000	010000	00000000	00000	00000
000000	000000000	000000	00000000	01000	00000
000000	000000000	000000	00000000	00000	00000
000000	000000000	000000	00000000	00000	00000
000000	000000000	000000	00000000	00000	00000
000000	000100000	000000	00000000	00000	00000
000000	000000001	000000	00000000	00000	00100
000000	000000000	000000	00000000	00000	00000
000000	000000000	000000	00000000	00000	00000
000000	000000000	000000	00000000	00000	00000
000000	000000000	000000	00000000	00000	00000
000000	000000000	010000	00000000	00000	00000
000000	000000000	000000	00000000	00000	00000
000000	000000000	000000	00000000	00000	00000
000000	000000000	000000	00000000	01000	00000
000000	001000000	000000	00000000	00000	00000
000000	000000000	000000	00000000	00000	00000
000000	000000000	000000	00000000	00000	00000
000000	000000000	000000	00000000	00100	00000
000000	000000000	000000	00000000	00000	00000
000000	000000000	000000	10000000	00000	00001
000000	000000000	000001	00000000	00000	00000
000000	000000000	000000	00000000	00000	00000
000000	000000000	000000	00000000	00000	00000
000000	000000000	000000	00000000	00101	00000
000000	000000000	000000	00000000	00000	00000
000000	000000000	000000	00000000	00000	00000
000000	000000000	000000	00000000	00000	00000
000000	000000000	000000	00000000	00000	00000
000000	000000000	000000	00000001	00000	10000
000000	000000000	000000	00000000	00000	00000
000000	000000000	000000	00000000	01000	00000
000000	000000000	000000	00000000	00000	00000
000000	010000000	000000	00000000	00000	00000
000000	000000000	000000	00000000	00000	00000
000000	010000000	000000	00000000	00000	00000
010000	000000000	000000	00000000	00000	00000
000000	000000000	000000	00000000	00000	00000
000000	000000000	000000	00000000	00000	00000
000000	000000000	000000	10000000	00000	00001
000000	000000000	010000	00000000	00000	00000
000000	000000000	000000	00000000	00000	00000
000000	000000000	000000	00000000	00000	00000
000000	000001000	000000	00000000	00000	00001
000000	000000000	000000	00000000	00000	00000
100000	000000000	000000	00000010	00000	00000
000000	000000000	000000	00000000	00000	00000
000000	000000000	010000	00000000	00000	00000
000000	000000000	000000	00000000	00000	00000
000000	001000000	000000	00000000	00000	00000
000000	000000000	000000	00010000	00000	00000
000000	000000000	000000	00000000	00000	00000
000000	000000000	000000	00000000	00000	00000
000000	010000000	000000	00000000	00000	00000
000000	000000100	000100	00000000	00000	00000
000000	000000000	000000	00000000	00000	01000
000000	000000001	000000	00000000	00000	00000
000000	000000000	000000	00000000	00000	00000
000000	000000000	000000	00000001	00000	10000
000000	010000000	000000	00000000	00000	00000
000000	000000000	000000	00000000	00000	00000
000000	000000000	000000	00000000	00000	00000
000000	000000000	000000	00000000	00000	00000
000000	000000000	000000	00000000	00000	00000
000000	000000000	000000	00000000	00000	00000
000000	000000000	100000	00000000	00000	00000
000000	000000000	000000	00000000	00000	00000
000000	000000000	000000	00000000	00000	00000
000000	001000000	000000	00000000	00000	00000
000000	000000000	000000	00000000	00000	00000
000000	000000000	000000	00000000	00000	00000
000000	000000000	000100	00000000	00000	00000
000000	000100000	000000	00000000	00000	00000
000000	100010000	000000	00000000	00000	00000
000000	000000000	000000	00010000	00000	00000
000000	000000000	010000	00000000	00000	00000
000000	000000010	000000	00000000	00000	00000
000000	000000000	000000	00000000	00000	00000
000000	000000001	000000	00000000	00000	00100
000000	000000000	000010	00000000	00000	00000
000000	000000000	000000	00000000	00000	00000
000000	000000000	010000	00000000	00000	00000
000000	000000000	000000	00000000	00000	00000
000000	000000000	000000	00000000	00000	00000
000000	000000000	010000	00000000	00000	00000
000000	000000000	000000	00000000	00000	00000
000000	000000000	000000	00000000	00000	00000
000000	000000000	000000	00000000	00101	00000
000011	000000000	000000	00000000	00000	00000
000011	000000000	000000	00000000	00000	00000
000000	000000000	000000	00000000	10000	00000
000011	000000000	000000	00000000	00000	00000
000000	000000000	000000	00000000	00000	00000
000000	000000000	000000	00000000	00000	00000
000000	000000000	000000	00000000	00000	00000
000000	000000000	000000	00000000	00100	00000
000000	000000000	000000	00000000	00010	00000
000000	000000000	000000	00000000	00000	00000
000000	000000000	000000	00000000	00000	00000
000000	000000000	000000	00000000	00000	00000
000000	000000000	000000	01000000	00000	00000
000000	000000000	000000	00000000	00000	00010
000000	000000000	000000	00000000	00000	00000
000100	000000000	000000	00000000	00000	00000
000000	000000001	000000	00000000	00000	00000
000000	000000000	001000	00100000	00000	00000
000000	000000000	000000	10000000	00000	00001
000000	000000000	000000	00000000	00000	00000
000000	000000000	000000	00000000	00000	00000
000000	000000000	000000	10000000	00000	00001
000000	000000000	000000	00000000	00000	00000
000000	000000000	010000	00000000	00000	00000
000000	000000000	000000	00000000	00000	00000
000000	000000000	000000	00000000	00000	00000
001000	000010000	000000	00000000	00000	00000
