010000000	00000000000000	00000000	000000	0000000	00000000
000000000	00000000000000	00000000	000000	0100000	00000000
000000000	00000000000000	00000000	000000	0000000	00000000
000000000	00000000000000	00000000	000001	0000000	00000000
001000000	00000100000000	00000000	010000	0000000	00000000
000000000	00000000000000	00000000	000000	0000000	00000000
000000000	00000000000000	00000000	000000	0000000	00000000
000000000	00000000000000	00000000	000000	0000000	00000000
000000000	00000000000000	00000000	000000	0000000	00000000
000000000	00000000000000	00000000	000000	0000000	00100000
000000000	00000000000000	00000000	000000	0000000	00000000
000000010	00000000000000	10000000	000000	0000000	00000010
000000000	00000000000000	00000000	000000	0000000	00000000
000000000	00000000000000	00000000	000000	0000000	00000000
000000000	00000000000000	00000000	000000	0000000	00000000
000000000	00000000000000	00000000	000000	0000000	00000000
000000000	00000000000000	00000000	000000	0000000	00000000
000000000	00000000000000	00000000	000000	0000000	00000000
000000000	00000000000000	00000000	000000	0000000	00000000
000000000	00000000000000	00000000	000000	0000000	00000000
000000000	00000000000000	00000000	000000	0000000	00000000
000000000	00000000000000	00000000	000000	0000000	00000000
000000000	00000000000000	00000000	000000	1000100	00000000
000000000	00000000000000	00000000	000000	0000000	00000000
000000000	00000000000000	00000000	000000	0001000	00000000
000000000	00000000000000	00000000	000000	0000000	00100000
000000000	00000000000000	00000000	000000	0000000	00000000
000000000	00000000000000	00000000	000000	0000000	00000000
000000000	00000000000000	00000000	000000	0000010	00000000
000000000	00000000000000	00000000	000000	0000000	00000000
000000000	00000000000000	00000000	000000	0000000	00000000
000000000	00000000000000	00000000	000000	0000000	00000000
000000000	00000000000000	00000000	000000	0000000	00100000
000000000	00000000000000	00000000	000000	0000000	00000000
000000000	00000000000000	00000000	000000	1000100	00000000
000000000	00000000000000	00000000	000000	0001000	00000000
000000000	00000000000000	00000000	000000	0000000	00000000
000000000	00000000000000	00000000	000000	0000000	00000000
000000000	00000000000010	00000000	000000	0000000	00000000
000000000	00000000000000	00000000	000000	0000000	00000000
000000010	00000000000000	10000000	000000	0000000	00000000
000000000	00000000000100	00000100	000000	0000000	00000000
000000000	00000000000000	00000000	100000	0000000	00000000
000000000	00001000000000	00000000	000000	0000000	00000000
001000000	00000000000000	00000000	010000	0000000	00000000
000000000	00000000000000	00000000	000000	0000000	10000100
000000000	00000000000000	00000000	000000	0000000	00000000
010000000	00000000000000	00000000	000000	0000000	00000000
000000000	00000000000000	00000000	000000	0000000	00000001
000000000	00000000000001	00000000	000000	0000000	00000000
000000000	00000000000000	00000000	000000	0000000	00000000
000000000	00000000000000	00000000	000000	0000000	00000000
000000000	00000000000000	00000000	000000	0000000	00000000
000000000	00000000000000	00000000	000000	0000000	00100000
000000000	00000000000000	00000000	000000	0000000	00000000
000000000	00000000000000	00000000	001000	0000000	00000000
000000000	00000000000000	00000000	000001	0000000	00000000
000000000	00000000000000	00000000	001000	0000000	00000000
000000000	00000000000000	00000000	000000	0000000	00000000
000000000	00000000000000	00000000	000000	0000000	00000000
001000000	00000000000000	00000000	010000	0000000	00000000
000000000	00000000000000	00000010	000000	0000000	00000000
000000000	00000010000000	00000000	000000	0000000	00000000
000000000	00000000000000	00000000	000000	0000000	00000000
000000000	00000000000000	00000000	000000	0000000	00001000
000000000	00000000000000	00000000	000000	0000000	00000000
000000000	00000000000000	00000000	000100	0000000	00010000
000000000	00000000000000	10000000	000000	0000000	00000000
000000000	00000000000000	00000000	000000	0000000	00000000
000000000	10000000000000	00000000	000000	0000000	00000000
000000000	00000000000000	00000000	000000	0000000	00000000
000000000	00000000000000	00000000	000000	0000000	00000000
000000000	00000000000000	00000000	000000	0001000	00000000
001000000	00000000000000	00000000	010000	0000000	00000000
000000000	00000000000000	00000000	000000	0100000	00000000
001000000	00000000000000	00000000	010000	0000000	00000000
000000000	00000000000000	00010000	000000	0000000	00000000
000000000	00000010000000	00000000	000000	0000000	00000000
000000000	00000000000000	01000000	000000	0000000	00000000
000000000	00000000000000	00000000	000000	0000000	00001000
000000000	00001000001000	00000000	000000	0000000	00000000
000000000	00000000000000	00000000	000000	0000000	00000000
000000000	00000000000000	00000000	000000	0000000	00000000
000000000	00000000000000	00000000	000000	0010000	00000000
000000000	00010000000000	00000000	000000	0000000	00000000
100010100	00000000000000	00000000	000000	0000000	00000000
000000000	00000000000000	00000000	000000	0000000	00100000
000000000	01000000000000	00000000	000000	0000000	00001000
010000000	00000000000000	00000000	000000	0000000	00000000
000000000	00000000000000	00000000	000000	0000000	00000000
000000000	00000000000000	00000000	000000	0000000	00000000
000000000	00000000000000	00000000	000000	0000000	00000000
000000000	00000000000000	00000000	000000	0000000	00000000
000000000	00000000000000	00000000	000000	0000000	00000000
000000000	00000000000010	00000000	000000	0000000	00000000
000000000	00000001000000	00000000	000010	0000000	00000000
000000000	00000000000000	00000001	000000	0000000	00000000
000000000	00000000000000	00000000	000000	0000000	00000000
000000000	00000000000000	00000000	000000	0000000	00000000
000000000	00000000000000	00000000	000000	0000000	00000000
000000000	00000000000000	00000000	000000	0000000	00000000
000000000	00000000000000	10000000	000000	0000000	00000000
000000000	00000000000000	00000000	000000	0000000	00000000
000001000	00000000000000	00000000	000000	0000000	00000000
000000000	00000000000000	00000000	000000	0000000	00000000
000000000	00000000000010	00000000	000000	0000000	00000000
000000000	00000000000000	00000000	000000	0000000	00100000
000000000	00000000000000	00000000	000000	0000000	00000000
000000001	00000000000000	00000000	000000	0000000	00000000
000000000	00000000000000	00000000	000000	0000000	00000000
000000000	00000000000000	00000000	000000	0000000	00000000
001000000	00000000000000	00000000	010000	0000000	00000000
000000000	00000000000000	00000000	000000	0000000	00001000
000000000	00000000100000	00100000	000000	0000000	00000000
000000000	00000000000001	00000000	000000	0000000	00000000
001000000	00000000000000	00000000	010000	0000000	00000000
000000000	00000000000000	00000000	000000	0000000	00000000
000000000	00000000000000	00000000	000000	0000000	00000000
000000000	00000000000000	00000000	000000	0001000	00000000
000000000	00100000010000	00000000	000000	0000000	00000000
000000000	00000000000000	00000000	000000	0000000	00000000
000000000	00000000000000	00000000	000000	0000000	01000000
000000000	00000000000000	00000000	000000	0000000	00000000
000000000	00000000000000	00000000	000000	0001000	00000000
000000000	00010000000000	00000000	000000	0000000	00000000
000000000	00000000000000	01000000	000000	0000000	00000000
000000000	00000000000000	00000000	000000	0000000	00000000
000000000	00000000000000	00000000	000000	0000000	00000000
000000000	00000000000000	00000000	000000	1000100	00000000
000000000	00000000000000	00000000	000000	0000000	00000000
000000000	00000000000000	00000000	000000	0000000	00000000
000000000	00100000010000	00000000	000000	0000000	00000000
000000000	00000000000000	00000000	000000	0000000	00000000
000000000	00000000000000	00000000	000000	0000000	00000000
000000000	00000000000000	00000000	000100	0000000	00010000
000000000	00000000000000	00000000	000000	0000000	00000000
000000000	00000000000000	01000000	000000	0000000	00000000
000000000	00000000000000	00000000	000000	0000000	00000000
000000000	00000000000000	00000000	000000	0000001	00000000
000000000	00000000000000	00000000	001000	0000000	00000000
000000000	00000000000000	00000000	000000	0000000	00000000
000000000	00000000000000	00000000	000000	0000000	00000000
000000000	00000000000000	00000000	000000	0001000	00000000
000000000	00000000000000	00000000	000000	0000000	00000000
000000000	00000000000000	01000000	000000	0000000	00000000
000000000	00000000000000	00000000	000000	1000100	00000000
000100000	00000000000000	00001000	000000	0000000	00000000
000000000	00000000000000	00000000	000000	0000000	00000000
000000000	00000000000000	00000000	000000	0000000	00000000
000000000	00000000000000	00000000	000100	0000000	00010000
