000000	0000000000000	0	000000000	0000000	00000000
000000	0000000000000	0	000000000	0000100	00000000
000000	0000000000000	0	000000000	0000000	00000000
000000	0000000000000	0	000000000	0000000	00000000
000000	0000000000000	0	000000000	0000000	00000000
001000	0000000000000	0	000001000	0000000	00000000
000000	0000000000000	0	000000000	0000000	00000000
000000	0000000000000	0	000000000	0000000	00000000
000000	0000000000000	0	000000000	0100000	00000000
000000	0000000000000	0	000000000	0000000	00000000
000000	0000000000000	0	000000000	0000000	00000100
000000	0001000000000	0	000000000	0010000	00000000
000000	0000000000000	0	000000000	0000000	00000000
000000	0000000000000	0	000000000	0000000	00000000
000010	0000000000000	0	000000000	0000000	00000000
000000	0000000000000	0	000000000	0000000	00000000
000010	0000000000000	0	000000000	0000000	00000000
000000	0000000000000	0	000000000	0000000	00000000
000000	0000000010000	0	000000000	0000000	00000000
000000	0001000000000	0	000000000	0010000	01000000
000000	0000000000000	0	000000000	0000000	00000000
000000	0000000000000	0	000000000	0000000	00000000
000000	0000000000000	0	000000000	0100000	00000000
000000	0010010000001	0	000000000	0000000	00000001
001000	0000000000000	0	000001000	0000000	00000000
000000	0000000000000	0	000000000	0000000	00000000
000000	0000000000000	0	000000000	0000000	10000000
000000	0000000000000	0	000000000	0000000	00000000
000000	0000000000000	0	000000000	0000000	00000000
000000	0000000000000	0	000000000	0000000	00000000
000000	0000000000000	0	000000100	0000000	00000000
000010	0000000000000	0	000000000	0000000	00000000
000000	0000000000000	0	000000000	0000000	00000000
000000	0000000000000	0	000000000	0000000	00000000
000000	0000000000000	0	000000000	0000000	00000000
000000	0000010000001	0	000000000	0000000	00000000
000000	0000000100000	0	000000000	0000000	00000000
000000	0000000000000	0	000000000	0100000	00000000
000000	0000000010000	0	000000000	0000000	00000000
000000	0000000000000	0	000000000	0000000	00000100
000000	0000010000001	0	000000000	0000000	00000000
000000	0000000000000	0	000000000	0000000	00000000
000000	0000000000000	0	000000000	0000000	00000000
000000	0000000000000	0	000000000	0000000	00000000
000000	0000000000000	0	000000000	0000000	00000000
000000	0000000000000	0	000000000	0000000	00000000
000000	0000000000000	0	000000000	0000000	00000000
001000	0000000000000	0	000001000	0000000	00000000
000000	0000000000000	0	000000000	0000000	00000000
000000	0000000000000	0	000000000	0000000	00000000
000000	0000000000000	0	000000000	0000000	00000000
000000	0000000000000	0	000000000	0000000	00000100
000000	0000000000000	0	000000010	0000000	00000000
000000	0000000000000	0	000000000	0000000	00000000
000000	0000000000000	0	000000000	0100010	00000000
000000	0000000000000	0	000000000	0000000	00000000
000000	0000000010000	0	000000000	0000000	00000000
000000	0000000000000	0	000000000	0000000	00100000
000000	0000000000000	0	000000000	0000000	00000000
000000	0000000000000	0	000000000	0000000	00000010
000000	0000000000000	0	000000000	0000000	00000000
000000	0000000000000	0	000000000	0000000	00000000
000000	0000000000000	0	000000000	0000000	00000000
000000	0000000000000	0	000000000	0000000	00000100
100000	0000000000000	0	000000001	0000000	00000000
000000	0000000000000	0	000000000	0000000	00000000
000000	0000000000000	0	000000000	0000000	00000000
000000	0000000000000	0	000000000	0000000	00000000
000000	0000100000000	0	000000000	0000000	00000000
000000	0000000000000	0	000000000	0000000	00000000
000000	0000000000000	0	000000000	0000000	00000100
000000	0000000000000	0	000000000	0000000	00000100
000000	0000000000000	0	000000000	0100000	00000000
000000	0000000000000	0	000000000	0000000	00000000
000000	0000000000000	0	000000000	0000000	00000000
000000	0000000000000	0	000000000	0100000	00000000
000000	0000000001000	0	000000000	0000000	00000000
000000	0000000000000	0	000000000	0000000	00000100
000000	0000000000000	0	000100000	0000000	00000000
000000	0000000000000	0	000000000	0000000	00000000
000000	0000000000000	0	000000000	0000000	00000100
000000	0000000010000	0	000000000	0000000	00000000
000000	0000000000000	0	000000000	0000000	00000000
000000	0000000000000	0	000000000	0000000	00000000
010001	0000000000000	0	000000000	0000000	00000000
000000	0000000000000	0	000000000	0000000	00000000
000000	0000000000000	0	000000000	0000000	00000000
000000	0000000000000	0	000000000	0000000	00000000
000000	0001000000000	0	000000000	0010000	00000000
000000	0000000000010	0	010000000	0000000	00000000
000000	0000000000000	0	000000000	0000000	00000100
000000	0000000000000	0	000000000	0000000	00000000
000000	0001000000000	0	000000000	0010000	00000000
000000	0000000000000	0	000000000	0000000	00000000
000000	0000000000000	0	000000000	0000001	00000000
010000	0000000000000	1	000000000	0000000	00000000
000000	0000000000000	0	000000000	0000000	00000000
000000	0000000000000	0	000000000	0000000	00010000
000000	0000000000000	0	000000000	0000000	00000000
000000	0000000000100	0	000001000	0000000	00000000
000000	0000000000000	0	000000000	0000000	00000000
000000	0000000000000	0	000000000	0000000	00000000
000000	0000000000000	0	000000000	0000000	00000000
000000	0000000000000	0	000000000	1000000	00000000
000000	0000000000000	0	000000000	0000000	00000000
000100	0100000000000	0	000000000	0000000	00000000
000000	0000000000000	0	000000000	0100000	00000000
000000	0000000000000	0	000000000	0000000	00000000
000000	0001000000000	0	000000000	0010000	00000000
000000	0001000000000	0	000000000	0010000	00000000
000000	0000000000000	0	000000000	0000000	00000000
000000	0000000000000	0	000000000	0000000	00000000
000000	0000100000000	0	000000000	0000000	00000000
000000	0000000000000	0	100000000	0000000	00000000
000000	0000000000010	0	010000000	0000000	00000000
000000	0000000000000	0	000010000	0001000	00000000
000000	1000000000000	0	000000000	0000000	00000000
000000	0000000000000	0	000000000	0000000	00000000
000000	0000000000000	0	000000000	0000000	00000000
000000	0000000000000	0	000000000	0000000	00000000
000000	0000000000000	0	000000000	0000000	00000000
000000	0000000000000	0	000000000	0000000	00000000
000000	0000000000000	0	000000000	0000000	00000000
000000	0000000000000	0	000000000	0000000	00000000
000000	0000000000000	0	000000000	0000000	00000100
000000	0000000000000	0	000000000	1000000	00000000
000000	0000000100000	0	000000000	0000000	00000000
000000	0000000000000	0	000000000	0000000	00000000
000000	0000000000000	0	000000000	0000000	00000000
000000	0000000000000	0	000000000	1000000	00000000
000000	0000000000000	0	000000000	0000000	00000000
000000	0000000000100	0	000001000	0000000	00000000
000000	0000000000000	0	000000000	0000000	00000000
000000	0000000000000	0	000000000	0000000	00000000
000000	0000000000000	0	000000000	0000000	00000000
000000	0000000000000	0	000000000	0000000	00000000
000000	0000000000000	0	000000010	0000000	00000000
000000	0000000000000	0	000000000	0000000	00000000
000000	0000000000000	0	000000000	0000000	00001000
000000	0000000100000	0	000000000	0000000	00000000
001000	0000000000000	0	000001000	0000000	00000000
000000	0001000000000	0	000000000	0010000	00000000
000000	0001000000000	0	000000000	0010000	00000000
000000	0000000000000	0	000000000	0000000	00000000
000000	0000000000000	0	001000000	0000000	00000000
000000	0000000000000	0	000000000	0000000	00000000
000000	0000000000000	0	000000000	0000000	00000000
000000	0000000000000	0	000000000	0000000	00000000
100000	0000000000000	0	000000000	0000000	00000000
000000	0000001000000	0	000000000	0000000	00000000
