0000000000000000	00000000000000	001000000000000000000	0000000000110000000100000000	0000000000000000000000	0000010000000000000
0000000100000000	00000000000000	000000000000000000000	0000000000000000000000000001	0000000000000000000000	0000001010000000000
0000000000010000	00000000000000	000000000000000000001	1000000001000000010001000000	0000000000000000000000	0000000000000000000
0000110000000001	00000000100000	000000000000011000000	0000000000000000000000000000	0000000000000000000000	0001000000000000000
0000000000000000	00000000000000	000000000000000000000	0000000000000000000000000000	0000000000000000000000	0000000000000000000
0000000100000000	00000000000000	000000000000000000000	0000000000000000000000000000	0000000000000000000000	0000001010000000000
0000000000000000	00000000000000	000000000000000000000	1000000001000000010000000000	0000000000000000000000	0000000000000000000
0000000000000000	00000000000000	000000000000000000000	0000000000000000000000000000	0000000000000000000000	0000000000000000000
0000000000000000	00000000000000	000000000000000000000	0000000000000000000000000000	0000000000000000000000	0000001010000000000
0000000000000000	00000000000000	000000000000000000000	0000000000000000000000000000	0000000000000000000000	0000000000000001000
0000000000000000	00000000000000	000000000000000000000	0000000000000000000000000000	0000000000000000000000	0000000000000000000
0000000000100000	00010000000000	000000000000000000000	1000000001000000010000000000	0000000000000000000000	1000000000000000000
0000000000000000	00000000000000	000000000000001000000	0000000000000000000000000000	0000000000000000000000	0000000000000000000
0000000000000000	00000000000000	000000000000001000000	0000000000000000000000000000	0000000000000000001000	0000000000000000000
0000000000000000	00000000000000	000000000000000000000	0000000000100000000000000000	0000000000000000000000	0100010000000000000
0000000000000000	00000000000000	000000010000000000000	0000000000000100000000000000	0000000000000000000000	0000000000000000000
0000000000000000	00000000000000	000000000000000000000	0000000000000000000000000000	0000000000000000000000	0000000000000000000
0000100000000001	00000000100000	000000000000001000100	0000000000000000000000000000	0000000000000000000100	0000000000000000000
0000000000000000	00000000000000	000000000000000000000	0000000000000000000000000000	0000000000000000000000	0000001010000000000
0000000000000000	00010000000100	000000000000000000000	1001000001000000010000000000	0000000001000000000000	1000000000000000000
0000000000000000	00000000000000	000000000000000000000	0000000000100000000100000000	0000000000000000000000	0000010000000000000
0000000000000000	00000000000000	000000000000000000000	0000000000000000000000000000	0000000000000000000000	0000100000000000000
0000000000000000	00000000000000	000000000000100000000	0000000000000000000000000000	0000100010000000010000	0000000000000000000
0000000000000000	00100000000000	000000000000000000000	0000000000000000000000000000	0000000000000000000000	0000000000000000000
0000000000000000	00000000000000	000000000000000000000	0000000000000000000000000000	0000000000000000000000	0000100000000000000
0000000000000000	00000000000000	000000000000000000000	0000000000000000000000000000	0000000000000000000000	0000000000000000000
0000000000000000	00000000000000	000000000000000000000	1000000001000000010000000000	0000000000000000000000	0000000000000000000
0000000000000000	00000000000000	000000000000000000000	0000000000100000000000000000	0000000000010000000000	0100010000000000000
0100000000000000	00000000000000	000000000000000000000	1000000001000000010000000000	0000000000000000000000	0000000000000000000
0000000100000000	00000000000000	000000000000000000000	0000010000000000000000000000	0000000000000000000000	0000001010000100000
0000000000000000	00000000000000	001000000000000000000	0000000000110000000100000000	0000000000000000000000	0000010000000000000
0000000000000000	00000000000000	001000000000000000000	0000000000110000000100000000	0000000000000000000000	0000010000000000000
0000000000000000	00000000000000	000000000000000000000	0000000000000001000000000000	0000000000000000000000	0000000000000000000
0000000000000000	00000000001000	000000001000000000000	0000000100000010000000000000	0100000000000001000000	0010000000000000000
0000000000000000	00000000000000	000000000000000000000	0000000000000000000000000000	0000000000000000000000	0000000000000000000
0000000000000000	00000000000000	000000000000000000000	0000000000000000000000000000	0000000000000100000000	0000000000000000000
0000100000000001	00000000100000	000000000000001000000	0000000000000000000000000000	0000000000000000000000	0000000000000000000
0000000000000000	00000000000000	000000000000000000000	0000000000000000000000000000	0000000000000000000000	0000000000000000000
0000100000000001	00000000100000	000000000000001000100	0000000000000000000000000000	0000000000000000000000	0000000000000000000
0000000000000000	00000000000001	000000000000000100000	0000000000000000000000000000	0000000000000000000001	0000000000000000001
0000100000000001	00000000100000	000000000000001000100	0000000000000000000000000000	0000000000000000000000	0000000000000000000
0000000000000010	00000000000010	000000100000000000000	0000000000000000000000000000	0000000000000000000000	0000000000000000010
0000000000000000	00000000000000	000000000000100000000	0000000000000000000000000000	0000100010000000010000	0000000000000000000
0000000000000000	00000000000000	000000000000000001000	0000000000000000000000000000	0000000000001000000000	0000000000000000000
0000000000000000	00000000000000	000000000000100000000	0000000000000000000000000000	0000100010000000010000	0000000000000000000
0000000000000000	00000000000000	000000000000000000000	0000000000000000000000000000	0000000000000000000000	0000001010000000000
0000000000000000	00000000000000	000000000000000000000	0000000000000000000000000000	0000000000000100000000	0000000000000000000
0000000000000000	00000000000000	000000000000000000000	1000000001000000010000000000	0000000000000000000000	0000000000000000000
0000000000000000	00000000000000	000000000000100000000	0000000000000000000000000000	0000100010000000010000	0000000000000000000
0000000000000000	00000000000000	000000000000000000000	0000000000000001000000000000	0000000000000000000000	0000000000000000000
0000000010000000	00000001010000	000000000000000000000	0000100000000000000000000000	0000000000000000000000	0000000000010000001
0000000000000000	00000000000000	000000000000000000000	0000000000000100000000000000	0000000000100000000000	0000000000000000000
0000000000000010	00000000000000	000000100000000000000	0000000000000000000000000000	0000000000000000000000	0000000000000000010
0000000000000010	00000000000010	000000100000000000000	0000000000000000000000000000	0000000000000000000000	0000000000000000010
0000000000000000	00000000000000	000000000000000000000	0000000000000000000000000000	0000000100000000000000	0000000000000000000
0000000000000000	00000000000000	000000000000000000000	0000000000100000000000000000	0000000000000000000000	0100010000000000000
0000000010000000	00000001010000	000000000000000000000	0000000000000000000000000000	0000000000000000000000	0000000000000000001
0000000010000000	00000001010000	000000000000000000000	0000000000000000000000000000	0000000000000000000000	0000000000000000001
0000000000000000	00000000000000	000000000000100000000	0000000000000000000000000000	0000100000000000000000	0000000000000000000
0000000000000000	00000000000000	000000000000001000000	0000000000000000000000000000	0000000000000000001000	0000000000000000000
0000000010000000	00000001010000	000000000000000000000	0000000000000000000000000000	0000000000000000000000	0000000000010000001
0000000000000000	00010000000000	000000000000000000000	1000000001000000010000000000	0000000000000000000000	1000000000000000000
0000000000000100	00000000000000	000000000000000000000	0000000000000001000000000000	0000000000000000000000	0000000000000000000
0000000000000000	00000000000000	000000000000000000000	0000000000000000000000000000	0000000000000000000000	0000000000000000000
0000100000000001	00000000100000	000000000000001000100	0000000000000000000000001000	0000000000000000000000	0000000000000000000
0000000000000000	00000000000000	000000000000100000000	0000000000000000000000000000	0000100010000000010000	0000000000000000000
0000000000000000	00000000000001	000000000000000100000	0000000000000000000000000000	0000000000000000000001	0000000000000000001
0000000000000000	00010000000000	000000000000000000000	1000000001000000010000000000	0000000000000000000000	1000000000000000000
0000000000000000	00010000000000	000000000000000000000	1000000001000000010000000000	0000000000000000000000	1000000000000000000
0000000000000000	00000000000000	000000000000100000000	0000000000000000000000000000	0000100010000000010000	0000000000000000000
0000000100000000	00000000000000	000000000000000000000	0100010000000000000000000000	0001000000000000000000	0000001010000000000
0000000000000000	00000000000000	000000000000000000000	0000000000000000000000000000	0010000000000000000000	0000000000000000000
0000100000000001	00000000100000	000000000000001000100	0000000000000000000000000000	0000000000000000000000	0000000000000000000
0000000000000000	00000000000000	000000000000100000000	0000000000000000000000000000	0000100010000000010000	0000000000000000000
0000000000000000	00000000000000	000000000000000000000	0000000000000000000000000000	0000010000000000000000	0000000000000000000
0000000000000000	00000000000000	000000000000000000000	0000000000000000000000000000	0000000000000000000000	0000100000000000000
0000000001000000	00000000000000	000000000000001000000	0000000000000000000000000000	0000000000000000001000	0000000000000000000
0000000010000000	00000001010000	000000000000000000000	0000000000000000000000000000	0000000000000000000000	0000000000000000001
0000100000000001	00001000100000	000000000000001000000	0000000010000000000000000000	0000000000000000000000	0000000000000000000
0000000000000000	00000000000000	000000000000000000000	0000000000100000001110000000	0000000000000000000000	0000010000000000000
0000000000000000	00000000000000	010000000000000000000	0000000000000000000000000000	0000000000000010000000	0000000000000000100
0010001000000000	00000000000000	000000000010000000000	0000000000000000000000100000	0000000000000000000000	0000000000000000000
0000000000000010	00000000000000	000000100000000000000	0000000000000000000000000000	0000000000000000000000	0000000000001000010
0000000000000000	00000000000000	000000000000000000000	0000000000000000000000000000	0000000000000000000000	0000000000000000000
0000000010000000	00000001010000	000000000000000000000	0000000000000000000000000000	0000000000000000000000	0000000100000000001
0000000000000000	00000000000000	000000000000000000000	0000000000000000000000000000	0000000000000000000000	0000100000000000000
0000000000010000	00000000000000	000000000000000000001	1000000001000000010001000000	0000000000000000000000	0000000000000000000
0000000000000000	00000000000000	000000000000000000000	0000000000000000000000000000	0000010000000000000000	0000000000000000000
0000100000000001	00000000100000	000000000000001000000	0000000000000000000000000000	0000000000000000000000	0000000000000000000
0000000000000000	00000000000000	000000000000000000000	0000000000000001100000000000	0000000000000000000000	0000000000000000000
0000000000010000	00000000000000	000000000000000000001	1000000001000000010001000000	0000000000000000000000	0000000000000000000
0000000100000000	00000000000000	000000000000000000000	0000010000000000000000000000	0000000000000000000000	0000001010000000000
0010001000000000	00000000000000	000000000000000000000	0000000000000000000000100000	0000000000000000000000	0000000000000000000
0000000000000000	00000000000000	000000000001001000000	0000000000000000000000000000	0000000000000000000000	0000000000000000000
0000000000000000	00000000000000	000000000000000000000	0000000000000000000000000000	0000000000000000000000	0000000000000000000
0000000000000000	00000000000000	000000000000100000000	0000000000000000000000000000	0000100010000000010000	0000000000000000000
0000000000000000	00000000000000	000000000000001000000	0000000000000000000000000000	0000000000000000000000	0000000000000000000
0000000000000000	00000010000000	100000000100000000000	0000000000000000000000000000	0000000000000000000000	0000000000000000000
0000000100000000	00000000000000	000000000000000000000	0000010000000000000000000000	0000000000000000000000	0000001010000000000
0000000000000000	00000000000000	010000000000000000000	0000000000000000000000000000	0000000000000010000000	0000000000000000100
0000000000000000	00000000000000	000000000000000000000	1000000001000000010000000000	0000000000000000000000	0000000000000000000
0001000000000000	00000000001000	000000001000000000000	0000000100000010000000000000	0100000000000001000000	0010000000000000000
0000000010000000	00000001010000	000000000000000000000	0000000000000000000000000000	0000000000000000000000	0000000000010000001
0000000000000000	00000000000000	000000000000000000000	0000000000001000000000000000	0010000000000000000000	0000000000000000000
0000000000000000	00000000000000	000000000000100000000	0000000000000000000000000000	0000100010000000010000	0000000000000000000
0000000000000000	00000000000000	000001000000000000000	0000000000000000000000000100	1000000000000000000000	0000000000000000000
0000000000000000	00000000000000	000000000000000000000	0000000000000000000000000000	0000000000000100000010	0000000000000000000
0000000010000000	00000001010000	000000000000000000000	0000000000000000000000000000	0000000000000000100000	0000000000000000001
0000000000000000	00000000000000	000000000000001000000	0000000000000000000000000000	0000000000000000000000	0000000000000000000
0000000000000000	00000000000000	000000000000000000000	0000000000000000000000000000	0000000000000000000000	0000100000000000000
0000000000000000	00000000000000	000000000000100000000	0000000000000000000000000000	0000100010000000010000	0000000000000000000
0000000000000000	00000000000000	000000010000000000000	0000000000000100000000000000	0000000000000000000000	0000000000000000000
0000000100000000	00000000000000	000000000000000000000	0000000000000000000000000000	0000000000000000000000	0000001010000000000
0000000000000000	00010000000000	000000000000000000000	1000000001000000010000000000	0000000000000000000000	1000000000000000000
0000000000000000	00000000000000	000000000000000000000	0000000000000000000000000000	0000000000000000000000	0000000000000000000
0000000000000000	00000000000000	000000000000000000010	0000000000000000000000000000	0000000000000000000000	0000000000000000000
0000000000000000	00000000000000	000000000000000000000	0000000000100000000100000000	0000001000000000000000	0000010000000000000
0000000000000010	00000000000000	000000100000000000000	0000000000000000000000000000	0000000000000000000000	0000000001000000010
0000000000010000	10000000000000	000000000000000000001	1000000001000000010001000000	0000000000000000000000	0000000000000000000
0000000000000000	00000000000000	010000000000000000000	0010000000000000000000010000	0000000000000010000000	0000000000000000100
0000000000000000	00000000000000	000000000000100000000	0000000000000000000000000000	0000100010000000010000	0000000000000000000
0000000100000000	00000000000000	000000000000000000000	0000000000000000000000000000	0000000000000000000000	0000001010000000000
0000000000000000	00000000000000	000000000000001000000	0000000000000000000000000000	0000000000000000001000	0000000000000000000
0000000000000000	00000000000000	000000000000000000000	0000000000000000000000000000	0000000000000000000000	0000000000000000000
0000000000000000	00000000000000	000000000000000000000	0000000000000000000000000000	0000000000000100000010	0000000000000000000
0000100000000001	00001000100000	000000000000001000000	0000000010000000000000000000	0000000000000000000000	0000000000000000000
0000000000000000	01010000000000	000010000000000000000	1000000001000000010000000000	0000000000000000000000	0000000000000000000
0000000100000000	00000000000000	000000000000000000000	0000010000000000000000000000	0000000000000000000000	0000001010000000000
0000000000000000	00000000000000	000000000000000010000	0000000000000000000000000000	0000000000000000000000	0000000000000000000
0000000000000000	00000000000000	000100000000000000000	0000001000100000000000000000	0000000000000000000000	0100010000000000000
0000000000000000	00000000000000	000000000000001000000	0000000000000000000000000000	0000000000000000000000	0000000000000000000
0000000000000010	00000000000000	000000100000000000000	0000000000000000000000000000	0000000000000000000000	0000000001000000010
0000000000010000	00000000000000	000000000000000000001	1000000001000000010001000000	0000000000000000000000	0000000000000000000
0000000000000000	00000000000000	000000000000000000010	0000000000000000000000000000	0000000000000000000000	0000000000000000000
0000000000000010	00000000000000	000000100000000000000	0000000000000000000000000000	0000000000000000000000	0000000001000000010
1000000000001000	00000000000000	000000000000000000000	0000000000000001000000000000	0000000000000000000000	0000000000000000000
0000000000000000	00000000000000	000000010000000000000	0000000000000100000000000000	0000000000000000000000	0000000000000000000
0000000000000000	00000010000000	100000000100000000000	0000000000000000000000000000	0000000000000000000000	0000000000000000000
0000000000000000	00000000000000	000000000000000000000	1000000001000000010000000000	0000000000000000000000	0000000000000000000
0100000000000000	00000000000000	000000000000000000000	1000000001000000010000000000	0000000000000000000000	0000000000000000000
0000000000000000	00000000000000	000000000000000000000	0000000000000000000000000000	0000000000000000000000	0000000000000010000
0000100000000001	00000000100000	000000000000001000100	0000000000000000000000000010	0000000000000000000000	0000000000000000000
0000000000000000	00010000000000	000000000000000000000	1000000001000000010000000000	0000000000000000000000	0000000000000000000
0000000000000000	00000000000000	000000000000000000000	0000000000000000000000000000	0000000000001000000000	0000000000100000000
0000000100000000	00000000000000	000000000000000000000	0000000000000000000000000000	0000000000000000000000	0000001010000000000
0000100000000001	00001000100000	000000000000001000000	0000000010000000000000000000	0000000000000000000000	0000000000000000000
0000000000000000	00100000000000	000000000000000000000	0000000000000000000000000000	0000000000000000000000	0000000000000000000
0000000010000000	00000001010000	000000000000000000000	0000000000000000000000000000	0000000000000000000000	0000000100000000001
0000000000000000	00000100000000	000000000000000000000	0000000000000000000000000000	0000000000000000000000	0000100000000000000
0000000010000000	00000001010000	000000000000000000000	0000000000000000000000000000	0000000000000000000000	0000000000010000001
