000000000000	000000000	000000000000000000	00000000000000	00000000000001	0000000010000
001000000000	000000000	000000000000001000	00000000000000	00000000000000	0000000000000
000000000000	000000000	000000000000000000	00000000000000	00100000000000	0101000000000
100000010000	000100000	000000010000010000	00000000000000	00000000000000	1010000000010
000000000000	000000000	000000000000000100	00000000000000	00000000000000	0000000000000
010000000000	000000000	001000000000000000	00100000000000	00000000000000	0000000000000
000000000010	000000000	000000000000000000	00000000000000	00000000001000	0000000000100
010010000000	000000000	001001000000000000	00100000000001	00000000000000	0000000000000
000000000010	000000000	000000000000000000	00000000000000	00000000001000	0000000000100
100000010000	100100000	000000010000010000	00000000000000	00000000000000	0000000000010
010000001000	000000000	001000000000000000	00100000000000	00000000000000	0000001000000
010100100100	000000000	001000000000000000	00110000000000	00000000000000	0000000000000
000000000000	000000000	000000000000000000	00000000000000	00000000000000	0000000010000
100000010000	000100000	000000010000010000	00000000000000	00000000000000	0010000000011
000000000010	000010001	000000000000000000	01000000000000	00000000001000	0000000000000
100000010000	000100000	000000010000010001	00000000000000	00000000000000	0000000000010
000000000000	000000000	000000000000000000	00000000000000	00000000000000	0000000000000
000000000000	000000000	000000000000000000	00000010000000	00000000000000	0000000010000
000000000000	000000000	000000000000000000	00000000000000	00000000000001	0000000010000
000000000010	000000000	000000000000000000	00000000000000	00000100001000	0000000000100
010100000100	000000000	001000000000000000	00100000000000	00000010000000	0000000000000
010100000100	000000000	001000000000000000	00110000000000	00000000000000	0000000000000
000000000000	000000000	000000000000000000	00000000000000	00000000000010	0000000000000
001000000000	000000000	000000000000001000	00001000000000	10000000000000	0000000000000
000000000000	000000000	000000000000000000	00000000000000	00000000100000	0000000000000
010000000000	000000000	001000000000000000	00100000000000	00000000000000	0000000000000
010100000100	000000000	001000000000000000	00100000000000	00000000000000	0000000000000
010100000100	000000000	001000000000000000	00110000000000	00000000000000	0000000000000
000000000000	000000000	000000000000000000	00000010000000	00000000000000	0000000010000
010000000000	000000000	001000000001000000	00100000000000	00000000000000	0000000000000
000000000000	000000000	000000000000000000	00000010000000	00000000000000	0000000010000
000000000010	000000000	000100100000000000	00000000000000	00011000001000	0000000000000
000000000000	000000000	000010000000100000	00000000000000	00000000010000	0000000001000
000000000000	000000000	000000000000000000	00000000000000	00100000000000	0101000000000
010000000000	000000000	001000000001000000	00100000000000	00000000000000	0000000000000
000000000000	000000000	000000000000000000	00000000000000	00000000000000	0000000010000
000000000000	000000000	000000000000000000	00000000000000	00000000000010	0000000000000
100000000000	000000000	000000010000000000	00000000000100	00000000000000	0000000100000
100000010000	000100000	000000010000010001	00000000000000	00000000000000	0000000000010
100000010001	000100000	000000010000010001	00000000000000	00000000000000	0000000000010
000000000000	000000000	000000000000000000	00000000000000	00000000000010	0000000000000
100000010000	100100000	000000010000010000	00000000000000	00000000000000	0000000000010
010000000000	000000000	001000000000000000	00100000000000	00000000000000	0000000000000
100000010000	100100000	000000010000010000	10000000000000	00000000000000	0000000000010
000000000000	000000000	000000000000000000	00000000000000	00000000000000	0000000000000
100000010000	000100000	000000010000010010	00000000000000	00000000000000	0010000000010
100000010000	000100000	000000010000010010	00000000000000	00000000000000	0010000000010
100000010000	100100000	000000010000010000	00000000000000	00000000000000	0000000000010
000000000000	000000000	000000000000000000	00000010000000	00000000000000	0000000010000
000000000000	000000000	000000000000000000	00000000000000	00000000000000	0000000010000
000000000010	000000010	000100100100000000	00000000000000	00011000001000	0000000000000
010000000000	000000000	001000000000000000	00100100000000	00000000000000	0000000000000
010000000000	000000000	001000000000000000	00100000000000	00000000000000	0000000000000
000000000000	000000000	000000000000000000	00000000000000	00000000000001	0000000010000
001000000000	000000000	000000000000001000	00000000000000	00000000000000	0000000000000
010000000000	000000000	001000000001000000	00100000000000	00000000000000	0000000000000
000000000000	000000000	000010000000100000	00000000000000	00000000010000	0000000001000
100000010000	100100000	000000011000010000	00000000000000	00000001000000	0000000000010
000000000000	000000000	000000000000000000	00000000000000	00000000000000	0000000000000
000000000000	000000000	000000000000000000	00000000000000	00000000000000	0000000010000
000000000000	000000000	000000000000000000	00000000000000	00000000000010	0000000000000
100000010000	100100000	000000010000010000	10000001000000	00000000000000	0000000000010
000000000000	000000000	000000000000000000	00000000000000	00000000000010	0000000000000
010100000100	000000000	001000000000000000	00110000000000	00000000000000	0000000000000
100000010000	100100000	000000010000010000	10000000000000	00000000000000	0000000000010
000000000000	000000000	000000000000000000	00000000000000	00000000000010	0000000000000
000000000010	000000000	000100100000000000	00000000000000	00011000001000	0000000000000
100000010000	000100000	000000010000010001	00000000000000	00000000000000	0000000000010
000000000000	000000000	000000000000000000	00000000000000	00000000100000	0000000000000
000000000000	000000000	000000000000000000	00000000000000	00000000000000	0000000010000
010010000000	000000000	001001000000000000	00100000000001	00000000000000	0000000000000
000000000010	000000000	000000000000000000	00000000000000	00000000001000	0000000000100
010000000000	000000000	001000000000000000	00100000000000	00000000000000	0000000000000
000000000000	000000000	000000000000000000	00000000000000	00000000000010	0000000000000
001000000000	000000000	000000000000000000	00000000000010	00000000000000	0000000000000
100000010000	100100000	000000010000010000	00000000000000	00000000000000	0000000000010
100000010000	000100000	000000010000010001	00000000000000	00000000000000	0000000000010
000000000000	000000000	000000000000000000	00000000000000	00000000000000	0000000000000
000000000010	000000000	000000000000000000	00000000000000	00000000001000	0000000000100
000000000000	000000000	000000000000000000	00000010000000	00000000000000	0000000010000
100000010000	000100000	000000010000010000	00000000000000	00000000000000	0010000000010
010000000000	000000000	001000000000000000	00100000000000	00000000000000	0000000000000
000000000010	000010001	000000000000000000	01000000000000	00000000001000	0000000000000
000000000010	000000010	000100100100000000	00000000000000	00011000001000	0000000000000
010010000000	000000000	001001000000000000	00100000000001	00000000000000	0000000000000
010000000000	000000000	001000000001000000	00100000000000	00000000000000	0000000000000
000000000000	000000000	000000000000000000	00000000000000	00000000000010	0000000000000
100000010000	000100000	000000010000010010	00000000000000	00000000000000	0010000000010
000000000010	000000000	000000000000000000	00000000000000	00000100001000	0000000000100
100000010000	000100000	000000010000010000	00000000000000	00000000000000	0010000000011
000000000000	000000000	000000000010000000	00000000000000	00000000000010	0000000000000
000000000010	000001000	000100000000000000	00000000000000	00011000001000	0000000000000
010000000000	000000000	001000000000000000	00100100001000	00000000000000	0000000000000
000000000000	000000000	000000000000000000	00000000000000	00000000000000	0000000000000
100000010000	000100000	000000010000010001	00000000000000	00000000000000	0000000000010
010000000000	000000000	001000000000000000	00100000000000	00000000000000	0000000000000
000000000000	000000000	000000000000000000	00000000000000	00000000000000	0000000010000
000000000000	000000000	010000000000000000	00000010000000	00000000000000	0000000010000
010000000000	000000000	001000000000000000	00100000000000	00000000000000	0000000000000
000001000000	000000100	000000000000000000	00000000000000	00000000000000	0000000000000
000000000010	010000000	000000000000000000	01000000000000	00000000001100	0000000000000
000000000000	000000000	000000000000000000	00000010000000	00000000000000	0000000010000
100000010000	000100000	000000010000010001	00000000000000	00000000000000	0000000000010
000000000000	000000000	000000000000000100	00000000000000	00000000000000	0000000000000
100000010000	000100000	000000010000010001	00000000000000	00000000000000	0000000000010
000000000000	000000000	000000000000000000	00000000000000	00000000000000	0000000000000
000000000000	000000000	010000000000000000	00000010000000	00000000000000	0000000010000
000000000000	000000000	000000000000000000	00000000000000	00100000000000	0101010000000
000000000010	000000000	000100100100000000	00000000000000	00011000001000	0000000000000
000000000000	000000000	000000000000000000	00000000010000	00100000000000	0101000000000
100000010000	000100000	000000010000010010	00000000000000	00000000000000	0010000000010
100000010000	000100000	000000010000010001	00000000000000	00000000000000	0000000000010
000000000000	000000000	100000000000000000	00000000000000	00000000000000	0000000010000
000000000000	000000000	000000000000000000	00000000000000	00000000000000	0000000010000
000000000000	000000000	000000000000000000	00000000000000	00000000000001	0000000010000
000000000000	000000000	000000000000000000	00000000000000	00000000000000	0000000010000
000000000010	000000000	000000000000000000	00000000000000	00000000001000	0000000000100
000000000000	000000000	000000000000000000	00000000000000	00000000000000	0000000000000
100000010000	000100000	000000010000010000	00000000000000	00000000000000	0000000000010
000000000000	000000000	000000000000000000	00000000000000	00000000000001	0000000010000
001000000000	000000000	000000000000000000	00000000000000	00000000000000	0000000000000
000000000000	000000000	000000000000000000	00000000000000	00000000000000	0000000010000
100000010000	000100000	000000010000010001	00000000000000	00000000000000	0000000000010
000000000000	000000000	000000000000000000	00000010000000	00000000000000	0000000010000
000000000000	000000000	000000000000000000	00000000000000	00000000000000	0000000010000
000000000000	000000000	000000000000000000	00000000000000	00000000000001	0000000010000
100000010000	100100000	000000010000010000	10000001000000	00000000000000	0000000000010
000000000000	000000000	000000000000000000	00000000000000	00000000000010	0000000000000
000000000000	000000000	000000000000000000	00000000000000	00000000000000	0000000000000
100000010000	000100000	000000010000010000	00000000000000	00000000000000	0000000000010
000000000000	000000000	000000000000000000	00000000000000	00000000000000	0000000010000
010000000000	000000000	001000000001000000	00100000000000	00000000000000	0000000000000
010000000000	000000000	001000000000000000	00100000000000	00000000000000	0000000000000
000000000000	000000000	000000000000000000	00000010000000	00000000000000	0000000010000
100000010000	000100000	000000010000010000	00000000100000	00000000000000	0000000000010
000000000010	010000000	000000000000000000	01000000000000	00000000001100	0000000000000
000000000000	000000000	000000000000000000	00000000000000	00100000000000	0101000000000
000000000000	000000000	000000000000000000	00000000000000	00000000000010	0000000000000
000000000010	000010001	000000000000000000	01000000000000	00000000001000	0000000000000
010000000000	000000000	001000000000000000	00100000000000	00000000000000	0000000000000
010000000000	000000000	001000000000000000	00100000000000	00000000000000	0000000000000
000000000010	010000000	000000000000000000	01000000000000	00000000001100	0000000000000
000000000000	000000000	000000000000000000	00000000000000	00100000000000	0101000000000
010000000000	001000000	001000000000000000	00100000000000	01000000000000	0000000000000
010100100100	000000000	001000000000000000	00110000000000	00000000000000	0000000000000
000000000000	000000000	000000000000000000	00000000000000	00000000000000	0000100010000
000000000010	000010001	000000000000000000	01000000000000	00000000001000	0000000000000
000000000010	000000000	000100100100000000	00000000000000	00011000001000	0000000000000
000000000000	000000000	000000000000000000	00000000000000	00000000000000	0000000000000
010000001000	000000000	001000000000000000	00100000000000	00000000000000	0000001000000
