00000000000000	00000000	00000000001000000000	0000000000000	000010000	00000000000000000000
00000000000000	00000100	01000000000000000000	0000100000000	000000000	00000000000000000000
00000000000000	00000000	00000010001000000000	0000000000000	000010000	00000000000000000000
00000000000000	00100100	01010000000000000000	0000000000001	000000000	00000010000000000000
00000100000010	00000000	00000000100000000000	0000000000000	000000000	00010000000000000000
00000000000000	00000000	00000000001000000000	0000000000000	000010000	00000000000000000000
00100000000000	00000000	10000000000000000000	0000000100000	000000000	00000000000000000001
00000000000000	00000100	01000000000000000000	0000100000000	000000000	00000000000000000000
00000000000000	00000100	01000000000000001000	0000100000000	010000000	00000000000000000000
00000000000000	00000000	00000000001000000000	0000000000000	000010000	00000000000000000000
00000000000000	00000000	00000000001000000000	0000000000000	000010000	00000000000000000000
00000000000000	00000000	00000000000000000000	0000000000010	000000000	01000000000000000000
00000000000000	00000100	01010000000000000000	0000000000000	000000000	00000000000000000000
00000000000000	00000000	00000000000000000000	0000000000000	000000000	01000000000000100000
00000000000000	00000000	00000000001000000000	0000000000000	000010000	00000000000000000000
00000000000000	00100100	01010000000000000000	0000000000001	000000000	00000010000000000000
00000000000000	00000101	01010000000000000000	0000000000000	000000000	00000000000000000000
00000000000000	00000000	00000000001000000000	0000000000000	000010000	00000000000000000000
00000000000000	00000100	01010000000000000000	0000000000000	000000000	00000000000000000000
00000000000000	00000000	00000000001000000000	0000000000000	000010000	00000000000000000000
00000000000000	00000000	00000000001000000000	0000000000000	000010000	00000000000000000000
00000000000001	00010010	00000000000000000000	0000000000000	000000000	10100001000000000000
00000000000000	00000100	01010000000000000000	0000000000000	000000000	00000000000000000000
10000000000000	00000000	00000000000000000000	0000000000000	000000000	00000000100000000000
00000000000000	01000000	00000000000000010000	1000000000000	000000000	00000000000000000000
00000000000000	00000000	00000000001000000000	0000000000000	000010000	00000000000000000000
00000000000000	00000000	00000000000000000000	0000000000000	100000100	00000000000000001010
00100000000000	00000000	10000000000000000000	0000000100000	000000000	00000000000000000001
00000000000000	00000100	01000000000000000000	0000100000000	000000000	00000000000000000000
00010000000000	00000000	00000000000000000000	0000000000000	000000000	00000000000000000000
00000000000000	00000100	01010000000000000000	0000000000001	000000000	00000000000000000000
00000000000000	00000100	01110000000000000000	0000000000101	000000000	00000000000000000000
00000000000000	00000000	00000000001000000000	0000000010000	000010000	00000000000000000000
01000000010000	00000000	00000000000000000000	0000000000000	000100010	00000000000000000000
00000000000000	00000100	01000000000000000000	0000100000000	000000000	00000000000000000000
00000000000000	00000100	01000000000000000000	0000100000000	000000000	00000000000000000000
00000000000000	00000100	01110000000000000000	0000000000101	000000000	00000000000000000000
00000000000000	00000101	01010000000000000000	0000000000000	000000000	00000000000000000000
00000000100000	00000100	01010000000000000000	0000000000001	000000000	00000000000000000000
00000000000000	00000000	00000010001000000000	0000000000000	000010000	00000000000000000000
00000010000000	00000000	00000000000000000000	0000000000000	000000000	01000000000000100000
00000000000000	00000000	00000000000000000000	0000000000000	000000000	01000000000000100000
00000000000000	00000010	00000000000000000000	0000000000000	000000000	00100000000000000000
00000000000000	10000000	00000000000010000000	0000000000000	000000000	00000000000000000000
00000000000000	00000000	00000000001000000000	0000000000000	000010000	00000000000000000000
00000100000010	00000000	00000000100000000000	0000000000000	000000000	00010000000000000000
00000000000000	00000000	00001000000000000010	0000000000000	000000000	01000000000000000000
00100000000000	00000000	10000000000000000000	0000000100000	000000000	00000000000000000001
00000000000000	00000000	00000000001000000000	0000000000000	000010000	00000000000000000000
00000000000000	00000100	01110000000000000000	0000000000101	000000000	00000000000000000000
00000000001000	00000000	00000000000001000000	0000000000000	000000000	01000000000000000000
00001000000000	00000000	00000000001000000000	0000000000000	000010000	00000000000000000000
00000000000000	00000100	01000000000000001001	0000100000000	010000000	00000000000000000100
00000000000000	00000100	01000000000000001000	0000100000000	010000000	00000000000000000100
00000000000000	01000000	00000000000000010000	1000000000000	000000000	00000000000000000000
00000000001000	00000000	00000000000001000000	0000000000000	000000000	01000000000000000000
00000000000000	00000000	00001000000000000010	0000000000000	000000000	01000000000000000000
00000000000000	00000100	01110000000000000000	0000000000001	000000000	00000000000000000000
00000000000100	00000000	00000000000000000000	0000010000000	000000000	00000000000000000000
00000000000000	00000100	01000000000000000000	0000100000000	000000000	00000000000000000000
00000000000001	00000010	00000000000000000000	0000000000000	000000000	00101000000000000000
00000000000000	00000100	01010000000000000000	0000000000001	000000000	00000000000000000000
00000000000000	00000101	01010000000000000000	0000000000000	000000000	00000000000000000000
00000000000000	00000000	00000000000000000000	0000000000000	000000000	01000000000000000000
00000000000000	00000000	00000001000000000000	0000000000000	000000000	01000000000000100000
00000000000000	01000000	00000000000000010000	1000000000000	000000000	00000000000000000000
00000000000000	00000100	01010000000000000000	0000000000001	000000000	00000000000010000000
00000000000000	00000000	00001000000000000010	0000000000000	000000000	01000000000000000000
00000000000000	00000101	01010000000000000000	0000000000000	000000000	00000000000000000000
00000000000000	00000010	00000000000000000000	0000000000000	000000000	00100000000000000000
00100000000000	00000000	10000000000000000000	0000000100000	000000000	00000000000000000001
00000000000000	00000100	01010000000000000000	0000000000001	000000000	00000010010000000000
00000000000000	00000000	00000000001000000000	0000000000000	000010000	00000000000000000000
00000000000000	00001000	00000000001000000000	0000000001000	000010000	00000000000000000000
00100000000000	00000000	10000000000000000000	0000000100000	000000000	00000000000000000001
00000000000000	00000000	00000010001000000000	0000000000000	000010000	00000000000000000000
00000000000000	00000000	00000000001000000000	0000000000000	000010000	00000000000000000000
00000000000000	00000100	01000000000000000000	0000100000000	000000000	00000000000000000000
00000000000000	00000100	01010000000000000000	0000000000000	000000000	00000000000000000000
00000000000000	00000100	01010000000000000000	0100000000001	000000000	00000000000000000000
00100000000000	00000000	10000000000000000000	0010000100000	000000000	00000000000000000001
00000000000000	00000100	01010000000000000000	0000000000000	000000000	00000000000000000000
00000000000000	00000010	00000100000100000000	0000000000000	000000000	00100000000000000000
00000000000000	00000100	01000000000000000000	0000100000000	000000000	00000000000000000000
00000000000000	01000000	00000000000000010000	1000000000000	001000001	00000000000100000000
00000100000010	00000000	00000000100000000000	0000000000000	000000000	00010000000000000000
00000000000000	00000100	01000000000000000000	0000100000000	000000000	00000000000000000000
00100000000000	00000000	10000000000000000000	0000000100000	000000000	00000000000000000001
00000000000000	00000100	01000000000000000000	0000100000000	000000000	00000000000000000000
00000001000000	00000000	00000000000000000000	0000001000000	100000000	00000100000000001000
00000000000000	01000000	00000000000000010000	1000000000000	000000000	00000000000000000000
00000000000000	00000000	00000000001000000000	0000000001000	000010000	00000000000000000000
00000000000000	00000000	00000000001000000000	0000000001000	000010000	00000000000000000000
00000000000000	00000000	00000000001000000000	0000000001000	000010000	00000000000000000000
10000000000000	00000000	00000000000000000100	0000000000000	000000000	00000000100000000000
00000000000000	00000000	00000000001000000000	0000000000000	000010000	00000000000000000000
00000000000000	00000000	00000000000000000000	0000000000000	100000000	00000000000000001010
00000000000001	00000010	00000000000000000000	0001000000000	000000000	00100000000000010000
00000000000000	00000100	01000000000000000000	0000100000000	000000000	00000000000000000000
00000000000000	00000100	01110000000000000000	0000000000001	000000000	00000000000000000000
00000000000000	00000100	01010000000000000000	0000000000001	000000000	00000000000010000000
00000001000000	00000000	00000000000000000000	0000001000000	100000000	00000100000000001000
00000000000000	00000100	01110000000000000000	0000000000001	000000000	00000000000000000000
00000000000000	00000100	01000000000000001000	0000100000000	010000000	00000000000000000000
01000000010000	00000000	00000000000000000000	0000000000000	000100010	00000000000000000000
00000000000000	00000100	01010000000000000000	0000000000001	000000000	00000000000000000000
00000000000000	00000100	01110000000000000000	0000000000001	000000000	00000000000000000000
00000000000000	00000100	01010000000000000000	0000000000001	000000000	00000010000000000000
00000000000000	00000010	00000100000000000000	0000000000000	000000000	00100000000000000000
00100000000000	00000000	10000000000000000000	0010000100000	000000000	00000000000000000001
00000000000000	00000000	00000000001000000000	0000000000000	000010000	00000000000000000000
00000000000000	01000000	00000000000000010000	1000000000000	000000000	00000000000000000000
00000000000000	00000100	01000000000000001000	0000100000000	010000000	00000000000000000100
00000000001000	00000000	00000000000001000000	0000000000000	000000000	01000000000000000000
00100000000000	00000000	10000000000000000000	0000000100000	000000000	00000000000000000001
00000000000000	00000000	00000000001000000000	0000000000000	000010000	00000000000000000000
00000010000000	00000000	00000000000000000000	0000000000000	000000000	01000000000000100000
00000000000000	01000000	00000000000000010000	1000000000000	000000000	00000000000000000000
00000000001000	00000000	00000000000001000000	0000000000000	000000000	01000000000000000000
00000000000000	00000100	01010000000000000000	0000000000000	000000000	00000000000000000000
00000000000000	01000000	00000000000000010000	1000000000000	000000000	00000000000000000000
00000000000000	00000100	01010000000000000000	0000000000001	000000000	00000000000010000000
00000000000000	00000000	00001000000000000010	0000000000000	000000000	01000000000000000000
01000000010000	00000000	00000000000000000000	0000000000000	000100010	00000000000000000000
00100000000000	00000000	10000000000000000000	0000000100000	000000000	00000000000000000001
00100000000000	00000000	10000000000000000000	0000000100000	000000000	00000000000000000001
00001000000000	00000000	00000000001000000000	0000000000000	000010000	00000000000000000000
00000000000000	00000100	01010000000000000000	0000000000000	000000000	00000000000000000000
00000000000000	00000000	00000010001000000000	0000000000000	000010000	00000000000000000000
00000000000000	00000000	00000000001000000000	0000000000000	000010000	00000000000000000000
00000000000000	00000100	01010000000000000000	0000000000001	000000000	00000000000010000000
00000000000000	00000100	01000000000000001000	0000100000000	000000000	00000000000000000000
00000000000001	00000010	00000000000000000000	0000000000000	000000000	00100000000000000000
00000000000000	00000000	00000000001000000000	0000000000000	000010000	00000000000000000000
00000000000000	00000000	00000000000000000000	0000000000000	100000000	00000000000000001010
00000000000000	00000000	00000000001000000000	0000000000000	000010000	00000000000000000000
00000000000001	00000010	00000000000000000000	0000000000000	000000000	00100000000001000000
00000000000000	00000000	00000000001000000000	0000000000000	000011000	00000000000000000000
00000000000000	00000000	00000000001000000000	0000000000000	000010000	00000000000000000000
00000000000000	00000100	01010000000000000000	0000000000000	000000000	00000000000000000000
00000000000000	00000000	00000000000000100000	0000000000000	100000000	00000000001000001010
00000000000000	00000000	00000000001000000000	0000000000000	000010000	00000000000000000000
00000000000000	00000000	00000000000000000000	0000000000000	100000000	00000000000000001010
00000000000000	00000000	00001000000000000010	0000000000000	000000000	01000000000000000000
00000000000000	00000100	01010000000000000000	0000000000001	000000000	00000000000000000000
00000000000000	00000000	00000000000000000000	0000000000000	000000000	01000000000000000000
00000000000000	00000000	00001000000000000010	0000000000000	000000000	01000000000000000000
00000000000000	00000000	00000000000000000000	0000000000000	000000000	01000000000000100000
00000000000000	10000000	00000000000010000000	0000000000000	000000000	00000000000000000000
00000000000000	00000100	01000000010000000000	0000100000000	000000000	00000000000000000000
