000000001010	00000000	0000000	00000000000000	00000000100000000	000000000000000000
000000000000	00000000	0100000	00000000000000	00000000000001000	000000000000000000
000000000000	00011100	0000000	00000000000000	00000000000000100	100100000000000000
000000000000	00000000	0000000	00000001010000	10000000000000000	000000000000000000
000000000000	00000000	0000000	00010000000100	00000100000000000	010000000000000000
000000000000	00000000	0000000	00000000000000	00000000000000000	000000000000000000
000000000000	00000000	0000000	10000010000000	00000000000000100	000100100000000000
000000000000	00000000	0000000	00000000010000	00000000000000000	000000000000000000
000000000000	00000000	0000010	00000000000000	00000000000000000	000000000000000000
000000000000	00000000	0000000	00000000000000	00000000000000000	000000000000000000
000000010000	00000000	0000000	00000000000000	00000000000000100	000100000000000000
000000000000	00000000	0100000	00000000000000	00000000000001000	000000000000000000
000000000000	00000000	0000000	00000000000000	00000000000000100	000100000100000000
000000000000	00000000	0000000	00000000000000	00000000000000100	000100000100000000
000000000000	00000000	0000010	00000000000000	00000000000000000	000000000000000000
000000000000	00000000	0000010	00000000000000	00000000000000000	000000000000000000
000000000000	00000000	0000000	00000000000000	00000000000000100	000100000100000000
000000000000	00000000	0000000	00000000000000	00000000000000000	000000000000000000
000000000000	00000000	0000000	00000010000000	00000000000000100	000100110000000000
000000010000	00000000	0000000	00000000000000	00000000000000110	000100000000000000
000000000000	00000000	0000000	00000001010000	10000000000000000	000000000000000000
000000001000	00000000	0000000	00000000000000	00000000100000000	000000000000000000
000000001000	00000000	0000000	00000000100000	00000000100000000	000000000000000000
000000000000	00000000	0000000	00000010000000	00000000000000100	000100110000000000
000000000000	00000000	0000000	00000000010000	00000000000000000	000000000000000000
000000000000	00000000	0000000	00000000000000	00000000000000100	000100000100000000
000000000000	00000000	0000000	00000001010000	10000000000000000	001000000000000000
000000000000	00000000	0000000	00000000010000	00000000000000000	000000000000000000
000000000000	00000000	0000010	00000000000000	00000000000000000	000000000000000000
000010100000	00000000	0000000	00000000000000	00000000000000100	000100000000000000
000000001000	00000000	0000000	00000000100000	00000000100000000	000000000000000000
000000000000	00000000	0000000	00000001010000	10000000000000000	000000000000000000
000000000000	00000000	0000000	00000000000000	00000000000000000	000000000000000000
000000000000	00000000	0000000	00010000000100	00000100000000000	010000000000000000
000000000000	00000000	0000000	00000001010000	10000000000000000	000000000000000000
000000010000	00000000	0000000	00000000000000	00000000000000100	000100000000000000
000000000000	00000000	0000000	00000000000000	00000000000000100	000100000100000000
000000000000	00000000	0000000	00000000000000	00000000000000000	000000000000000000
000000001000	00000000	0000000	00000000000000	00000000100000000	000001000000000000
001000000000	00000000	0000000	00000000000000	01000000000000000	000000000000000000
000010100000	00000000	0000000	00000000000000	00000000000000100	000100000010000000
000000000000	00000000	0000000	00000000000000	00000000000000000	000000000000000000
000000000000	01000000	0000001	00000000000000	00000001000000000	000000000000000000
000000000100	00000000	0000000	00000000000001	00000000000000000	000000000000000001
000000000000	00000000	0100000	00000000000000	00000000000001000	000000000000000000
000000000000	00000000	0000000	00000000000000	00000000010000000	000000000000000000
000000000001	00000000	0000000	00000000010000	00000000000000000	000000000000000000
000000000000	00000000	0100000	00000000000000	00000000000001000	000000000000000000
000000000000	00000000	0000010	00000000000000	00000000000000000	000000000000000000
000000000000	00000000	0100000	00000000000000	00000000000001000	000000000000000000
000000000000	00000000	0000000	00000000000000	00000000000100001	000000000000000000
000000001000	00000010	0000000	00000000100000	00000000100000000	000000000000000000
000000010000	00000000	0000000	00000000000000	00000000000000100	000100000000000000
000000010000	00000000	0000000	00000000000000	00000000000000100	000100000000000000
000000000000	00000000	0000000	00000000000000	00000000000000100	000100000100000000
000000000000	00000000	0000000	00000000000000	00000000000010000	000000000000001000
000000001000	00000010	0000000	00000000100000	00000000100000000	000000000000000000
000000001000	00000010	0000000	00000000100000	00000000100000000	000000000000000000
000000001000	00000000	0000000	00000000000000	00000000100000000	000001000000000000
000000001000	00000000	0000000	00000000100000	00000000100000000	000000000000000000
000000000000	00000000	0000010	00000000000000	00000000000000000	000000000000000000
000000001000	00000000	0000000	00000000000000	00000000100000000	000001000000000000
010000000000	00000000	0000000	00000000000000	00000000000000100	000100000000000000
000000000000	10000000	0000000	00000000000000	00000000000000000	000000000000000000
000000000000	00000000	0000010	00000000000000	00000000000000000	000000000000000000
000000000000	00000001	0000000	00000100000000	00000000000000000	000000000000000000
001000000000	00000000	0000000	00000000000000	01000000000000000	000000000000000000
000000010000	00000000	0000000	00000000000000	00000000000000100	000100000000000000
000000001000	00000000	0000000	00000000000010	00000000100000000	000000000000000000
000000000000	00000000	0000010	00000000000000	00000000001000000	000000000000000000
000000001000	00000000	0000000	00000000000000	00000000100000000	000000000000000000
000000000000	00000000	0000000	00000000010000	00000000000000000	000000000000000000
000000001000	00000000	0000000	00000000100000	00000000100000000	000000000000000000
000000001000	00000000	0010000	00000000100000	00001000100000000	000000000000000000
000000000000	00100000	0000000	00000000000000	00000000000000000	000000000001000000
000000000000	01000000	0000001	00000000000000	00000001000000000	000000001000000000
000000000000	00011100	0000000	00000000000000	00000000000000100	100100000000000000
000000001000	00000000	0000000	00000000100000	00000000100000000	000000000000000000
000000000000	00000000	0000010	00000000000000	00000000000000000	000000000000000000
000000000000	00000001	1000000	00000000000000	00000000000000000	000010000000000000
000000000000	01000000	0000001	00000000000000	00000001000000000	000000001000000000
000010100000	00000000	0000000	00000000000000	00000000000000100	000100000000000000
000000000000	00000000	0100000	00000000000000	00000000000001000	000000000000000000
000000001000	00000000	0000000	00000000000000	00000000100000000	000000000000000000
100000000000	00000000	0000000	00000000000000	00000000000000000	000000000000000100
000000000000	00000000	0000000	00000000000000	00100000000000000	000000000000000100
000000000000	00000000	0000000	10000010000000	00000000000000100	000100100000000000
001000000000	00000000	0000000	00000000000000	01000000000000000	000000000000000000
000000000000	00000000	0000010	00000000000000	00000000000000000	000000000000000000
000000000000	00000000	0000010	00000000000000	00000000000000000	000000000000000000
000000000000	00000000	0000000	00000000010000	00000000000000000	000000000000000000
000000000000	00000000	0000010	00000000000000	00000000000000000	000000000000000000
000000010000	00000000	0000000	00000000000000	00000000000000100	000100000000000000
000000000100	00000000	0000000	00000000000001	00000000000000000	000000000000000001
000000000000	00000000	0000010	00000000000000	00000000000000000	000000000000000000
000000000000	00000000	0000010	00000000000000	00000000000000000	000000000000000000
000000000000	01000000	0000001	00000000000000	00000001000000000	000000000000000000
001000000000	00000000	0000000	00000000000000	01000000000000000	000000000000000000
000000000000	00011100	0000000	00000000000000	00000000000000100	100100000000000000
000000000000	00000000	0000000	00000000010000	00000000000000000	000000000000000000
000000000000	00000000	0000010	00000000000000	00000000000000000	000000000000000000
000000000000	00000000	0000000	00001000000000	00000000000000000	000000000000010000
000000000000	00000000	0000000	00000000000000	00000000000000100	000100000100000000
000000000000	00000000	0000000	00000010000000	00000010000000100	000100100000000000
000000001000	00000000	0000000	00000000100000	00000000100000000	000000000000000000
000001001000	00000000	0000000	00000000100000	00000000100000000	000000000000000000
000000000000	00000000	0000000	00000000000000	00000000000000000	000000000000000000
000000000000	00000000	0000000	00000000000000	00000000010000000	000000000000000000
000000010000	00000000	0000000	00000000000000	00000000000000100	000100000000000000
000000000000	00000000	0000010	00000000000000	00000000000000000	000000000000000000
000000000000	00000000	0000000	10000010000000	00000000000000100	000100100000000010
001000000000	00000000	0000000	00000000000000	01000000000000000	000000000000000000
000000010000	00000000	0000000	00000000000000	00000000000000100	000100000000000000
000000001000	00000000	0000000	00000000100000	00000000100000000	000000000000000000
000000000000	00000000	0100000	00000000000000	00000000000001000	000000000000000000
000000010000	00000000	0000000	00000000000000	00000000000000100	000100000000000000
000000000000	00000000	0000000	00000000001000	00000000000000000	000000000000000000
000000000000	00000000	0000000	10000010000000	00000000000000100	000100100000000000
000000000000	00000000	0000010	00000000000000	00000000000000000	000000000000000000
000000010000	00000000	0000000	00100000000000	00000000000000100	000100000000000000
000000001000	00000000	0000000	00000000000000	00000000100000000	000000000000000000
000000000000	00000000	0001000	00000000000000	00000000000000000	000000000000000000
000000000000	00000000	0000000	00000000000000	00000000000000100	000100000100000000
000000001000	00000000	0000000	00000000100000	00000000100000000	000000000000000000
000000001000	00000000	0000000	00000000000000	00000000100000000	000001000000000000
000000000000	00000000	0000000	10000010000000	00000000000000100	000100100000000000
000000000000	00000000	0000000	10000010000000	00000000000000100	000100100000000000
000000000000	00000000	0000000	00000000010000	00000000000000000	000000000000000000
000000000000	00000000	0000000	00000010000000	00000000000000100	000100100000000000
000000001000	00000000	0000000	00000000100000	00000000100000000	000000000000000000
000000001000	00000000	0000000	00000000100000	00000000100000000	000000000000000000
000000001000	00000000	0000000	00000000000000	00000000100000000	000000000000000000
000000000000	00000000	0000000	01000010000000	00010000000000100	000100100000100000
000000000000	00000000	0000000	00000000000000	00000000000000000	000000000000000000
000000000000	00000000	0000000	00000000000000	00000000000000000	000000000000000000
000000001000	00000000	0000100	00000000000000	00000000100000000	000000000000000000
000000001000	00000000	0000000	00000000000000	00000000100000000	000000000000000000
000100000000	00000000	0000000	00000000000000	00000000000000000	000000000000000000
000000000000	00000000	0000000	10000010000000	00000000000000100	000100100000000000
000000001000	00000000	0000000	00000000000000	00000000100000000	000000000000000000
000000000000	00000000	0000000	00000000000000	00000000000000100	000100000100000000
000000000000	00000000	0000000	00000000000000	00100000000000000	000000000000000100
000000000000	00000000	0001000	00000000000000	00000000000000000	000000000000000000
000000010000	00000000	0000000	00000000000000	00000000000000100	000100000000000000
000000001000	00000000	0000000	00000000100000	00000000100000000	000000000000000000
000000000000	00000000	0000000	00000000000000	00000000000000000	000000000000010000
000000000100	00000000	0000000	00000000000001	00000000000000000	000000000000000001
000000000000	00000000	0000000	00000000000000	00000000000000100	000100000100000000
000000001000	00000000	0000000	00000000000000	00000000100000000	000000000000000000
000000000000	10000000	0000000	00000000000000	00000000000000000	000000000000000000
