0000000000000000000	000000000000000000	000001000100000000	100000000001000000	000000000000000	000000100000
0001000000000010000	000000000000000100	000000000000000000	000000000000000000	000000100000100	000000000000
0000000000000000000	000000000000000000	000000000000000000	000000000000000000	100000000000000	100000000000
0010000000000000000	000000000100000000	000000000000000000	000000000000000000	000000000000010	000000000000
0000000000000000010	000000000000000000	000000100000000000	000000000000000000	000000000000000	000010000100
0000000000000000000	000000000000000000	000001000000000000	100000000001000000	000000000000000	000000000000
0000000000000000000	000000000000000000	010000000000000010	000000000000000000	001010000000100	000000000000
0001000000000000000	000000000000100100	000000000000000000	000000000000000000	000000000000100	000000000000
0001000000000010000	000000000000000100	000000000000000000	000000000000000000	000000100000100	000000000000
0000000000000000000	100000000001000000	000000000001000000	000000000100000000	100000000000000	100000000000
0000000011000000000	000010000000000000	000000000000000000	000000000000010000	000000000000000	000000000000
0100000000000000000	000000000000000000	000001000000000000	000000000001100000	000000000000000	000000001000
0001000000000000000	000000000000100100	000000000000000000	000000000000000000	000000000000100	000000000000
0001000000000000000	000000000000000100	000000000000000000	000000000000000000	000000000000100	010000000000
0001000000000000000	000000000000000100	000000000000000000	000000000000000000	000000100000100	000000000001
0001000000000000000	000000000000100100	000000000000000000	000000000000000000	000000000000100	000000000000
0001000000000000000	000000000000100100	000000000000000000	000000000000000000	000000000000100	000000000000
0000000000000000000	000000000000000010	000000000000000000	000000000000000000	000000010000000	000000000000
0000000000000000000	000000000000000100	000000000000000000	000010000000000000	000000000000100	000000000000
0100000000000000000	000000000000000000	000001000000000000	000000000001100000	000000000000000	000000001000
0000000000000000000	000000000000000000	000000000000000000	000000000000000000	000000000001000	000000000000
0000000000000000001	010000000000000000	000001000000000100	100000100001000000	000000000000000	001000000000
0000000000000000000	000000000000000000	010000000000000010	000100000000000000	001010000000101	000000000000
0000000000000000000	100000000001000000	000000000001000000	000000000100000000	100000000000000	100000000000
0001000000000010000	000000000000000100	000000000000000000	000000000000000000	000000100000100	000000000000
0000000000010000000	000010000000000000	000000000000000000	000000000000000000	000000000000000	000000000000
0000000000000000000	000100000000000000	000000000000000000	000000000000000001	000000000000000	000000000000
0000000000000000000	000000000000000100	000000000000000000	000010000000000000	000000000000100	000000000000
0000000000000000000	000000000000000000	000000000000000000	000000000010000000	100000000000000	100000000000
0000000000000000000	000000000000000000	000001000100000000	100000000001000000	000000000000000	000001100000
0001000000000000000	000000000000000100	000000000000000000	000000000000000000	000000100000100	000000000001
1000000000000000000	000000000000000000	000000000000000000	000000000000000000	000000000000000	000000000000
0010000000000000000	000000000000000000	000000000000000000	000000000000000000	000000000000010	000000000000
0001000000000000000	000000000000000100	000000000000100000	000000000000000000	000000100000100	000000000000
0000000000000000000	100000000001000000	000000000001000000	000000000100000000	100000000000000	100000000000
0100000000000000000	000000000000000000	000001000000000000	000000000001100000	000000000000000	000000001000
0001000000000000000	000000001000000100	000000000010000000	000000000000000000	000000000000100	010000000000
0001000000000000000	000000000000000100	000000000000100000	000000000000000000	000000100000100	000000000000
0000010000000000000	001000000000000000	000011000000000000	100000000001000000	000000000000000	000000000000
0100000000000000000	000000000000000000	000001000000000000	000000000001100000	000000000000000	000000001000
0001000000000000000	000000000000000100	000000000000000000	000000000000000000	000000000000100	010000000000
0010000000000000000	000000000000000000	000000000000000000	000000000000000000	000000000000010	000000010000
0010000000000000000	000000000000000000	000000000000000000	000000000000000000	000000000000010	000000010000
0001000000000000000	000000000000000100	000000000000000000	000000000000000000	000000000000100	010000000000
0000000000000000000	000000000000000000	000000000000000000	000000000010000000	100000000000000	100000000000
0000000000000000000	000000000000010000	000000000000000000	000000000000000000	000001000001000	000000000000
0000000000000000000	000000000000000000	010000000000000010	000100000000000000	001010000000101	000000000000
0000000000000000000	000000000000000000	000000000000000000	000000000000000000	000000000000000	000010000100
0000000000000000000	000000000000000000	000001000000000000	100000000001000000	000000000000000	000000000000
0010000000000000000	000000000000000000	000000000000000000	000000000000000000	000000000000010	000000000000
0000000000000000000	000000000010000000	000000000000000000	000000000000000000	000000000000000	000000000000
0000000000000000000	000000000000000000	000000000000000000	000000000000000000	000000000000000	000000000000
0000100000000000000	000000000000000000	010000000000000010	000000000000000000	001010000000100	000000000000
0001000000000000000	000000000000000100	000000000000100000	000000000000000000	000000100000100	000000000000
0000000000000000000	000010000000000000	000000000000000000	000000000000001000	000000000000000	000000000000
0000000000000000000	000000000000000000	000001000000000000	000000000001100000	000000000000000	000000000000
0000000011000000000	000010000000000000	000000000000000000	000000000000010000	000000000000000	000100000000
0000000000000000000	100000000001000000	000000000001000000	000000000100000000	100000000000000	100000000000
0010000000000000000	000000000000000000	000000000000000000	000000000000000010	000000000000010	000000000000
0000000000000000000	000000000000000000	000000000000000000	010000000000000000	100000000000000	100000000000
0000000011000000000	000010000000000000	000000000000000000	000000000000010000	000000000000000	000100000000
0000000000000000000	000000000000000000	000000000000000000	000000000000000000	000000000001000	000000000000
0000000000000000000	000000000000000000	010000000000000010	000000000000000000	001010000000100	000000000000
0000000000000100000	000000000000000000	000000000000000000	001000000000000100	000000000000000	000000000010
0010000000000000000	000000000000000000	000000000000000000	000000000000000000	000000000000010	000000000000
0000000000000000000	000000000000000000	000001000000000000	100000000001000000	000000000000000	000000000000
0010000000000000000	000000000000000000	000000000000000000	000000000000000000	000000000000010	000000000000
0000000000000000000	000000000000000000	000000000000000001	000000000000000000	000000000100000	000000000000
0001000000000000000	000000000000100100	000000000000000000	000000000000000000	010000000000100	000000000000
0000000000000000000	000000000000000000	000000000000000000	000000000000000000	000000000000000	000010000100
0000000000000000000	000000000000000100	000000000000000000	000010000000000000	000100000000100	000000000000
0001001000000000000	000000000000000100	000000000000000000	000000000000000000	000000000000100	000000000000
0000000000000000000	000000000000000000	000001000000000100	100000100001000000	000000000000000	000000000000
0001000000000000000	000000000000100100	000000000000000000	000000000000000000	000000000000100	000000000000
0000000000000000000	000000000000000000	010000000000010010	000000000000000000	001010000000100	000000000000
0000000000000000000	000010010000000000	000000000000000000	000001000000000000	000000001000000	000000000000
0001000000000000000	000000000000000100	000000000000100000	000000000000000000	000000100000100	000000000000
0000000000000000100	000000100000000000	000000000000000000	001000000000000100	000000000000000	000000000010
0000000000000000000	000000000000000000	010000000000010010	000000000000000000	001010000000100	000000000000
0000000000000000000	000000000000000000	000000000000000000	010000000000000000	100000000000000	100000000000
0000000000000000000	000000000000000000	110000000000000010	000100000000000000	001010000000101	000000000000
0000000000000000000	000000000000000000	000100000000000000	000000000000000000	000000000000000	000000000000
0000000011000000000	000010000000000000	000000000000000000	000000000000010000	000000000000000	000100000000
0000000000000000010	000000000000000000	000000100000000000	000000000000000000	000000000000000	000010000100
0000000000000000000	000000000000000000	010000000000000010	000000000000000000	001010000000100	000000000000
0000000000000000000	000000000000000000	000000000000000000	000000000000000000	000000000000000	000010000100
0000000100000000000	000000000000000000	000001000000000000	000000000001100000	000000000000000	000000000000
0000000000000000000	000000000000000010	000000000000000000	000000000000000000	000000010000000	000000000000
0001000000000000000	000000000000100100	000000000000000000	000000000000000000	000000000000100	000000000000
0001000000000010000	000000000000000100	000000000000000000	000000000000000000	000000100000100	000000000000
0000000000000000010	000000000000000000	000000100000000000	000000000000000000	000000000000000	000010000100
0010000000000000000	000000000000000000	000000000000000000	000000000000000000	000000000000010	000000000000
0001000000000000000	000000000000000100	000000000000100000	000000000000000000	000000100000100	000000000000
0001000000000000000	000000000000000100	000000000000000000	000000000000000000	000000100000100	000000000001
0000000000000000000	000000000000000000	000001000000000000	100000000001000000	000000000000000	000000000000
0000000000000000000	000000000000000000	010000000000010010	000000000000000000	001010000000100	000000000000
0000000000000000000	000000000000000000	010000000000010010	000000000000000000	001010000000100	000000000000
0000000000000001000	000000000000000000	000000001000000000	000000001000000001	000000000000000	000000000000
0000000000000000000	000000000000000000	000000000000000000	010000000000000000	100000000000000	100000000000
0000000000000000000	000000000000000100	000000000000000000	000010000000000000	000000000000100	000000000000
0001000000000000000	000000000000000100	000000000000000000	000000000000000000	000000100000100	000000000000
0001000000000010000	000000000000000100	000000000000000000	000000000000000000	000000100000100	000000000000
0000000000000000000	000000000000000100	000000000000000000	000010000000000000	000000000000100	000000000000
0001000000000000000	000000000000000100	000000000000100000	000000000000000000	000000100000100	000000000000
0000000000000000000	000000000000000000	000000000000000000	000000000000000000	000000000000000	000010000100
0000000000000000000	000000000000000000	110000000000000010	000100000000000000	001010000000101	000000000000
0100000000000000000	000000000000000000	000001000000000000	000000000001100000	000000000000000	000000001000
0000000000000000000	000000000000000000	010000000000000010	000100000000000000	001010000000101	000000000000
0001000000000000000	000000000000000100	000000000000100000	000000000000000000	000000100000100	000000000000
0000000000000000000	000000000000000100	000000000000000000	000010000000000000	000000000000100	000000000000
0000000000001000000	000000000000000001	000000000000000000	000000000000000000	000000000000000	000000000000
0000000000000000000	000100000000000000	000000000000000000	000000000000000001	000000000000000	000000000000
0000000000000001000	000000000000000000	000000001000000000	000000001000000001	000000000000000	000000000000
0000000000000000000	000000000000000100	000000000000000000	000010000000000000	000000000000100	000000000000
0001000000000010000	000000000000000100	000000000000000000	000000000000000000	000000100000100	000000000000
0000000000000000000	000000000000010000	000000000000000000	000000000000000000	000001000001000	000000000000
0000000000000000000	000000000000000000	010000000000000010	000100000000000000	001010000000101	000000000000
0000000000000000000	000000000000000000	000000000000000000	000000000000000000	000000000000000	000000000000
0000000000000000000	000000000000000000	000000000000000000	000000000000000000	000000000000000	000010000100
0100000000000000000	000000000000000000	000001000000000000	000000000001100000	000000000000000	000000001000
0000100000000000000	000000000000000000	010000000000000010	000000000000000000	001010000000100	000000000000
0000000000000000000	000010010000000000	000000000000000000	000001000000000000	000000001000000	000000000000
0001000000000010000	000000000000000100	000000000000000000	000000000000000000	000000100000100	000000000000
0000000000000000000	000000000000000010	000000000000000000	000000000000000000	000000010000000	000000000000
0000000100000000000	000000000000000000	000001000000000000	000000000001100000	000000000000000	000000000000
0000000000000000000	000000000000000000	000000000000000000	010000000000000000	100000000000000	100000000000
0000000000000000000	000000000000000000	010000000000000010	000000000000000000	001010000000100	000000000000
0001000000000000000	000000000000100100	000000000000000000	000000000000000000	000000000000100	000000000000
0000000000000000000	000001000000000000	010000000000000010	000000000000000000	001010000000100	000000000000
0000000000000000000	000000000000000000	000001000000000000	100000000001000000	000000000000000	000000000000
0001000000100000000	000000001000000100	000000000000000000	000000000000000000	000000000000100	010000000000
0001000000000010000	000000000000000100	000000000000000000	000000000000000000	000000100000100	000000000000
0000000000000000000	000000000000000000	000000000000000000	001000000000000100	000000000000000	000000000010
0000000000000000000	000010010000000000	000000000000000000	000001000000000000	000000001000000	000000000000
0000000000000000000	000000000000000100	000000000000000000	000010000000000000	000000000000100	000000000000
0000000000000000000	000000000000000000	000001000000001000	100000000001000000	000000000000000	000000000000
0000000000000000000	000000000000000000	010000000000000010	000100000000000000	001010000000101	000000000000
0000000000000000000	000000000000000000	000001000000000000	100000000001000000	000000000000000	000000000000
0001000000000000000	000000000000000100	000000000000100000	000000000000000000	000000100000100	000000000000
0010000000000000000	000000000000000000	000000010000000000	000000000000000000	000000000000010	000000010000
0000000000000000000	000000000000000000	010000000000000010	000100000000000000	001010000000101	000000000000
0001000000000000000	000000000000000100	000000000000000000	000000000000000000	000000100000100	000000000001
0000000000000000000	000000000000000100	000000000000000000	000010000000000000	000100000000100	000000000000
0000000000000000000	000000000000000000	001000000000000000	000000000000000000	000000000000000	000010000100
0000000000000000000	000000000000000000	000000000000000000	000000000000000000	000000000000000	000000000000
0000000000000000000	000000000000001000	010000000000000010	000000010000000000	001010000000100	000000000000
0001000000000000000	000000000000000100	000000000000000000	000000000000000000	000000000000100	010000000000
0000000000000000000	000000000000000000	010000000000000010	000000000000000000	001010000000100	000000000000
0000000000000000000	000000000000000000	010000000000000010	000000010000000000	001010000000100	000000000000
0000000000000000000	000000000000000000	000000000000000000	000000000000000000	000000000010000	000000000000
