00000010000000000000000	000000000000000000000000	000000000000000000000000	00000000000100000000	0000000000000100000000000	00100000000000000000000
00000100000000000000000	000000101000000000000000	000000000000000000000000	00000000100000000000	0000000000001000000000000	00000000000000000000000
11000000000000000000000	000000000000000000000000	100000000000000000000000	00000000000000000000	1000000000000000000000000	00000000000000000000000
10000000000000000000000	000000000000001000000000	100001000100000000100000	00000000000000000000	1000000000000010000000000	00000000000000000000000
11000000000000000000000	000000000000000000000000	100000000000000000000000	00000000000000000000	1000000000000000000000000	00000000000000000000000
00000000000000000000000	000000000000100000000000	000000000000000000000000	00000000000000001010	0000000001000000000000000	00000000000000000000000
00000000000001000000000	000000000000000000000000	000000000000000000000000	00000000010000000000	0000001000000000000000000	01000000000000000000000
11000000000000000000000	000000000000000000000000	100000000000000000000000	00000000000000000000	1000000000000000000000000	00000000000000000000000
00000000000000000100000	000100000000000000000000	000000000000001000000000	00000000000000000100	0000000000000000000000100	00000000100000000001000
00000000000000000000000	000000000000010000010000	000000000000000000000000	00100000000000000000	0000000000000000000000000	00000000000001000000000
00000000000000000000000	000000000000000100000000	000000000000000000000000	00000000001000000000	0000000000010000000000000	00000000000000000010000
00000000000000000000000	000000000000010000010001	000000000000000000000000	00100000000000000000	0000000000000000000000001	00000000000001000000000
00000000000000000000000	000000000100010000010000	000000000000000000000000	00100000000000000000	0000000000000000010000000	00000000000001000000000
11000000000000000000000	000000000000000000000000	100000000000000000000000	00000000000000000000	1000000000000000000000000	00000000000000000000000
00000000000000000000000	000000000000000000000010	000000000000000000000000	00000000000000000000	0000000010000000000000000	00000000000000000000001
00000000100000000000000	000100000000000000000000	010000000000001000000000	00000000000000000100	0000100000000000000000100	10000100100100000000000
00000000000000000000000	000100000000000000000000	000000000000001000000000	00000000000000000100	0000000000000000000000100	00000000100000000000000
00000000000000000000000	000000000000000000000000	000000000000000010000100	00000010000000000001	0000000000000000000000010	00000000000000010000000
00000000000000000000000	010000000000000001001000	000000100000000000000001	00000000000000000000	0000000000000000100000000	00001000000000000000000
00000000000000000000000	000000000010000000000000	000000000000000000000010	00001000000000000000	0000000000000000000000000	00000000000000000000000
00000000000000000000000	000000000000000100000000	000000000000000000000000	00000000000000000000	0000000000000000000000000	00000000000000000010000
00000001000000000000000	000000000000000000000000	000000000000000000000000	00000000000000010000	0010000000000000000000000	00000000000000000000000
00000000000000000000000	000000000000000000000000	000000000000010010000000	01000000000000000000	0000000000000000000000000	00000000000000000000000
00000000000000000000000	010000000000000001001000	000000100000000000000001	00000000000000000000	0000000000000000100000000	00001000000000000000000
00000000000000000000000	000000000000000000000000	000000000000010010000000	01000000000000000000	0000000000000000000000000	00000000000000000000000
00000000001000000000000	000000000000000000000000	000000000000000010000100	00000010000000000001	0000000000000000000000010	00000000000000010000000
00000000000000000000010	000100000000000000000000	000000000000001000000000	00000000000000000100	0000000000000000000000100	00000000100000000000000
00000000000000000000000	000000000000100000000000	000000000000000000000000	00000001000000001010	0000000001000000000000000	00000000000000000000000
00000000000000000000000	000000000000000000000010	000010000000000000000000	00000000000000000000	0000000010000000000000000	00000000000000000000001
00000000000100000000000	000000000000000000000000	000000000000010010000000	00000000000010000000	0000000000000000000000000	00000000000000000000000
00001000000000000000000	000000000000010000010000	000000000000000000000000	00100000000000000000	0000000000000000000000000	00000000000001100000000
00000000000000000000100	000000000000000000000100	100000000000000000010000	00000000000000000000	1000000000000000000000000	00000000000000000000000
00000000000000000000000	000000000000100000000000	000000000000000000000000	00000000000000001010	0000000001000000000000000	00000000000000000000000
00000000000000000000000	100000000000000000000000	000000000000000000000000	00000000000000000000	0000000100000000000010000	00000000000000000000000
00000000000000000000000	000000000000000000000000	000000000000000010000100	00000010000001000001	0000000000000000000000010	00000000000000010000000
00000000000000000000001	000000000000000000000000	000000000000000000000000	00000000000000010000	0110000000000000000000000	00000000000000000000000
00000000110000000000000	000100000000000000000000	010000000000001000000000	00000000000000000100	0000100000000000000000100	00000100100100000000000
00000010000000000000000	000000000000000000000000	000000000000000000000000	00000000000100000000	0000000000000000000000000	00100000000000000000000
00000000000000000010000	000001000000000000000000	000000000000000000000000	00000000000000000000	0000000000000000000001000	00000000010000000000100
00000000000000000000000	000000000000000000000000	000000000000000010000100	00000010000001000001	0000000000000000000000010	00000000000000010000000
00000000000000000000000	000000000000000000000000	000000000000010010000000	01000000000000000000	0000000000000000000000000	00000000000000000000000
00000000000001000000000	000000000000000000000000	000000000000000000000000	00000000010000000000	0000001000000000000000000	01000000000000000000000
00000000000000000000000	000000000001000000000000	000000000001000000000000	00000000000000000000	0000000010000001000000000	00000000000000000000001
00000000000010000000000	000000000000010000010000	000000000000000000000000	00100000000000000000	0000000000000000000000000	00000000000001000000000
00000000000000000000000	000000000010000000000000	000000000000000000000010	00001000000000000000	0000000000000000000000000	00000000000000000000000
00000000000000000000000	000000000000000000000010	000000000000000000000000	00000000000000000000	0000000010000000000000000	00000000000000000000001
00000000000000000000000	010000000000000001001000	000000100000000000000001	00000000000000000000	0000000000000000100000000	00001000000000000000000
00000000000001000000000	000000000000000000000000	000000000000000000000000	00000000010000000000	0000001000000000000000000	01000000000000000000000
00000000000000000000000	010000000000000001001000	000000100000000000000001	00000000000000000000	0000000000000000100000000	00001000000000000000000
00000000000000000000000	000000000000010000000000	000000000010000000000000	00100000000000000000	0000000000000000000000000	00000000000001000000000
00000000000000000000000	000000000000000000000000	001000000000000010000100	00000010000000000001	0000000000000000000000010	00010000000000010000000
00000000000001000000000	000000000000000000000000	000000000000000000000000	00000000010000000000	0000001000000000000000000	01000000000000000000000
00000000000000000000100	000000000000000000000100	100000000000000000010000	00000000000000000000	1000000000000000000000000	00000000000000000000000
00000010000000000000000	000000000000000000000000	000000000000000000000000	00000000000100000000	0000000000000000000000000	00100000000000000000000
00000000000000000000000	001000000000100000000000	000000000000000000000000	00000000000000001010	0000000001000000000000000	00000000000000000000000
00000000000000000000000	000000000000000000000000	000000000000000000000010	00001000000000000000	0000000000000000000000000	00000000000000000000000
00000000000000000000000	000000000000000000000000	000000000000000000000000	00000000000000000000	0000000010000000000000000	00000000000000000000001
00000000000000000000000	000000000000000000000000	000000000000000010000100	00000010000000000001	0000000000000000000000010	00000000000000010000000
00000000000000100000000	000000000000000000000000	000000000000100000000000	00000000000000000000	0000000010000000000000000	00000010000000000000001
00000000000000000000000	000000000000000100000000	000000000000000000000000	00000000001000000000	0000000000010000000000000	00000000000000000010000
00000000000000000000000	000000000000000000000000	000000000000000000000010	00001000000000000000	0000000000000000000000000	00000000000000000000000
00000000000000000000000	000000000000000000000100	100000000000000000000000	00000000000000000000	1000000000000000000000000	00000000000000000000000
00000000000000000010000	000001000000000000000000	000000000000000000000000	00000000000000000000	0000000000000000000001000	00000000010000000000100
00000000000000000000000	000000000100010000010000	000000000000000000000000	00100000000000000000	0000000000000000010000000	00000000000001000000000
10000000000000000000000	000000000000000000000000	100000000000000100000000	00000100000000000000	1000000000000000000000000	00000000000000000000000
00000000000000000000000	010000000000000001001000	000000100000000000000001	00000000000000000000	0000000000000000100000000	00001000000000000000000
00000000000000000000000	100000000000000000000000	000000000000000000001000	00000000000000000000	0000000100000000000010000	00000000000000000000000
00000000000000000000000	000000000000000000000000	000000000000010010000000	01000000000000000000	0000000000000000000000000	00000000000000000000000
00000000000000000000000	000000000000000000000010	000000000000000000000000	00000000000000000000	0000000010000000000000000	00000000000000000000001
00000100000000000000000	000000101000000000000000	000000000000000000000000	00000000100000000000	0000000000001000000000000	00000000000000000000000
00010000000001000000000	000000000000000000000000	000000000000000000000000	00000000010000000000	0000001000000000000000000	01000000000000000000000
00000010000000000000000	000000000000000000000000	000000000000000000000000	00000000000100100000	0000000000100100000000000	00100000000000000000000
00000000000000000000000	000000000000000100000000	000000000000000000000000	00000000000000000000	0000000000000000000000000	00000000000000000010000
00000000000000000000000	000000000000000000000000	000000000000000010000100	00000010000001000001	0000000000000000000000010	00000000000000010000000
00000000000000000000000	000000000000000000000000	000000000000000000000000	00000000000000000000	0000000010000000000000000	00000000000000001000001
00000000000000000000000	010000000000000000001000	000000100000000000000001	00000000000000000000	0000000000000000100000000	00001000000000000000000
00000000000000000000000	000100000000000000000000	000000000000001000000000	10000000000000000100	0001000000000000000000100	00000000100000000100000
00000000000000000000000	100000000000000000000000	000000000000000000000000	00010000000000000000	0000000100000000000010000	00000000000000000000000
00000000000000000000000	000000000000000100000000	000000000000000000000000	00000000001000000000	0000000000010000000000000	00000000000000000010000
00000000000000000000000	000000000000000000000000	000000000000010010000000	00000000000000000000	0000000000000000000000000	00000000000000000000000
00000000000000000000000	000100000000000000000000	000000000000001000000000	00000000000000000100	0000000000000000000000100	00000000100000000000000
00000000000001000000000	000000000000000000000000	000000000000000000000000	00000000010000000000	0000001000000000000000000	01000000000000000000000
00000000000000000000000	000100000000000000000000	000000000000001000000000	00000000000000000100	0000000000000000000000100	00000000100000000000000
00000000100000000000000	000100000000000000000000	010000000000001000000000	00000000000000000100	0000100000000000000000100	00000100100110000000000
00000000000000000000000	000000000000000000000000	000000000000010010000000	01000000000000000000	0000000000000000000000000	00000000000000000000000
00000000000000000000000	010000000000000001001000	000000100000000000000001	00000000000000000000	0000000000000000100000000	00001000000000000000000
00000000001000000000000	000000000000000000000000	000000000000000010000100	00000010000000000001	0000000000000000000000010	00000000000000010000000
00000000000001000000000	000010000000000000000000	000000000000000000000000	00000000010000000000	0000001000000000000000000	01000000000000000000000
00000000000000000000000	000000000000000000000000	000000000000000000000010	00001000000000000000	0000000000000000000000000	00000000000000000000000
00000000000000000000000	000000000000100000000000	000000000000000000000000	00000000000000001010	0000000001000000000000000	00000000000000000000000
00000000100000000000000	000100000000000000000000	010000000000001000000000	00000000000000000100	0000100000000000000000100	10000100100100000000000
00000000000000000000000	010000000000000001001000	000000100000000000000001	00000000000000000000	0000000000000000100000000	00001000000000000000000
00000000000000000000000	000000000000000000000000	000000000000000010000100	00000010000001000001	0000000000000000000000010	00000000000000010000000
00000000000000000000000	000000000000100000000000	000000000000000000000000	00000000000000001010	0000000001000000000000000	00000000000000000000000
00000000000000000000000	000000000000000000000000	000000000000000000000010	00001000000000000000	0000000000000000000000000	00000000000000000000000
00000000000000000000000	000100000000000000000000	000000000000001000000000	10000000000000000100	0001000000000000000000100	00000000100000000000000
00000000000000000010000	000001000000000000000000	000000000000000000000000	00000000000000000000	0000000000000000000001000	00000000010000000000100
00000010000000000000000	000000000000000010000000	000000000000000000000000	00000000000100100000	0000000000000100000000000	00100000000000000000000
00000000000000000010000	000001000000000000000000	000000000000000000000000	00000000000000000000	0000000000000000000001000	00000000010000000000100
00000000000000000010000	000001000000000000000000	000000000000000000000000	00000000000000000000	0000000000000000000001000	00000000010000000000100
00000000000000000000000	000000010000000000000000	000000000000000000000000	00000000000000000000	0000000010000000000000000	00000000000000000000001
00000000000000000000000	010000000000000000001000	000000100000000000000001	00000000000000000000	0000000000000000100000000	00001000000000000000000
00000000000000000010000	000001000000000000000000	000000000000000000000000	00000000000000000000	0000000000000000000001000	00000000010000000000100
00000000000000000000000	000000000000000000000000	000000000000000010000100	00000010000000000001	0000000000000000000000010	00000000000000010000000
10000000000000000000000	000000000000001000000000	100001000100000000100000	00000000000000000000	1000000000000010000000000	00000000000000000000000
10000000000000000000000	000000000000001000000000	100001000100000000100000	00000000000000000000	1000000000000010000000000	00000000000000000000000
00000100000000000000000	000000101000000000000000	000000000000000000000000	00000000100000000000	0000000000001000000000000	00000000000000000000000
00000000100000000000000	000100000000000000000000	010000000000001000000000	00000000000000000100	0000100000000000000000100	00000100100100000000000
10000000000000000000000	000000000000000000000000	100000000000000100000000	00000000000000000000	1000010000000000000000000	00000000001000000000000
00000000000000000000000	000000000000100000000000	000000000000000000000000	00000000000000001010	0000000001000000000000000	00000000000000000000000
00000000000000000000000	000000000000000000000000	001000000000000010000100	00000010000000000001	0000000000000000000000010	00010000000000010000000
00000000000000000000000	000000000000000000000000	001000000000000010000100	00000010000000000001	0000000000000000000000010	00010000000000010000000
00000000000000000000000	000000000000000100000000	000000000000000000000000	00000000000000000000	0000000000000000000000000	00000000000000000010000
00000000000000000000000	000000000000010000010000	000000000000000000000000	00100000000000000000	0000000000000000000000001	00000000000001000000000
00000000000000000000000	000000000000000000000010	000010000000000000000000	00000000000000000000	0000000010000000000000000	00000000000000000000001
00000000000000000000000	000000000000000000000000	000000000000000010000100	00000010000000000001	0000000000000000000000010	00000000000000010000000
10000000000000000000000	000000000000000000000000	100000000000000100000000	00000100000000000000	1000000000000000000000000	00000000000000000000000
00000000000000000000000	010000000000000001001000	000000100000000000000001	00000000000000000000	0000000000000000100000000	00001000000000000000000
00000000000000000000000	000000000000100000000000	000000010000000000000000	00000001000000001010	0000000001000000000000000	00000000000000000000000
00000000000000000000000	000000000001000000000000	000000000001000000000000	00000000000000000000	0000000010000000000000000	00000000000000000000001
00000000100000000000000	000100000000000000000000	010000000000001000000000	00000000000000000100	0000100000000000000000100	00000100100100000000000
00000000000000000000000	000000000000000000000000	000000000000010010000000	01000000000000000000	0000000000000000000000000	00000000000000000000000
00000000000000000000000	100000000000000000000000	000000000000000000000000	00000000000000000000	0000000100000000000010000	00000000000000000000000
00000000000000000000000	000000000000000000000000	001000000000000010000100	00000010000000000001	0000000000000000000000010	00000000000000010000000
00000000000000001000000	000000000000000000000000	001000000000000010000100	00000010000000000001	0000000000000000000000010	00010000000000010000000
00000000000000000001000	000000000000000000000010	000000000000000000000000	00000000000000000000	0000000010000000000000000	00000000000000000000001
00000000000000000000000	010000000000000000001000	000000100000000000000001	00000000000000000000	0000000000000000100000000	00001000000000000000000
00000000000000000000001	000000000000000000000000	000000000000000000000000	00000000000000010000	0110000000000000000000000	00000000000000000000000
00000010000000000000000	000000000000000000000000	000000000000000000000000	00000000000100000000	0000000000000000000000000	00100001000000000000000
00000000000000000000000	000000000000000100000000	000000000000000000000000	00000000000000000000	0000000000000000000000000	00000000000000000010000
00000000000000000000000	000000000000000000000000	000000000000000000000000	00000000000000000000	0000000010000000000000000	00000000000000000000001
00000000000000000000000	000000000000000000000000	000000000000000000000000	00000000000000000000	0000000010000000000100000	00000000000000000000001
00000000000001000000000	000000000000000000000000	000000000000000000000000	00000000010000000000	0000001000000000000000000	01000000000000000000000
00000000000000010000000	010000000000000000001000	000000100000000000000001	00000000000000000000	0000000000000000100000000	00001000000000000000000
00000000100000000000000	000100000000000000000000	010000000000001000000000	00000000000000000100	0000100000000000000000100	00000100100110000000000
11000000000000000000000	000000000000000000000000	100000000000000000000000	00000000000000000000	1000000000000000000000000	00000000000000000000000
00000000000000000000000	000000000000000100000000	000000000000000000000000	00000000000000000000	0000000000000000000000000	00000000000000000010000
00000000000100000000000	000000000000000000000000	000000000000010010000000	00000000000010000000	0000000000000000000000000	00000000000000000000000
00000000000000000000000	000000000000000000000100	100000000000000000000000	00000000000000000000	1000000000000000000000000	00000000000000000000000
00000000000000000000000	000000000000000100000000	000000000000000000000000	00000000000000000000	0000000000000000000000000	00000000000000000010000
00010000000001000000000	000000000000000000000000	000000000000000000000000	00000000010000000000	0000001000000000000000000	01000000000000000000000
00000000100000000000000	000100000000000000000000	010000000000001000000000	00000000000000000100	0000100000000000000000100	00000100100100000000000
00100000000000000000000	000000000000000000100000	000100001000000001000000	00000000000000000000	0000000000000000001000000	00000000000000000000010
00000000000000000000000	000000000000000000000000	000000000000010010000000	01000000000000000000	0000000000000000000000000	00000000000000000000000
00000000000000000000000	000000000000000000000000	000000000000010010000000	01000000000000000000	0000000000000000000000000	00000000000000000000000
00001000000000000000000	000000000000010000010000	000000000000000000000000	00100000000000000000	0000000000000000000000000	00000000000001100000000
00000000000001000000000	000000000000000000000000	000000000000000000000000	00000000010000000000	0000001000000000000000000	01000000000000000000000
10000000000000000000000	000000000000000000000000	100000000000000100000000	00000100000000000000	1000000000000000000000000	00000000000000000000000
00000010000000000000000	000000000000000000000000	000000000000000000000000	00000000000100100000	0000000000100100000000000	00100000000000000000000
00000000000000000000000	000000000000000000000000	000000000000000000000000	00000000000000010000	0010000000000000000000000	00000000000000000000000
