000000000000000000000000	0000000100000000000000000	00000000000000000001	0000000000000000000000000	0000000000000000000000	0000000000000000000000001
000000000000000000001000	0000000000000000000000000	00000000000000000000	0000000000000000000000000	0000000000010000000000	0010000000000000000000000
001000100000000000000001	0000000000000000000000000	00000000000000000000	0000000000000000000000000	0000001000000000000000	0000000000000000000000000
000010000000000000000000	0000000000000000000000000	00000000000000000000	0000000000000000101000000	0000000000000000000000	0000000000000000000000000
000000000000000000000000	0000000000000000000000000	00000000000000000000	0000000000000000000000000	0000000000000000000000	0000000000000000000000000
000000000000000000000000	0000000000000000000000000	00000000000000001000	0000000000000000000000000	0000000000000000000000	0000000000000110000000000
000000000000000000000000	0000000100000000000000000	00000000000000000000	0100000000000000000000000	0000000000000000000000	0000000000000000000000001
000000000000000000000000	0000000000000000000000000	00000000000000000000	0000000000000000000000000	0000000000000000000000	0000000000000000000000000
000000000000000010000000	0000000000000000000000001	00000000010000000000	0000000000000000000000000	0000000000000000000000	0000000000000000000000000
000100000000000100000000	0000100000100000000000000	00000000000000000000	0000000010000000000000010	0000000000000000000000	0000000000010000000000000
000000001000000000000000	0000000000000000000000000	00010100000000000000	0001000001000000000000000	0000000000000000000000	0001000000000000000000000
000000000010100000000000	1000000000000000000000000	10000000000010000000	0010000000000000010000000	0000000000000000000000	0000000000000000000100100
000000000000000000000000	0000000000000000000000000	00010000000000000000	0000000000000000000000000	0000000000000000000000	0000000000000000000000000
000000000000000000000000	0000010000000000000000000	00000000000000001000	0000000000000000000000000	0000000000000000000000	0000000000000010000000000
000000000000000000000000	0000000100000000000000000	00000000000000000001	0000000000000000000000000	0000000000000000000000	0000000000000000000000001
000010000000000000000000	0000000000000000000000000	00000000000000000000	0000000000000000100000000	0000000000000000000000	0000000000000000100000000
000000000000000000000000	0000000100000000000000000	00000000000000000000	0100000000010000000000000	0000000000000000001000	0000000000000000000000001
000000000000000000001000	0000000000000000000000000	00000000000000000000	0000000000000000000000000	0000000000010000000000	0000000000000000000000000
000100000000000100000000	0000100000100000001000000	00000000000000000100	0000000000000000000000010	0000000000000000010000	0000000000100000000000000
011000100000000000000001	0000000000000000000000000	00000000000000000000	0000000000000000000000000	0000000000000100000000	0000000000000000000000000
000000000000000000000000	0000000000000000000000000	00010000000000010000	0000001000000000000000000	0000000000100000000000	0000000000001000000000000
100000000000001000000001	0000000000000000000000000	00000000000000000000	0000000000000000000000000	0000000000000000000000	0000000000000000000000000
000000000000000000000001	0000000000000000000000000	00000000000000000000	0000000000000000000000000	0000000000000000000000	0000000000000000000000000
000100000000000100000000	0000100000100000000000000	00000000000000000000	0000000010000000000000010	0000000000000000000000	0000000000010000000000000
000000000001000000000000	0000000000000000010000000	00000001000000000000	0000000000000000000001000	0010000000000000000000	0000010000000000000000000
000000000000000000000001	0000000000000000000000000	00000000000001000000	0000000100000000000000000	0000000000000000000000	0000000000000000000000000
000010000000000000000000	0000000000000000000000000	00000000000000000000	0000000000000000100000000	0000000000000000000000	0000000000000000000000000
000000000000000000010000	0000000000000000000000010	00000000010000000000	0000000000000010000100000	0000000000000000000000	0000000000000000000000000
000000000000000000000001	0000000000000000000000000	00000000000001000000	0000000000000000000000000	0000000000000000000000	0000000000000000000000000
000000000000000000001000	0000000000000000000000000	00000000000000000000	0000000000000000000000000	0000000000010000000000	0000000000000000000000000
000100000000000100000000	0000100000100000000000000	00000000000000000000	0000000010000000000000010	0000000000000000000000	0000000000010000000000000
000000000000000000000000	0000000100000000000000000	00000000000000000001	0000000000000000000000000	0000000000000000000000	0000000000000000000000001
000100000000000100000000	0000100000100000001000000	00000000000000000000	0000000000000000000000010	0000000000000000000000	0000000000000000000000000
000100000000000100000000	0000100000100000000000000	00000000000000000000	0000000010000000000000010	0000000000000000000000	0000000000010000000000000
000000000000000000000000	0000000010000000000000000	00000000000000000000	0000000000000000000000000	0000000000000000000000	0000000000000000000000000
000000000000000000000000	0000000000000000000000000	00000001000000000000	0000000000000000000001000	0000000000000000000000	0000000000000000000000000
000010000000000000000000	0000000000000000000000000	00000000000000000000	0000010000100000100000000	0000000000000010100000	0000000000000000000000000
000000000000000000001000	0000000000000000000000000	00000000000000000000	0000000000000000000000000	0000000000010000000000	0000000000000000000000000
000000000000000000100001	0000000000000000000000000	00100000000100000000	0000000000000000000000000	0000000000000000000100	0000000000000000000000000
000000000000000000100001	0000000000000000000000000	00100000000100000000	0000000000000000000000000	0000000000000000000100	0000000000000000000000000
000000000000000000000000	0000000100000000000000000	00000000000000000000	0100100000000000000000000	0000000000000000000000	0000000000000000000000001
000000000000000000000000	0000000000000000000000000	00010000000000010000	0000001000000000000000000	0000000000100000000000	0000000000001000000000000
000100000000000100000000	0000100000100000001000000	00000000000000000100	0000000000000000000000010	0000000000000000010000	0000000000000000000000000
000000000000000000000000	0000000100000000000000000	00000000000000000000	0100000000010000000000000	0000000000000000000000	0000000000000000000000001
000000000000000001000000	0000000000000000000000000	00000000000000001000	0000000000000000000000001	0000000000000000000000	0000000000000001000000000
000000000000000000000000	0000000000000000000000000	00000000000000001000	0000000000001000000000000	0000000000000000000000	0000000000000010000000000
000000000000000000000000	0000000000000000000000000	00000000000000000000	0000000000000000000010000	0000000000000000000000	0000000000000000000000000
000000000000000000000000	0000000000000000000000000	00010000000000000000	0000000000000000000000000	0000000000000000000000	0000000000000000000000000
000000000000000000000000	0000000000000000000000000	00000000000000001000	0000000000001000000000000	0000000000000000000000	0000000000000010000000000
000000000000000000000000	0000000100000000000000000	00000000000000000000	0100000000010000000000000	0000000000000000001000	0000000000000000000000001
000000000000000010000000	0000000000000000000000001	00000000010000000000	0000000000000000000000000	0000000000000000000000	0000000000000000000000000
000000001000000000000000	0000000000000000000000000	00010100000000000000	0000000000000000000000000	0000000100000000000000	0001000000000000000000000
000000000000000000000000	0000000000000000000000000	00010000000000010000	0000001000000000000000000	0000000000100000000000	0000000000001000000000000
000010000000000000000000	0000000000000000000000000	00000000000000000000	0000000000000000100000000	0000000000000000000000	0000000000000000000000000
000000000010000000000000	0000000000000000000000000	10000000000010000000	0010000000000000010000000	0000000000000000000000	0000000000000000000100100
000000000000000000000000	0000000000000000000000000	00000000010000000000	0000000000000000000000000	0000000000000000000000	0000000000000000000000000
000000000000000000000000	0000000000000000000000000	00000000000000001000	0000000000000000000000000	0000000000000000000000	0000000000000110000000000
001000100000010000000001	0000000000000000000000000	00000000000000000000	0000000000000000000000000	0000000000000000000000	0000000000000000000000000
000000000000000000000000	0000000100000000000000000	00000000000000000001	0000000000000000000000000	0000000000000000000000	0000000000000000000000001
000000000000000000000000	0000000000000000000000000	00000010000000000000	0000000000000000000000000	0000000000000000000000	0000000100000000000000000
000000000000000000000000	0000000000000000000000000	00000000010000000000	0000000000000000000000000	0000000000000000000000	0000000000000000000000000
011000100000000000000001	0000000000000000000000000	00000000000000000000	0000000000000000000000000	0000000000000100000000	0000000000000000000000000
000000010000000000000000	0000000000000000000000000	00000000000000000000	0000000000000000000000000	0000000000000000000000	0000000000000000001000000
000000000000000000000000	0000000000000000000000000	00000000000000000000	0000000000000000000000000	0000000000000000000000	0000000000000000000000000
000000000000000000000000	0000000100000000000000000	00000000000000000000	0100000000010000000000000	0000000000000000000000	0000000000000000000000001
000000000000000000000000	0000000100000000000000000	00000000000000000000	0100000000010000000000000	0000000000000000000000	0000000000000000000000001
000010000000000000000000	0000000000000000000000000	00000000000000000000	0000000000000000100000100	0000000000000000000000	0000000000000000000000000
000000000000000000000000	0001000000000000000000000	00000000000000001000	0000000000001001000000000	0000000000000000000000	0000000000000010000000000
000000000000000000000000	0000000000000000000000000	00000001000000000000	0000000000000000000001000	0000000000000000000000	0000000000000000000000000
000000000000000000000000	0000000000000000000000000	00000000000000000000	0000000000000000000000000	0000000000000000000000	0000000000000000000000000
000000000000000000000000	0100001000000001000010000	00000000000000001000	0000000000000000000000000	0000000000000000000000	0000000000000010000000000
000000000100000000000000	0000000100000100000000000	00000000000000000000	0100000000000000000000000	0000000000000000000000	0000000010000000000000001
000010000000000000000000	0000000000000000000000000	00000000000000000000	0000000000000000100000000	0000000000000000000000	0000000000000000000000000
000000000000000000000000	0000000100000000000000000	00000000000000000001	0000000000000000000000000	0000000000000000000000	0000000000000000000000001
000000000000000000000000	0000000000000000000000000	00000000000000001000	0000000000000000000000000	0000000000000000000000	0000000000000010000000000
000010000000000000000000	0000000000000000000000000	00000000000000000000	0000000000000000100000000	0000000000000010000000	0000000000000000000000000
000100000000000100000000	0000100000100000001100000	00000000000000000100	0000000000000000000000010	0000000000000000010000	0000000000000000000010000
000000000000000000000000	0000000000000000000000000	01000000010000000010	0000000000000100000000000	0000000000000000000000	0000000000000000000001000
000000000000000000000001	0000000000000000000000000	00000000000001000000	0000000000000000000000000	0000000000000000000000	0000000000000000000000000
000000000000000000000001	0000000000000000000000000	00000000000000000000	0000000000000000000000000	0000000000000000000000	0000000000000000000000000
000000000000000000000000	0000000100000000100000000	00000000000000000000	0100000000000000000000000	0000000000000000000000	1000000000000000000000001
000100000000000100000000	0000100000100000000000000	00000000000000000000	0000000010000000000000010	0000000000000000000000	0000000000010000000000000
000000000000000000000000	0000000000000000000000100	00000010000000000000	0000000000000000000000000	0000000000000000000000	0000000100000000010000000
001000100000000000000001	0000000000000000000000000	00000000000000000000	1000000000000000000000000	0000000000000000000000	0000000000000000000000000
000000000000000000000000	0000000100000000000000000	00000000000000000000	0100100000000000000000000	0000000000000000000000	0000000000000000000000001
000000000000000000000000	0000000000000000000000000	00000001000000000000	0000000000000000000001000	0000000000000000000010	0000000001000000000000000
000001000000000000000001	0000000000000000000000000	00000000000000000000	0000000000000000000000000	0000000000000000000000	0000000000000000000000000
000000000000000000000000	0000000000000000000000000	00000000000000001000	0000000000000000000000000	0000100000000000000000	0000000000000010000000010
000000000000000000000010	0000000100000000000000000	00000000000000000000	0100100000000000000000000	0000000000000000000000	0000000000000000000000001
000100000000000100000000	0000100000100000000000000	00000000000000000000	0000000010000000000000010	0000000000000000000000	0000000000010000000000000
000000010000000000000100	0000000000000000000000000	00000000000000100000	0000000000000000000000000	0000000000000000000000	0000000000000000001000000
000000000000000000000000	0000000000001000000000000	00000000000000000000	0000000000000000000000000	0001000000000000000001	0000000000000000000000000
000010000000000000000000	0000000000000000000000000	00000000000000000000	0000000000000000100000000	0000000000000000000000	0000000000000000000000000
000000000000000010000000	0000000000000000000000001	00000000010000000000	0000000000000000000000000	0000000000000000000000	0000000000000000000000000
000000000000000000000000	0000000000000000000000000	00000000000000001000	0000000000000000000000000	0000000000000000000000	0000000000000110000000000
000000000000000000000000	0000000000000000000000000	00010000000000010000	0000001000000000000000000	0000000000100000000000	0000000000001000000000000
000000000000000000000000	0000010000000000000000000	00000000000000001000	0000000000000000000000000	0000000000000000000000	0000000000000010000000000
000000000000000000100001	0000000000000000000000000	00000000000100000000	0000000000000000000000000	0000000000000000000100	0000000000000000000000000
000010000000000000000000	0000000000000000000000000	00000000000000000000	0000000000000000100000000	0000000000000000000000	0000000000000000000000000
000000000000000000100001	0000000000000000000000000	00000000000100000000	0000000000000000000000000	0000000000000000000100	0000000000000000000000000
000000000000000000000000	0000000100000000000000000	00000000000000000000	0100000000010000000000000	0000000000000000000000	0000000000000000000000001
000000000000000000000000	0000000100000000000000000	00000000000000000000	0100100000000000000000000	0000000000000000000000	0000000000000000000000001
000000010000000000000000	0000000000000000000000000	00000000000000000000	0000000000000000000000000	0000000000000000000000	0000000000000000001000000
000000000000000000000000	0000000000000000000000000	00000000010000000000	0000000000000000000000000	0000000000000000000000	0000000000000000000000000
000000000000000000000000	0000000000000000000000000	00000000000000001000	0000000000000000000000000	0000000000000000000000	0000000000000010000000000
000000000000000010000000	0000000000000000000000001	00000000010000000000	0000000000000000000000000	0000000000000000000000	0000000000000000000000000
000000000000000000100001	0000000000000000000000000	00100000000100000000	0000000000000000000000000	0000000000000000000100	0000000000000000000000000
000000000000000000000000	0000000100000000100000000	00000000000000000000	0100000000000000000000000	0000000000000000000000	0000000000000000000000001
000000000010000000000000	0000000000000000000000000	10000000001010000000	0010000000000000010000000	0000000000000000000000	0000000000000000000100100
000000000000000000000000	0000000100000000000000000	00000000000000000001	0000000000000000000000000	0000000000000000000000	0000000000000000000000001
000000000000000010000000	0000000000000000000000001	00000000010000000000	0000000000000000000000000	0000000000000000000000	0000000000000000000000000
000000000000000000100001	0000000000000000000000000	00100000000100000000	0000000000000000000000000	0000000000000000000100	0000000000000000000000000
000000000000000000000001	0000000000000000000000000	00000000000000000000	0000000000000000000000000	0000000000000000000000	0000000000000000000000000
000000000000000000000000	0000000000000000000000100	00000010000000000000	0000000000000000000000000	0000010000000000000000	0000000100000000010000000
000010000000000000000000	0000000000000000000000000	00000000000000000000	0000000000000000100000000	0000000000000010000000	0000000000000000000000000
000000000000000000000000	0000000000000010000000000	00001000100000000000	0000000000000000000000000	0000000000000000000000	0100000000000000000000000
000000000000000000100001	0010000000000000000000000	00100000000100000000	0000000000000000000000000	0000000000000000000100	0000000000000000000000000
000000000000000000000000	0000000000000000000001000	00000000000000000000	0000000000000000000000000	1000000001000001000000	0000000000000000000000000
000010000000000000000000	0000000000000000000000000	00000000000000000000	0000000000000000100000000	0000000000000000000000	0000000000000000000000000
000000000000000000000000	0000000000000000000000000	00000010000000000000	0000000000000000000000000	0000000000000000000000	0000000100000000000000000
000000000000000000000000	0000000000000000000000000	00000000000000001000	0000000000000000000000000	0000000000000000000000	0000000000000110000000000
000100000000000100000000	0000100000100000000000000	00000000000000000000	0000000010000000000000010	0000000000000000000000	0000000000010000000000000
000000000000000000100001	0000000000000000000000000	00000000000100000000	0000000000000000000000000	0000000010000000000100	0000000000000000000000000
000000000000000000000000	0000000000000000000000000	00000001000000000000	0000000000000000000001000	0000000000000000000010	0000000001000000000000000
000000000000000000000000	0000000100000000000000000	00000000000000000000	0100100000000000000000000	0000000000000000000000	0000000000000000000000001
000000000000000000000000	0000000000000000000000000	00000000000000001000	0000000000000000000000000	0000000000000000000000	0000000000000010000000000
000000000000000000000000	0000000000000000000000000	00000000010000000000	0000000000000000000000000	0000000000000000000000	0000000000000000000000000
000000000000000010000000	0000000000000000000000001	00000000010000000000	0000000000000000000000000	0000000000000000000000	0000000000000000000000000
000000000000000000000000	0000000100000000100000000	00000000000000000000	0100000000000000000000000	0000000000000000000000	0000000000000000000000001
000000000000000010000000	0000000000000000000000001	00000000010000000000	0000000000000000000000000	0000000000000000000000	0000000000000000000000000
000000000000000000000000	0000000000000000010000000	00000001000000000000	0000000000000000000001000	0000000000001000000000	0000010000000000000000000
000000000000000000000000	0000000000000000000000000	00000000000000001000	0000000000001000000000000	0000000000000000000000	0000000000000010000000000
000000000000000000000001	0000000000000000000000000	00000000000000000000	0000000000000000000000000	0000000000000000000000	0000000000000000000000000
000000000010000000000000	0000000000000000000000000	10000000000010000000	0010000000000000010000000	0000000000000000000000	0000000000000000000100100
000000000000000000000000	0000000100000000000000000	00000000000000000000	0100000000010000000000000	0000000000000000000000	0000000000000000000000001
000000000000000000000000	0000000100000000000000000	00000000000000000001	0000000000000000000000000	0000000000000000000000	0000000000000000000000001
000000000000000000000000	0000000100000000100000000	00000000000000000000	0100000000000000000000000	0000000000000000000000	0000000000000000000000001
000000000000000010000000	0000000000000000000000001	00000000010000000000	0000000000000000000000000	0000000000000000000000	0000000000000000000000000
000000000000000001000000	0000000000000000000000000	00000000000000001000	0000000000000000000000001	0000000000000000000000	0000000000000000000000000
000000000000000000000000	0000000100000000000000000	00000000000000000001	0000000000000000000000000	0000000000000000000000	0000000000000000000000001
000000000000000000000000	0000000001000000000000000	00000000000000000000	0000000000000000000000000	0000000000000000000000	0000100000000000000000000
000000000000000000000000	0000000000000000000000000	00000000010000000000	0000000000000000000000000	0000000000000000000000	0000000000000000000000000
000000000000000000000000	0000000000000000000001000	00000000000000000000	0000000000000000000000000	1000000001000001000000	0000000000000000000000000
000000000000000000000001	0000000000000000000000000	00000000000000000000	0000000000000000000000000	0100000000000000000000	0000000000000000000000000
000000000000000000000000	0000000100000100000000000	00000000000000000000	0100000000000000000000000	0000000000000000000000	0000000010000000000000001
000000000000000000000000	0000000000010000000000000	00000000000000000000	0000000000000000000000000	0000000000000000000000	0000000000000000001000000
000000000000000000100001	0000000000000000000000000	00000000000100000000	0000000000000000000000000	0000000010000000000100	0000001000000000000000000
000010000000000000000000	0000000000000000000000000	00000000000000000000	0000000000000000100000000	0000000000000010000000	0000000000000000000000000
000000000000000000000000	0000000000000000000000000	00000001000000000000	0000000000000000000001000	0000000000000000000000	0000000000000000000000000
000010000000000000000000	0000000000000000000000000	00000000000000000000	0000000000000000100000000	0000000000000000000000	0000000000000000100000000
