000000000000000000000	000000000000000000000	000000000000000000000000000	0000000000000000000000	0100000000000000000000000	00010000000000000000000000
000000000000100000000	000000001000000000000	000000000000000000000000000	0000000000000000000000	0000100000100000000000000	00000000010000000000000000
000000010000000000000	000000000010000000100	000000000000000000000100000	0000000000000000000000	0000000010000000000000000	10100000001010001000000000
000000000000000000000	000000000100000000000	000000000000100000000000000	1000000000000000000000	0000000000000000000000000	00000000000000000000000000
000000000000000000000	000000000000000000000	000000000000000000000000000	0000000000000000000000	0100000000000000000000000	00010000000000000000000000
000000000000000010000	000000000000000000000	000000000000010000000000000	0000000000000000000000	0000000000000000000000000	00000000000000000000000000
000000000000000000000	000000000000000000001	100000010000000000000000000	0001000100000000000000	0000000000000000000000000	00000000000000000000000001
000000000000000000000	000000000000000000000	000000000000000000001000000	0000000000000000000000	0000000000000000010000001	00000010000100000000001000
000000000000010000000	000000000100000000000	000000000000000000000010000	0000000000000000000000	0000000000000000000000000	00000000000000000000000000
000110000000000000000	001000000000000000000	000000000000000000100000000	0010000000000000001000	0000000000000000000000000	00000100000000000000000000
000000000000000001000	000000000100000000000	000000000000000000000000000	0000000000000000000000	1000000000000000000000000	00000000000000000000000000
000000000000000000000	000000000000000000000	000000000000000000000000000	0000000000000000000000	0100000000000000000000000	00010000000000000000000000
000000000000000000000	000000000000000000000	000000000000000000000000000	0000000000000000000000	0000000000000000000000000	00000000000000000000000000
000000000000000000000	000000000001000000000	000000000000000000000000000	0000000000010000100000	0000000000000010001000000	00000000000000000000000000
000000000000000000000	000000000000000000000	000000000000000000000000000	0000000000000000000000	0010000000000000000000000	00000000000000000000010000
001000000000000000000	000000000000000001000	000000000000000000000000000	0000001000000000000000	0000010000000000000000000	00000000000000000010000010
001000000000000000000	000000000000000001000	000000000000000000000000000	0000000000000000000000	0000000000000000000000000	00000000000000000000000010
000000000000000000000	000000000000000000000	000000000000000000000000000	0000000000000000000000	0100000000000000000000000	00010000000000010000000000
000000000000000000000	000000000000000000000	000000000000000000000000000	0000000000000010000001	0010000000000000000000010	00000000000000000000000000
000000000000000000000	000000000100000000000	000000000000000000000000000	0000000000000000000000	0000000000000000000000000	00000000000000000000000000
000000000000000000000	100000000000000000000	010000000000000000000000000	0000000000000100000000	0000000000010000000000000	00000000000000000000000000
000000000000100000000	000000001000000000000	000000000000000000000000000	0000000000000000000000	0000000000100000000000000	00000000010000000000000000
000000000000000000000	000000000000000000000	000000000000000000000000000	0000000000000000000000	0100000000000000000000000	00010000000000010000000000
000000000000000001000	000000000100000000000	000000000000000000000000000	0000000000000000000000	1000001000000000000000000	00000000000000000000000000
000000000000000000000	000000000100000000000	000000000000000000000000000	0000000000000000000000	0000000000000000000000000	01000000000000000000000000
000000000000100000000	000000001000000000000	000000000000000000000000000	0000000000000000000000	0000100000100000000000000	00000000010000000000000000
000000000000000000000	000000000100000000000	000000000000000000000000001	0000000000000000000000	0000000000000000000000000	00000000000000000000000000
000000000000000000000	000000000000000000000	000100000000000000000000000	0000000000000000000010	0001000000000000000010100	00000000000000000000000000
000000000000100000000	000000001000000000000	000000000000000000000000000	0000000000000000000000	0000000000100000000000000	00000000010000000000000000
000000000000000000000	000000000100000000000	000000000000000000000000000	0000000000000000000000	0000000000000000000000000	01000000000000000000000000
000000000000000000000	000000000100000000000	000000000000000000000000000	0000000000000000000000	0000000000000000000000000	00000000000000000000000000
000000010000000000100	000000000000000000100	000000000000000000000000000	0000000000000000000000	0000000011000000000000000	00000000001011000000000000
000000000000000000000	000010000000000010000	000000000000000000000000000	0000000001000000000000	0000000000000000000000000	00000000000000000000000100
000000000000000000000	000010000000000010000	000010000000000000000000000	0000000001000000000000	0000000000000000000000000	00000001000000000000000100
000000000100000000000	100000000000000000000	000000000000000000000000000	0000000000000000000000	0000000000010000000000000	00000000000000000000000000
000000000000000000000	000000000100000000000	000000000000000000000000000	0000000000000000000000	0000000000000000000000000	00000000000000000000000000
000110000000000000000	000000100000000000000	000000100000001000100000000	0000000000000000001000	0000000000000000100000000	00000100100000000000000000
000000000000000000000	000000000000000000000	000000000000000000001000000	0000000000000000000000	0000000000000000010001001	00000010000100000000001000
000000000000000000000	000000000000000000000	000000000000000000000000000	0000000000000000000000	0010000000000000000000000	00000000000000000000010000
000000010000000000000	000000000010000000100	000000000000000000000100000	0000000000000000000000	0000000010000000000000000	10100000001010001000000000
000000000000000000000	000000000000000000000	000000000000000000000000000	0000000000000000000000	0100000000000000000000000	00010000000000010000000000
000000000000010000000	000000000100000000000	000000000000000100000010000	0000000000000000000000	0000000000000000000000000	00000000000000000000000000
000000000000100000000	000000001000000000000	000000000000000000000000000	0000000000000000000000	0000100000100000000000000	00000000010000000000000000
000000000000000010000	000000000000000000000	000000000000010000000000000	0000000000000000000000	0000000000000000000000000	00000000000000000000000000
000000000000000000000	000000000001000000000	000000000000000000000000000	0000000000010000100000	0000000000000010001000000	00000000000000000000000000
000000000000100000000	000000001000000000000	000000000000000000000000000	0000000000000000000000	0000000000100000000000000	00000000010000000000000000
000000000000000000010	000010000000000000000	000000000000000000000000000	0000000001000000000000	0000000000000000000000000	00001000000000000000000000
000000000000000000000	000000000100000000000	000000000000000000000000000	0000000000000000000000	0000000000000000000000000	00000000000000000000000000
000110001000000000000	000000000000000000000	000000000000000000000000000	0000000000000000001000	0000000000000000000000000	00000000000000000000100000
000110001000000000000	000000000000000000000	000000000000000000000000000	0000000000000000001000	0000000000000000000000000	00000000000000000000100000
000110000000000000000	000000100000000000000	000000100000001000100000000	0000000000000000001000	0000000000000000000000000	00000100000000000000000000
000000000000001000000	000000000100100100000	000000000000000000000000000	0000000000000000000100	0000000000000000000000000	00000000000000000000000000
000000000000001000000	000000000100100100000	000000000000000000000000000	0000000000000000000100	0000000000000000000000000	00000000000000000000000000
000000000000100000000	000000001000000000000	000000000000000000000000000	0000000000000000000000	0000000000100000000000000	00000000010000000000000000
000111001000000000000	000000000000000000000	000000000000000010000000000	0000000000000000001000	0000000000000000000000000	00000000000000000000000000
000000000000000000000	000000000000000000000	000000000000000000000000000	0000000000000000000000	0000000000000001000000000	00000000000000000000000000
000110001000000000000	000000000000000000000	000000000000000000000000000	0000000000000000001000	0000000000000000000000000	00000000000000000000100000
000000000000000000000	000000000100000000000	000000000000000000000000000	0000000000000000000000	0000000000000000000000000	01000000000000000000000000
010000000000000000000	000000000100000000000	000000000100000000000010000	0000000000000000000000	0000000000000000000000000	00000000000000000000000000
000000000000100000000	000000001000000000000	000000000000000000000000000	0000000000000000000000	0000000000100000000000000	00000000010000100000000000
000110000000000000000	000000100000000000000	000000100000001000100000000	0000000000000000001000	0000000000000000000000000	00000100000000000000000000
000000000000000000000	000000000000000000000	000000000000000000000000000	0000000000000000000000	0000000000000000000000000	00000000000000000100000000
000000000000000000000	000000010100000000000	000000000000000000000000000	0000000000000000000000	0000000000000000000000000	00000000000000000000000000
000110000000000000000	000000000000000000000	000000000000000000000000000	0000000000000000001000	0000000000000000000100000	00000000000000000000000000
000000000000000000000	010000000000000000000	000000000000000000000000000	0000010000000000010000	0000000000000000000000000	00000000000000000001000000
000000000100000000000	100000000000000000000	000000000000000000000000000	0000000000000000000000	0000000000010000000000000	00000000000000000000000000
000000000000010000000	000000000100000000000	000000000000000000000010000	0000000000000000000000	0000000000000000000000000	00000000000000000000000000
000000000000010000000	000000000100000000000	000000000000000000000010000	0000000000000000000000	0000000000000000000000000	00000000000000000000000000
000000100000000000001	010000000000000000000	000000000000000000010000000	0000010000000000010000	0000000000000000000000000	00000000000000000001000000
000000000000000000000	000000000000000000000	000000001000000000001000000	0000000000000000000000	0000000000000000010000001	00000010000100000000001000
000000000000000000000	000000000000000000000	000000000000000000000000000	0000000000000010000001	0010000000000000000000010	00000000000000000000000000
000000000000000000000	100000000000000000000	010000000000000000000000000	0000000000000100000000	0000000000010000000000000	00000000000000000000000000
000000000000000000000	000000000100000000000	000000000000000000000000000	0000000000000000000000	0000000000000000000000000	00000000000000000000000000
000000000000000000000	000000000100000000000	000000000000000000000000000	0000000000000000000000	0000000000000000000000000	00000000000000000000000000
000110001000000000000	000000000000000000000	000000000000000010000001000	0000000000000000001000	0000000000000000000000000	00000000000000000000000000
000000000000000000000	000000000100000000000	001000000000000000000000000	0000000000000000000000	0000000000000000000000000	00000000000000000000000000
000000000000000000000	000000000000000000000	000000000000000000000000000	0100000000000000000001	0010000000000000000000000	00000000000000000000000000
000000000000000000000	000000000100000000000	000000000000000000000000000	0000000000000000000000	0000000000001000000000000	00000000000000000000000000
000000000000000000000	000000000000000000000	000000000000000000000000000	0000000000000000000000	0100000000000000000000000	00010000000000000000000000
000000000000000001000	000000000100000000000	000000000000000000000000000	0000000000000000000000	0000000000000000000000000	00000000000000000000000000
000000000000100000000	000000001000000000000	000000000000000000000000000	0000000000000000000000	0000000000100000000000000	00000000010000000000000000
000000000000000000000	000000000000000000000	000000000000000000000000000	0000000000000000000000	0100000000000000000000000	00010000000000000000000000
000000000000000000000	000000000100000000000	000000000000000000000000001	0000000000000000000000	0000000000000000000000000	00000000000000000000000000
000000010000000000100	000000000000000000100	000000000000000000000000000	0000000000000000000000	0000000010000000000000000	00000000001011000000000000
000000000000000000010	000011000000000000000	000000000000000000000000000	0000000001000000000000	0000000100000000000000000	00001000000000000000000000
000110001000000000000	000100000000000000000	000000000000000010000001000	0000000000000000001000	0000000000000000000000000	00000000000000000000000000
000110000000000000000	000000100000000000000	000000100000001000100000000	0000000000000000001000	0000000000000000100000000	00000100100000000000000000
000000010000000000100	000000000000000000100	000000000000000000000000000	0000000000000000000000	0000000011000000000000000	00000000001011000000000000
000000000000000000000	010000000000000000000	000000000000000000000000000	0000010000000000010000	0000000000000000000000000	00000000000000000001000000
000000000000000000000	000000000100000000000	000000000000000000000000000	0000000000000000000000	0000000000000000000000000	00000000000000000000000000
000110001000000000000	000000000000000000000	000000000000000000000000000	0000000000000000001000	0000000000000000000000000	00000000000000000000100000
000000000000000000000	000000000100000000000	000000000000000000000000000	0000100000000000000000	0000000000000000000000000	00000000000000000000000000
000000010000000000000	000000000010001000100	000000000010000000000000000	0000000000000000000000	0000000010000000000000000	00000000001010000000000000
001000000000000000000	000000000000000001000	000000000000000000000000000	0000000000000000000000	0000000000000000000000000	00000000000000000000000010
000000000000000000000	000000000000000000000	000000000000000000000000000	0000010000000000010000	0000000000000000000000000	00000000000000000000000000
000000010000000000100	000000000000000000100	000000000000000000000000000	0000000000000000000000	0000000011000000000000000	00000000001011000000000000
000000000000000000000	000000000100000000000	000000000100000000000010000	0000000000000000000000	0000000000000000000000000	00000000000000000000000000
000000000000010000000	000000000100000000000	000000000000000000000010000	0000000000000000000000	0000000000000000000000000	00000000000000000000000000
000000000000000000000	000000000000000000000	000000000000000000000000000	0000000000000000000000	0100000000000000000000000	00010000000000000000000000
000000000000000000000	000000000100000000000	000000000000100000000000000	1000000000000000000000	0000000000000100000000000	00000000000000000000000000
000000000000000000000	000000000100000000000	000000000000000000000000000	0000000000000000000000	0000000000000000000000000	00000000000000000000000000
000000000000000000000	000000000100000000000	000000000000000000000000000	0000000000000000000000	0000000000000000000000000	00000000000000000000000000
000000000000000000000	000000000001000000000	000000000000000000000000000	0000000000010000100000	0000000000000010001000000	00000000000000000000000000
000000000000000000000	010000000000000000000	000000000000000000000000000	0000010000000000010000	0000000000000000000000000	00000000000000000001000000
000000000001000000000	000000000000000000000	000000000000000000000000000	0000000000000000000000	0100000000000000000000000	00010000000000000000000000
000000000000000000000	000000000000000000000	000000000000000000000000000	0000000000000000000000	0100000000000000000000000	00010000000000010000000000
000110001000000000000	000000000000000000000	000000000000000010000001000	0000000000000000001000	0000000000000000000000000	00000000000000000000000000
000000000000000000000	000000000000000000000	000000000000000000000000000	0000000000000000000000	0100000000000000000000000	00010000000000000000000000
000000000000000000000	000000000000000000000	000000000001000000000000000	0100000000000000000001	0010000000000000000000000	00000000000000000000000000
000000000010000000000	000000000000000000000	000000000000000000000000110	0000000000001000000000	0000000000000000000000000	00000000000000000000000000
000000000000000000000	010000000000000000000	000000000000000000000000000	0000010010000000010000	0000000000000000000000000	00000000000000000001000000
000000000000001000000	000000000100100100000	000000000000000000000000000	0000000000000001000000	0000000000000000000000000	00000000000000000000000000
000000000000000000010	000010000000000000000	000000000000000000000000000	0000000001000000000000	0000000000000000000000000	00001000000000000000000000
000110000000000000000	000000100000000000000	000000100000001000100000000	0000000000000000001000	0000000000000000000000000	00000100000000000000000000
000110000000000000000	000000100000000000000	000000100000001000100000000	0000000000000000001000	0000000000000000100000000	00000100000000000000000000
000000000000010000000	000000000100000000000	000000000000000100000010000	0000000000000000000000	0000000000000000000000000	00000000000000000000000000
000000010000000000100	000000000000000000100	000000000000000000000000000	0000000000000000000000	0000000011000000000000000	00000000001011000000000000
001000000000000000000	000000000000000001000	000000000000000000000000000	0000000000000000000000	0000000000000000000000000	00000000000000000000000010
000000000000100000000	000000001000000000000	000000000000000000000000000	0000000000000000000000	0000100000100000000000000	00000000010000000000000000
000000000000000000000	000000000100000000000	000001000000100000000000000	0000000000000000000000	0000000000000000000000000	00000000000000000000000000
000000000000000000000	000000000000000000001	100000010000000000000000000	0001000100000000000000	0000000000000000000000000	00000000000000000000000001
000000000000001000000	000000000100100100000	000000000000000000000000000	0000000000000001000000	0000000000000000000000000	00000000000000000000000000
000000000000000000000	000000000100000000000	000000000000100000000000000	1000000000000000000000	0000000000000100000000000	00000000000000000000000000
000000000000001000000	000000000100100100000	000000000000000000000000000	0000000000000001000000	0000000000000000000000000	00000000000000000000000000
000000000010000100000	000000000000000000000	000000000000000000000000110	0000000000001000000000	0000000000000000000000000	00000000000000000000000000
000000000000000000010	000010000000000000000	000000000000000000000000000	0000000001000000000000	0000000000000000000000000	00001000000000000000000000
000000000000000000000	000000000100000000010	000000000000000000000000000	0000000000000000000000	0000000000000000000000000	00000000000000000000000000
000000000000001000000	000000000100100100000	000000000000000000000000000	0000000000000000000100	0000000000000000000000000	00000000000000000000000000
000000000000000000010	000010000000000000000	000000000000000000000000000	0000000001000000000000	0000000000000000000000000	00001000000000000000000000
100000000000000000000	000000000000000000000	000000000000000000000000000	0000000000000000000000	0100000000000000000000000	00010000000000000000000000
000000000000000001000	000000000100000000000	000000000000000000000000000	0000000000000000000000	0000000000000000000000000	00000000000000000000000000
100000000000000000000	000000000000000000000	000000000000000000000000000	0000000000000000000000	0100000000000000000000000	00010000000000000000000000
000000000000000000000	000000000000000000000	000000000000000000000000000	0000000000000000000000	0010000000000000000000000	00000000000000000000010000
000000000000000000000	000000000000000000000	000000000000000000000000000	0000000000000000000000	0100000000000000000000000	00010000000000000000000000
000000000000000000010	000010000000000000000	000000000000000000000000000	0000000001000000000000	0000000000000000000000000	00001000000000000000000000
000000000000000000000	000000000100000000000	000000000000000000000000000	0000000000000000000000	0000000000000000000000000	00000000000000000000000000
000000000000000000000	010000000000000000000	000000000000000000000000000	0000010000000000010000	0000000000000000000000000	00000000000000000001000000
000000000000000000000	000000000000010000000	000000000000000001000000000	0001000000100000000000	0000000000000000000000000	00000000000000000000000000
000000000000000000000	000000000000000000000	000000000000000000000000000	0000000000000000000000	0000000000000000000000000	00000000000000000000000000
000110000000000000000	000000100000000000000	000000100000001000100000000	0000000000000000001000	0000000000000000000000000	00000100000000000000000000
000000000000000000000	000000000100000000000	000000000000000000000000001	0000000000000000000000	0000000000000000000000000	00000000000000000000000000
000000000000000000000	000000000100000000000	000000000000000000000000000	0000000000000000000000	0000000000000000000000000	00000000000000000000000000
000000000000000000000	010000000000000000000	000000000000000000000000000	0000010000000000010000	0000000000000000000000000	00000000000000000001000000
000000000000000000000	100000000000000000000	010000000000000000000000000	0000000000000100000000	0000000000010000000000000	00000000000000000000000000
000000000000000000000	000000000100000000000	000000000000000000000000001	0000000000000000000000	0000000000000000000000000	00000000000000000000000000
000000000000000001000	000000000100000000000	000000000000000000000000000	0000000000000000000000	1000000000000000000000000	00000000000000000000000000
000000000000000000000	000000000000000000001	100000010000000000000000000	0001000100000000000000	0000000000000000000000000	00000000000000000000000001
000000000000000000000	000000000100000000000	000000000000000000000000000	0000100000000000000000	0000000000000000000000000	00000000000000000000000000
000000000000000000000	000010000000000010000	000010000000000000000000000	0000000001000000000000	0000000000000000000000000	00000000000000000000000100
000110000000000000000	000000000000000000000	000000000000000000000000000	0000000000000000001000	0000000000000000000100000	00000000000000000000000000
