00000000000000	0000000000000	0000000000	0000100000000000	0000000000000	000000000000000
00000000010000	0000000000000	0000000000	0000000000000000	0000000000000	000000000000000
00000000000000	0000000000000	0000000000	0000100000000000	0000000000000	000000000000000
00000000000000	0000000000000	0000000000	0001000010000000	0000000000000	000000000000000
00000000000000	0001000000000	0000000000	0000000000000000	0001000000000	000000000000000
10000000000000	0000100000000	0000000000	0000000000000000	0000001000010	000000000000000
00000110000000	0000000000000	0000000000	0000000000000000	1000000000000	000000000000000
00000000000000	0000000000000	0000000000	0000100000000000	0100000000000	000000000000000
00000000000000	0000000000000	0000000000	0000100000000000	0000000000000	000000000000000
00000000001000	0000000000000	0000000000	0000000000000000	0000000000000	000000001000000
00000000000000	0000000000000	0000000000	0000000000000000	0000000000000	000000000000000
00000000000000	0000000000000	0000000000	0001000010000000	0000000000000	000000000000000
00000000001000	0000000000000	0000010000	0000000000000000	0000000000000	000000001000000
00000000000010	0000001000000	0000000000	0000000000100000	0000000000000	000000000000000
00000000000000	0000000000000	1000000000	0000100000000000	0000000000000	000000000000000
00000000000000	0000000100000	0000000000	0010000100000000	0000000000000	000000100100000
00000000000010	0000001000000	0000000000	0000000000001000	0000000000000	000000000000000
00000000000010	0000001000000	0001000000	0000000000000000	0000000000000	000000000000000
00000110000000	0000000000000	0000000000	0000000000000000	1000000000000	000000000000000
00000000000000	0000000000000	0000000000	0000100000000000	0000000000000	000000000000000
00000000000000	0000000100000	0000000000	0010000100000000	0000000000000	000000100100000
00000000000001	0000000000000	0000000000	0000001000000000	0000000000000	000000000000000
00000000000000	0000000000000	0000000000	0000000000000000	0000000000000	000000000000000
10000000000000	0100000000000	0000000000	0000000000000000	0010001000010	000000000000000
00000000000000	0000000000000	0000000000	0000100000000000	0000000000000	000000000000000
00000000000000	0000000100000	0000000000	0010000100000000	0000000000000	000000000100010
00000000000000	0000000000000	0000000000	0000000000000000	0000000000000	000000000000000
00000000000000	0000000100000	0000000000	0010000100000000	0000000100000	000000100100000
00000000000000	0000000100000	0100000000	0010000100000000	0000000000000	000000100100000
00000000000000	0000000100000	0000000000	0010000101000000	0000000000000	000000100100000
00000000000000	0000000100000	0000000000	0010000100000000	0000000000000	000000100100000
00000000000000	0000000000000	0000100000	0000000000000000	0000000000000	000000000000000
00010000000000	0000000000001	0000000000	0000000000000000	0000000010000	000000000010000
00000000000001	0000000000000	0000000000	0000001000000000	0000000000000	000000000000000
10000000000100	0100000000000	0000000000	0000000000000000	0010001000010	000000000000000
00000000000000	0000000100000	0000000000	0010000100000000	0000000000000	000000100100000
00000000000000	0000000100000	0000000000	0010000100000000	0000000000000	000000000100000
00000000000000	0000000000000	0000000000	0000000000000000	0000000000000	000000000000000
00000000000000	0000000000000	0000000000	0000000000000000	0000000000000	000000000000000
10000000000000	0100000000000	0000000000	0000000000000000	0010001000010	000000000000000
00000000000010	0000001000000	0001000000	0000000000000000	0000000000000	000000000000000
00000000000000	0000000100000	0000000000	0010000100000000	0000000000000	000000100100000
00000000000000	0000000100000	0000000000	0010000100000000	0000000000000	000000100100000
00000000000000	0000000000000	0000000000	0000100000000000	0000000000000	000000000000000
00000000000000	0000000000000	0000000000	0000100000000000	0000000000000	000000000000000
00000000000000	0000000000000	0000000000	0000100000000000	0000000000000	000000000000000
00000000000000	0000000000000	0000000000	0000100000000000	0000000000000	000000000000000
00000000000000	0000000000000	0000000000	0000110000000000	0000000000000	000000000000000
00010000000000	0000000000001	0000000000	0000000000000000	0000000000000	000100000010000
00000000000000	0000000000000	0000000000	0000000000000000	0000000001000	001010010000000
00000000000000	0000000000000	0000000001	0000100000000000	0000000000000	000000000000000
00000110000000	0000000000000	0000000000	0000000000000000	1000000000000	000000000000000
00000000100000	0001000000000	0000000000	0000000000000000	0001000000000	000000000000000
00000000000000	0000000000000	0000000000	0000100000000000	0000000000000	000000000000000
00000110000000	0000000000000	0000000000	0000000000000000	0000000000000	000000000000000
00000000000000	0000000000000	0000000000	0000000000000000	0000100000000	000000000000000
00000000000000	0000000000000	0000000000	0001000010000000	0000000000000	000000000000000
00000000010000	0000000000000	0000000000	0000000000000000	0000000000000	000000000000000
00000000000000	0000000000000	0000000001	0000100000000000	0000000000000	000000000000000
00000000001000	0000000000000	0000010000	0000000000000000	0000000000000	000000001000000
00000000000000	0010000010010	0000000000	0000000000000000	0000000000000	000000000000000
01000000000000	0000000000000	0000000000	0000000000010000	0000000000100	010000000001000
00000000000000	0000000000000	0000000000	0000000000000000	0000000000100	010000000001000
00000000000000	0000000000000	0000100000	0000000000000000	0000000000000	000000000000000
00000000000000	0000000000000	0000000000	0000100000000000	0000000000000	000000000000000
00000000000000	0000000000000	1000000000	0000100000000000	0000000000000	000000000000000
00000000000000	0000000100000	0000000000	0010000100000000	0000000100000	000000100100000
00000000000000	0000000100000	0000000000	0010000100000000	0000000000000	000000000100000
00000000000000	0000000000000	0000000000	0000100000000000	0000000000000	000000000000000
00000000001000	0000000000000	0000000000	0000000000000000	0000000000000	000000001000000
00000100000000	0000000000000	0000000000	1000000000000000	0000000000000	000000000000000
00000000000000	0000000000000	1000000000	0000100000000000	0000000000000	000000000000000
00000000001000	0000000000000	0000010000	0000000000000000	0000000000000	000000001000000
00000100000000	0000000000000	0000000000	0000000000000000	0000000000000	000000000000000
00000000000000	0000000000000	0010001000	0100000000000000	0000000000000	100000000000000
00000000000000	0001000000000	0000000000	0000000000000000	0001000000000	000000000000000
00000000000000	0000000000000	0000000000	0000100000000000	0000000000000	000000000000000
00000110000000	0000000000000	0000000000	0000000000000000	0000000000000	000000000000000
00000000000000	0000000000000	0000000000	0000100000000000	0000000000000	000000000000000
00100000000010	0000001000000	0000000100	0000000000001100	0000000000000	000000000000000
00000000000000	0000000000000	0000000010	0000000000000010	0000000000000	000000000000000
00000000000001	0000000000000	0000000000	0000000000000000	0000000000000	000001000000000
00000000000000	0000000000000	0000000000	0000000000000000	0000000000000	000000000000000
00000000000000	0000000000000	0000000000	0000000000000000	0000000000000	000000000000000
00001000000000	0000000000000	0000000000	0000000000000000	0000000000000	000000000000000
00000000000010	0000001000000	0000000000	0000000000001000	0000000000000	000000000000000
01000000000000	0000000000000	0000000000	0000000000010000	0000000000100	010000000001000
10000000000000	0100000000000	0000000000	0000000000000000	0010001000010	000000000000000
00000000000000	0001000000000	0000000000	0000000000000000	0001000000000	000000000000000
00000000000000	0001000000000	0000000000	0000000000000000	0001000000000	000000000000000
00000000000000	0001000000000	0000000000	0000000000000000	0001000000000	000000000000000
00000000000000	0000000000000	0000000000	0000000000000000	0000100000000	000000000000000
00000000000000	0000000000000	0000000000	0000000000000000	0000000000000	000000000000000
00000000000000	0000000000000	0000001000	0000000000000000	0000000000000	100000000000000
00000000000000	0000000000000	0000000000	0000000000000000	0000000000000	000000000000000
10000000000000	0100000000000	0000000000	0000000000000000	0010001000010	000000000000000
00000000000000	0000000010000	0000000000	0000000000000000	0000000000000	000000000000000
00000000000001	0000000000000	0000000000	0000001000000000	0000000000000	000000000000000
00000000000000	0000000000000	0000000000	0000100000000000	0000000000000	000000000000000
00000000000000	0000000000000	0000000000	0001000010000000	0000000000000	000000000000000
00000000000000	0000000000000	0000000000	0000000000000000	0000000000000	000000000000000
00000000000000	0000000000000	0000000000	0001000010000000	0000000000000	000000000000000
00000110000000	0000000000000	0000000000	0000000000000000	1000000000000	000000000000000
00000000000000	0000000000000	0000000000	0001000010000000	0000000000000	000000000000000
00000000000010	0000001000000	0000000000	0000000000100000	0000000000000	000000000000000
00000000000000	0000000000000	0000000000	0000000000000000	0000000000000	000000000000000
00000000000000	0000000000000	0000000000	0001000010000000	0000000000000	000000000000000
00000000000001	0000000000000	0000000000	0000001000000000	0000000000000	000000000000000
00000000010000	0000000000000	0000000000	0000000000000000	0000000000000	000000000000000
00000000000000	0000000000000	0000000000	0000100000000000	0000000000000	000000000000000
00010000000000	0000000000001	0000000000	0000000000000000	0000000010000	000000000010000
00000000000000	0000000000000	0000000000	0000000000000000	0000000000000	001000010000000
00000000001000	0000000000000	0000000000	0000000000000000	0000000000000	000000001000000
00000000000000	1000000000000	0000000000	0000100000000000	0000000000000	000000000000000
00000000000000	0000000010000	0000000000	0000000000000000	0000000000000	000000000000000
00000000000000	0000010000000	0000000000	0000000000000000	0000000000000	000000000000000
00000000000000	0000000100000	0000000000	0010000100000000	0000000100000	000000100100000
00000000000000	0000000000000	0010001000	0000000000000000	0000000000000	100000000000000
00010000000000	0000000000001	0000000000	0000000000000000	0000000000000	000100000010000
00000000000000	0000000000000	0000000000	0000000000000000	0000000000100	010000000001000
00000000000000	0000010000000	0000000000	0000000000000000	0000000000000	000000000000000
00000000000000	0000000010000	0000000000	0000000000000000	0000000000000	000000000000000
10000000000000	0100000000000	0000000000	0000000000000000	0010001000010	000000000000000
00000000000000	0001000000000	0000000000	0000000000000000	0001000000000	000000000000000
00000000000010	0000001000000	0001000000	0000000000000000	0000000000000	000000000000000
00000000010000	0000000000000	0000000000	0000000000000000	0000000000000	000000000000000
00000000000010	0000001000000	0001000000	0000000000000000	0000000000000	000000000000000
00000000000001	0000000000000	0000000000	0000001000000000	0000000000000	000000000000000
00000000000000	0000000100000	0000000000	0010000100000000	0000000100000	000000100100000
00000000000000	0000000100000	0000000000	0010000100000000	0000000000000	000000100100000
00000000000010	0000001000000	0000000000	0000000000000000	0000000000000	000000000000000
00000000000000	0000000000000	0000000000	0000000000000000	0000100000000	000000000000000
00000000000000	0000000000000	0000001000	0000000000000000	0000010000000	100000000000000
00000000000000	0000000001000	0000000000	0000000000000000	0000000000001	010000000001001
00000000000000	0000000000000	0000000000	0000000000000000	0000000000000	000000000000000
00000000000001	0000000000000	0000000000	0000000000000000	0000000000000	000000000000000
00000001000000	0000000100000	0000000000	0010000100000000	0000000000000	000000000100000
00000000000000	0000000100000	0000000000	0010000100000000	0000000000000	000000100100100
00000000000000	0000000100000	0000000000	0010000100000000	0000000000000	000000100100000
00000000000000	0000000010000	0000000000	0000000000000000	0000000000000	000000000000000
00000000000000	0000000000100	0000000000	0000100000000000	0000000000000	000000000000000
00000000000000	0000000000000	0000000000	0000000000000000	0000100000000	000000000000000
00000110000000	0000000000000	0000000000	0000000000000000	0000000000000	000000000000000
00010000000000	0000000000001	0000000000	0000000000000000	0000000010000	000000000010000
00000000000001	0000000000000	0000000000	0000000000000000	0000000000000	000000000000000
00000000000001	0000000000000	0000000000	0000001000000000	0000000000000	000000000000000
00000000000001	0000000000000	0000000000	0000001000000001	0000000000000	000000000000000
00000000000010	0000001000000	0000000000	0000000000100000	0000000000000	000000000000000
00000001000000	0000000100000	0000000000	0010000100000000	0000000000000	000000000100000
00000000000000	0000000000000	1000000000	0000100000000000	0000000000000	000000000000000
