00000	0000	0000010	0000	00000000000	000
00000	0000	0000000	0000	00000000000	000
00000	0000	0000000	0000	00000000000	000
00000	0000	0000000	0000	00000000000	010
00000	0001	0000000	0000	00000000000	000
00000	0000	0000000	0000	00000000000	000
00000	0000	0000000	0000	01000000000	000
00000	0000	0000000	0000	00000000000	000
00000	0000	0000000	0000	01000000000	000
00000	0000	0000000	0000	01000000000	000
00000	0000	0000000	0000	00000000000	000
00000	0000	0000000	0000	00000000000	000
00000	0000	0000000	0000	00000000000	000
00000	0000	0000000	1000	00000000000	000
00000	0000	0000000	0000	00000000000	001
00000	0000	0000000	0000	00000000000	000
00000	0000	0000000	0000	00000000000	000
00000	0000	1000000	0100	00000000000	000
00000	0000	0000000	0000	00000000000	000
00000	0000	0000000	0000	00000000000	110
00000	0000	0000000	0000	00000000000	000
00000	0000	0000000	0000	00000001000	110
00000	0000	0000000	0000	00000000000	000
00000	0000	0000000	0000	00000000000	000
00000	0000	0010000	0000	00000000000	000
00000	0000	0000000	0000	00000000000	000
00000	0000	0000000	0000	00000000000	000
00000	0000	0000000	0000	00000000000	000
00000	0000	0010000	0000	00000000000	000
00000	0000	0000000	0000	00000000000	000
00000	0000	0000001	0000	10000000000	000
00000	0000	0000000	0000	00000000000	000
00000	0000	0000000	0000	00000000000	000
00000	0000	0000000	0000	00000000000	000
00000	0000	0010000	0000	00100000000	000
00000	0000	0000000	0000	00000000000	000
00000	0000	0000000	0000	00000000000	000
00000	0000	0000000	0000	00000000000	000
00000	0000	0100000	0000	00000000000	000
00001	0100	0000000	0000	00000000000	000
00000	0000	0000000	0000	00000000000	000
00000	0000	0000000	0000	00000000000	000
00000	0000	0000000	0000	00001000000	010
00000	0000	0010000	0000	00000000000	000
00000	0000	0000000	0000	10000000100	000
00000	0000	1000000	0000	00000000000	000
00000	0000	0000000	0000	00000000010	000
00000	0000	0000000	0000	00000000000	001
00000	0000	0000000	0000	00000000000	000
00000	0000	0000000	0000	00000000000	000
00000	0000	0000000	0000	00000000000	000
00000	0000	0000000	0000	00000000000	000
00000	0000	0000000	0000	00000000000	000
00000	0000	0000000	0000	00000100000	000
00000	0000	0000000	0000	00000000000	000
00000	0000	0000000	0000	00000010000	000
00000	0000	0000000	0000	00000000000	000
00000	0000	0000000	0000	00000000000	000
00000	1000	0000000	0000	00000000000	000
00000	0000	0000000	0000	00000000000	000
00000	0000	0000000	0000	00000000000	000
00000	0000	0000000	0000	00000000000	000
00000	0000	0010000	0000	00000000000	000
00000	0000	1000000	0000	00000000000	000
00000	0000	0000000	0000	00000000000	000
00000	0000	0000000	0000	00000000000	000
00010	0000	0000000	0000	00000000000	000
00000	0000	0000000	0000	10000000100	000
00000	0000	0000000	0000	00000000000	000
00000	0000	0000000	0000	01000000000	000
00000	0000	1000000	0000	00000000000	000
00000	0000	0000000	0000	00000000000	000
00000	0000	0000000	0000	00000000000	000
00000	0000	1000000	0000	00000000000	000
00000	0000	0000000	0001	00000000010	000
00000	0000	0000000	0000	00000000000	110
00000	0000	0000001	0000	10000000000	000
00000	0000	0000000	0000	00000000000	001
00000	0000	0000000	0000	00000000000	000
00000	0000	0000000	0000	00000000000	000
00000	0000	0000000	0000	00000000000	000
00000	0000	0000001	0000	10000000000	000
00000	0000	0001000	0000	00000000000	000
00000	0000	0000000	0000	00000000000	000
00000	0000	1000000	0000	00000000000	000
00000	0000	0000000	0000	00000000000	000
00000	0000	0000000	0000	00000000000	000
00000	0000	1000000	0000	00000000000	000
00000	0000	0000000	0000	00000000000	000
00000	0000	0000000	0000	00000000000	000
00000	0000	0000000	0000	00000000000	000
00000	0000	0000000	0000	00000100001	000
00000	0000	0010000	0000	00000000000	000
00000	0000	0000000	0000	00000000000	000
00000	0000	0000000	0000	00000000000	001
00000	0000	0000000	0000	00000000000	000
00000	0000	1000000	0000	00000000000	000
00000	0000	0000000	0000	00000000000	000
00000	0000	0000000	0000	00000000000	000
00000	0000	0000000	0000	00000000000	000
00000	0000	0000000	0000	00000001000	110
00100	0000	0000000	0000	00000000000	000
00000	0000	0000000	0000	00000000000	000
00100	0000	0000000	0000	00000000000	000
00000	0000	0000000	0000	00000000000	000
00000	0000	0000000	0000	00000000000	000
00000	0000	0000000	0000	00010000000	000
00000	0000	0010000	0000	00000000000	000
00000	0000	0000000	0000	00000000000	000
00000	0000	0000000	0000	00000000000	000
00000	0000	0010000	0000	00000000000	000
00000	0000	0000000	0000	00000000000	000
00000	0000	0000000	0000	00000000000	000
00000	0000	0000000	0000	00000000000	000
00000	0000	0000000	0000	00000000000	000
00000	0000	1000000	0000	00000000000	000
00000	0010	1000000	0010	00000000000	000
00000	1000	0000000	0000	00000000000	000
00000	0000	0001000	0000	00000000000	000
00000	0000	0000010	0000	00000000000	000
00000	0000	0000010	0000	00000000000	000
00000	0000	0000000	0000	00000000000	000
00001	0100	0000000	0000	00000000000	000
00000	0000	0000000	0000	00000000000	000
00000	0000	0000000	0000	00000000010	000
00000	0000	0000000	0000	00000000010	000
00000	0000	0000000	0000	00000001000	110
00000	0000	0000000	0000	00000000010	000
00000	0000	0000000	0000	01000000000	000
00001	0100	0000000	0000	00000000000	000
00000	0000	1000000	0000	00000000000	000
10000	0000	0000000	0000	00000000000	000
00000	0000	1000000	0000	00000000000	000
01000	0000	0000000	0000	00000000000	000
00000	0000	0000000	0000	00000000000	000
00000	0000	0000010	0000	00000000000	000
00000	0000	0000000	0000	00000000000	000
00000	0000	0000000	0000	00000000010	000
00000	0000	0000000	0000	00000001000	110
00000	0000	0000100	0000	00000000000	000
00000	0000	0000000	0000	00000000000	000
00000	0000	0000010	0000	00000000000	000
00000	0000	0000000	0000	00000000000	000
00000	0000	0000000	1000	00000000000	000
00000	0000	0000001	0000	10000000000	000
00000	0000	0000000	0000	00000100000	000
00000	0000	1000000	0000	00000000000	000
00000	0000	0000000	0000	00000000000	000
00000	0000	0000000	0000	00000001000	110
00000	0000	0100000	0000	00000000000	000
