0000100	00000000000000000
0000000	00001000000000000
0000001	00000000000001000
0000000	00000000000000000
0000000	10000000000000000
0000000	00000000000000100
0000000	00001000000000000
0000000	00000000000000100
0000001	00000000000001000
0000000	00000000000000100
0000000	00000000000000000
1000000	00000000000000000
0000100	00000000000000000
0000000	00000100000000000
0000000	00000000000000000
0000010	00000000000000100
0000000	00000100000000000
0000000	00000000000000000
0000000	00000000000000100
0000000	00000000000000000
0000100	00000000000000000
0000000	10000000000000000
0000000	00000000000000100
0000000	00000000000000000
0000001	00000000000000000
0000000	00000100000000000
0000000	00000000000000000
0000100	00000000000000000
0000000	00000000000000000
0000100	00000000000000000
0000000	00000000000000000
0000100	00000000000000000
0000000	00000000000000100
0000001	00000000000001000
0000000	00000000000000000
0000000	00000000000000000
0000000	00000000000000000
0000000	00000000000000000
0000000	00000000000000000
0000000	00100000000000000
0000010	00000000000000100
0000000	00000000000000000
0000100	00000000000000000
0000000	00000000000000000
0000000	00001000000000000
0000000	00000000000000100
0000100	00000000000000000
0000000	00000000000000100
0000001	01000000000000000
0000000	00000000000000000
0000000	00000000000000000
0000000	00000000000000100
0000000	00001000000000000
0000000	00000100000000000
0000000	00001000000000000
0000000	00000000000000000
0000000	00001000000000000
0001000	00000001000100001
0000000	00000000000000000
0000000	00000000000000100
0000000	00000000000000110
0000000	00100000000000000
0000000	00000001000100001
0000000	00000000000000000
0000000	00000010000000000
0000000	00000000000000000
0000000	00000000000000100
0000000	00000000000000000
0000100	00000000001000000
0000000	00000000000000100
0000000	00001000100000000
0000000	00000000000000100
0000000	00000000000000000
0000010	00000000000000100
0000000	00000000000000100
0000001	00000000000001000
0000000	00000000000000000
0000000	00000000000000100
0000100	00000000000000000
0000000	00000000000000000
0000000	00000000000000100
0000000	00000000000000000
0000000	10000000000000000
0000000	00000000000000000
0000000	00000000000000100
0000000	10000000000000000
0000000	00001000000000000
0000001	00000000000000000
0000000	00000000000000100
0000000	00000000000000000
0000000	00000100000000000
0000000	00000000000000000
0000000	00000000000000100
0000000	00000000000000000
0000100	00000000001000000
0000000	00001000000000000
0000000	00000000000000000
0000000	00100000000000000
0000000	00100000000000000
0000000	00000000000000100
0000000	00000000000000100
0000000	00000100000000000
0000000	00000000000000000
0000000	00000000000000000
0000000	00000000000000100
0000000	00000000000000000
0000100	00000000000000000
0000000	00000000000000100
0000010	00000000000000100
0000100	00000000000000000
0000000	00100000000000000
0000000	00000000000000000
0000000	00000100000000000
0000000	00000000000000000
0000000	00001000000000000
0000000	00000000000000000
0000000	00000000000000100
0000000	00000000000000000
0000000	00000000010000000
0000100	00000000000000000
0000000	00000000000000000
0010000	00000000000000100
0000000	00100000000000000
0100000	00000000000000000
0000000	00000000000000100
0000000	00001000000000000
0000000	00000000000000100
0000001	00000000000001000
0000000	00000000000000000
0000000	00000000000000100
0000001	00000000000000000
0000000	00000000000000100
0000000	00000000000000100
0000000	00000000000000100
0000001	00000000000001000
0000100	00000000000000000
0000000	00000000000000000
0000000	00000000000000000
0001000	00000001000100001
0000000	00000000000000100
0000100	00000000000000000
0000100	00000000000000000
0000000	00010000000010000
0000000	10000000000000000
0000000	00000000000000000
0000001	00000000000001000
0000000	00000100000000000
0000000	00000000000000000
0000000	00000000000000000
0000000	00000000000000000
