0000000	0000000000001
0000000	0000000000000
0000000	0000000000000
0001000	0000000000000
0000000	0000000000000
0000000	0000000000000
0000000	0000000000000
0000000	0000000000000
0000000	0000000000000
1010000	0000000000000
0000100	0000000000000
0001000	0000000000000
0000000	0000000000000
0001000	0000000000000
0000000	0000000000000
0000000	0000000000000
0000000	0000010000001
0000000	0000000000000
0000000	0000000000000
0001000	0000000000000
0000000	0000000000000
1010000	0000000000000
0000000	0000000000000
0000000	0000000000000
0000000	0000000000000
0000000	0000000000000
0000000	0000100000000
0000000	0000000000000
0000000	0000000000000
0000000	0000000000000
0000000	0000100000000
0000000	0000000000000
0000000	0000000000000
0000000	0000000000000
1010000	0000000000000
0000000	0000000000000
0000000	0000000000000
0000000	0000000000000
0000000	0001000000000
0000000	0000000000000
0001000	0000000000000
0000001	0010000000000
0000000	0000000000100
0000000	0000001000001
0000000	0000000000000
0001000	0000000000000
0000000	0000000000000
0000000	0000000000000
0001000	0000000000000
0000000	0000001000001
0000000	0001000000000
0000000	0000000000000
0000000	0000000000000
0000000	0000000000000
0000000	0000001000001
0000000	1000000000001
0000000	0000000000000
0000000	0001000000000
0001000	0000000000000
0000000	0000000011000
0000000	1000000000001
0000000	0000000000100
0001000	0000000000000
0000000	0100000000100
1010000	0000000000000
0001000	0000000000000
0000000	0000000000000
0000000	0000000000000
0000000	0000000000000
0000000	0000000000000
1010000	0000000000000
0000000	0000010000001
0000000	0000000000000
1010000	0000000000000
0001000	0000000000000
0000000	0000010000001
0000000	0000000000000
0000000	0000001100001
0000000	0000000000000
0000000	0000000000000
1010000	0000000000000
0000000	0000000000000
0000000	0000000000000
0000000	0000000000000
0000000	0000000000000
0000000	0000000000000
0000000	0000100000000
0000000	0000000000010
0000000	0000000000000
0000000	0000000000000
0000000	0000000000000
1010000	0000000000000
0000000	0000010000001
0000000	0000000000000
0000000	0000000000100
0000000	0000000000000
0000000	0000000000000
0000000	0000000000000
0000000	0000000000000
0000000	0000000000000
0001000	0000000000000
0000000	0000000000000
0000000	0000010000001
0001000	0000000000000
0000000	0000000000000
0000000	0000000000000
0001000	0000000000000
0000000	0000000000000
0000000	0001000000000
0000000	1000000000001
0000000	0000000000000
0000000	0000001000001
0000000	0000000000000
0000000	0000000000000
0000000	0000100000000
1010000	0000000000000
0000000	0000000011000
0000000	0000001000001
0000000	0000000000000
0000000	0000000000000
0000000	0000000000000
0000000	0001000000000
0000000	0000100000000
1010000	0000000000000
0000000	0000000000100
0000000	0100000000100
1010000	0000000000000
0000000	0000000000000
0000010	0000000000000
0000000	0000000000000
0000000	0000000000000
0000000	0000000000000
0000000	0000000000001
0000000	0000000000100
0000000	0000000000000
0000000	0000000000000
0000000	0000000000000
0000000	0000000011000
0000000	0000000000000
0000000	0001000000000
0000000	0000000000000
0000000	0000000000000
0001000	0000000000000
0000000	0000001000001
0001000	0000000000000
0001000	0000000000000
0000000	0000001000001
0000000	0000000000000
0000000	0000000000000
0100000	0000000000000
