000100000000	00000000000
000010000000	00000000000
000000000000	00000000000
000000000000	00000000000
000000000000	00000000000
000000000000	00000000000
000000000000	00000000000
000000000000	00000000000
000001000000	00100010000
000000000000	00000100000
000000010100	00000000000
000000000000	00000000000
000000000000	00000000000
000000000000	00000100000
000000000000	00000000000
000000000000	00000000000
000000000000	00000000000
000000000000	00000000000
000000000000	00000000000
000000000100	00000000000
000000000000	00000000000
000000000000	00000000000
000000000000	00000000000
000000000000	00000000000
000010000000	00000000000
000000000000	00000000000
000000000000	00000000000
000000000000	00010000000
000000000000	00000000000
000000000000	00000000000
000000000000	00000000000
000000000000	00000000000
000000000000	00000000000
000000000000	00000000000
000000000000	00000000000
000100000001	00000000000
000000000000	00000000100
000000000000	00000000000
000000000000	00000000000
000000000000	00000000000
000000000000	00000000000
000000000000	00000000000
000000000100	00000000000
000000000000	00000000000
000000000000	00000000000
000000000000	00000000100
000000000000	00000000000
000000100000	00000001000
000000100000	00000001000
000000000000	00000000000
000000000000	00000000000
000000000000	00001000000
000000000000	00000000000
000000000000	00000000000
000000000000	00000000000
000000100000	00000001000
000000000000	10000000000
010000000000	00000000000
000100000001	00000000000
000000000000	00000000000
000000100000	00000001000
000100000001	00000000000
000000000000	00000000000
000100000001	00000000000
000000000100	00000000000
000000000000	00000000000
000000000000	00000000000
000000000000	00000100000
000001000000	00100010000
000000000000	00000000000
000000000000	00000000000
000000000000	00000000000
000000000000	00000000000
000000000000	00000100000
000001000000	00100010000
000000000000	00000000000
000000000000	00000000000
000000000000	00000000000
000000000000	00000000000
000000000000	00000000000
000000000000	00000000000
000000000000	00000000000
000000000000	00000000000
000000000000	00000000000
000000000000	00000000000
000000000000	00000000100
001000000000	00000000000
000000000000	00000000000
000000000000	00000000000
000001000000	00100010000
000000000000	00000000000
000000000000	00000000000
000000000000	00000000000
000000000000	00000000000
000000000000	00000000000
000000000000	00000000000
000000000000	00000000000
000000000000	00000000000
000000000000	00000000000
100000000000	00000000000
000000000000	00000000000
000000000000	00000000000
000000000000	00000000000
000010000000	00000000000
000000000000	00000000100
000000000000	00000000000
000000000000	00000000000
000000000000	00000000100
000000000010	00000100000
000000000000	00000000000
000000000000	00000000000
000100000001	00000000000
000000000000	00000000000
000100000000	00000000000
000000000000	00000000000
000000000000	00000100000
000000000000	00000000000
000000000000	00000000000
000000000000	00000000000
000000000000	00000000000
000000100000	00000001000
000000000000	00000000010
000000000000	00000000100
000000000000	00000000000
000000000000	00000000000
000000000000	00000000000
000000000000	00000000000
000000000000	00000000000
000000000000	00000000000
000000000000	00000000001
000000000000	00001000000
000000000000	00000000000
000000001000	00000000000
000000000000	01000000000
000000000000	00000000000
000000000000	00000000000
000000000000	00000000000
000000000000	00000000000
000000000000	00000000000
000000000000	00000000000
000000000000	00000000000
000000000000	00000000000
000000000000	00000000000
000000000000	00000000000
000000000000	00000000000
000000000000	00000000000
000100000001	00000000000
000000000000	01000000000
000000000000	00010000000
000000000000	00000000000
