00100000000	00000000010000	00000000000	000000000000	0000000000000	0000000000000
00000000000	00000000010000	00000000000	000000000000	0000010000000	0000000000000
00000000000	00000000000000	00000000000	000000000000	0000000000000	0000000000000
00000000000	00000010000000	00000000000	010000000000	0000000000000	0000000000000
00000000000	00000000100000	00000000000	000000000000	0000000000000	0000000000000
00000000000	00000010000000	00000000000	010000000000	0000000000000	0000000000000
00000000000	10000000000000	00010000000	000000000000	0000001100000	0000000000010
00000000000	10000000000000	00010000000	000000000000	0000001100000	0000000000010
00000000000	00000000000000	01000000000	000010100010	0000000000100	0000000000000
00000000000	00000010000000	00000000000	010000000000	0000000000000	0000100000000
00000000000	00000000000000	00000000000	000000000000	0000000000000	0010000000000
00000000000	00000000000000	00000000000	000000000000	0000000000000	0010000000000
00000000000	00000000000000	01000000000	000000000000	0000000000100	0000000000000
00000000000	00000000000000	00000000000	000000000000	0000000000001	0000000000000
00000000000	10000000000000	00010000000	000000000000	0000001100000	0000000000010
00000000000	00000000000000	00000000000	000000000000	0000000000000	0010000000000
00000000000	10000000000000	00010000000	000000000000	0000001100000	0000000000010
00000100000	00000000000000	00000000000	000000000000	0000000000000	0000010000001
00000000000	00000000000000	00000000000	000000000000	0000000000000	0010000000000
00000000000	00000000000000	01000010000	000000000000	0000000000100	0000000000000
00000000000	10000000000000	00010000000	000000000000	0000001100000	0000000000010
00000010000	00000000000000	00000000000	000000000000	0000000000000	0000010000000
00000000000	00000000000000	00000000000	000000000000	0000000000000	0010000000000
00000000000	00000000000000	00000000000	000000000000	0000000000000	0010000000000
00000000000	00000000010000	00000000000	000000000000	0000010000000	0000000000000
00000000000	00000000010000	00000000000	000000000000	0000010000000	0000000000000
00000000001	00100000010000	00000000000	000000000000	0000000000000	0000000000000
00000000000	00000000000000	10000000100	000000000000	0000000000000	0010000000000
00000100000	00000000000000	00000000000	000000000000	0000000000000	0000010000001
00000000000	00000000010000	00000000000	000000000000	0000010000000	0000000000000
00000000100	10000000000000	00010000000	000000000000	0000001100000	0000000000010
10000000000	00000000000000	10000000000	000000000000	0000000000000	0010000000000
00000000000	00000000000000	00000000000	000000000000	1010000000000	0010000010000
00000000000	00000000000000	01000000000	000010001000	0000000000100	0100000000000
00000000000	00100000010000	00000000000	000000000000	0000000000000	0000000000000
00000000000	00000010000000	00000000000	010000000000	0000000000000	0000000000000
00000000000	00000000000000	01000000000	000000000000	0000000000100	0000000000000
00000000000	10000000000000	00010000000	000000000000	0000001100000	0000000000010
00000000000	00000000000000	01000000000	000000000000	0000000000100	0000000000000
00000000000	10000000000000	00010000000	000000000000	0000001100000	0000000000010
00000000000	00000000000000	00000000000	000001000000	0000000000000	0000000000000
00000001010	00000000000001	00000000000	000100000000	0000000000000	0000000000000
00000000000	00000000010000	00000000000	000000000000	0000010000000	0000000000000
00000000000	10000000000000	00010000000	000000000000	0000001100000	0000000000010
00000000000	00000000000000	00000000000	000000000001	0000000000000	0000010000001
00000000000	00000000000000	00000000000	000001000000	0000000000000	0000000000000
00000000000	00000000000000	01000010000	000000000000	0000000000100	0000000000000
00000000000	00000000000001	00000000000	000000000000	0000000000000	0000000000000
00000000000	00000000010000	00000000000	000000000000	0000000000000	0000000000000
00000000000	00000010000000	00000000000	010000000000	0000000000000	0000000000000
00000000000	00000000000010	01000100000	000000000000	0000000000100	0000000000000
00000000000	00000000000000	01000000000	000010100000	0000000000100	0000000000000
00000000000	00000000000000	01000000000	000000000000	0000000000100	0000000000000
00000000000	00000000000000	01000000000	000000000000	0000000000100	0000000000000
00000000000	00000000000000	00000000000	000000000000	0000000000000	0000000000000
00000000000	00000000000001	00000000000	000000000000	0000000000000	0000000000000
00000000000	00000000000000	01000000000	000000000000	0000000000100	0000000000000
00000000000	00000000000000	01000000000	000000000000	0000000000100	0000000000000
00100000000	00000000010000	00000000000	000000000000	0000000000000	0000000000000
00000000000	00000000000000	01000000000	000010000000	0000000000100	0000000000000
00000000000	00000000000000	00000000010	000000000000	0000000000000	0010000000000
00010000000	00000000000000	00001000000	000000000000	0001000000000	0000000000000
00000000000	00000000000000	00000000000	000000000000	0000000000000	0000010000001
00000000000	00000000000000	00000000000	100000000000	0000000000000	0000001000000
00000000000	00000000000000	00000000000	000000000100	0100000000000	0000000100000
00000000000	10000000000000	00010000000	000000000000	0000001100000	0000000000010
00000000000	00000000000001	00000000000	000000000000	0000000000000	0000000000000
00100000000	00000000010000	00000000000	000000000000	0000000000000	0000000000000
00000000000	10000000000000	00010000000	000000000000	0000001100000	0000000000010
00000000000	00000000000000	00000000000	000000000000	1010000000000	0010000000000
00001000000	00000000000000	00000000000	000000000000	0000000000000	0010000000000
00000000000	00000000010000	00000000000	000000000000	0000000000000	0000000000000
00000000000	00000000000000	00000000000	000000000000	0001000000000	0000000001000
00000000000	00000000000000	00000000000	000000000000	0000000000000	0000000000000
00000000000	00000000000000	00000000000	000000000100	0100000000000	0000000100000
00000000000	00000000000000	00000000000	000000000000	0000000000001	0000000000000
00000000000	00000100000000	00000000000	000000000000	0000000010000	0001000000000
00000000000	10000000000000	00010000000	000000000000	0000001100000	0000000000010
00000000000	00000000000000	00000000000	000000000000	0000000000001	0000000000000
00000000000	00000000000000	00000000000	000000000000	0000000000000	0010000000000
00000000000	00000000010000	00000000001	000000000000	0000010000000	0000000000000
00000000000	10000000000000	00010000000	000000000000	0000001100000	0000000000010
00000000000	00000000000000	00000000000	000000000001	0000000000000	0000010000001
00000000000	00000000000100	00000000000	000000000000	0000000000000	0000000000000
10000000000	00000000000000	10000000000	000000000000	0000000000000	0010000000000
00000000000	00000000000000	01000000000	000000000000	0000000000100	0000000000000
00000000000	00000000000000	01000000000	000010100000	0000000000100	0000000000000
00000000000	00010000000000	00000000000	000000000000	1010000000010	0010000000000
00000000000	10000000000000	00010000000	000000000000	0000001100000	0000000000010
00000000000	10000000000000	00010000000	000000000000	0000001100000	0000000000010
00000000000	00000100000000	00000000000	000000000000	0000000010000	0001000000000
00000000000	00000000100000	00000000000	000000000000	0000000000000	0000000000000
00000000100	10000000000000	00010000000	000000000000	0000001100000	0000000000010
00000000000	10000000000000	00010000000	000000000000	0000001100000	0000000000010
00000000000	01000000000000	01000000000	000000000000	0000000000100	0000000000000
00000000000	00000100000000	00000000000	000000000000	0000000010000	0001000000100
00000000000	00000000000001	00000000000	000000000000	0000000000000	0000000000000
00000001010	00000000000001	00000000000	000100000000	0000000000000	0000000000000
00000000000	00001000000000	00100000000	000000010000	0000000001000	0000000000000
00000000000	00000000000000	00000000000	000000000000	0000000000000	0000000000000
00000000000	00000000000000	01000000000	000010000000	0000000000100	0000000000000
00000000000	00000000000001	00000000000	000000000000	0000000000000	0000000000000
00000000000	10000000000000	00010000000	000000000000	0000001100000	0000000000010
00000000000	00000000000000	00000000000	000000000000	0000000000000	0010000000000
00000000000	00000000000000	01000000000	000000000000	0000000000100	0000000000000
00000000000	00000010000000	00000000000	010000000000	0000000000000	0000000000000
00000000000	10000000000000	00010000000	000000000000	0000001100000	0000000000010
00000000000	00000000000001	00000000000	000000000000	0000000000000	0000000000000
00000100000	00000000000000	00000000000	000000000000	0000000000000	0000010000001
00000000100	10000000000000	00010000000	000000000000	0000001100000	0000000000010
00000000000	00000000000001	00000000000	000000000000	0000000000000	1000000000000
01000000000	00000000001000	01000000000	000000000000	0000000000100	0000000000000
00100000000	00000000010000	00000000000	000000000000	0000000000000	0000000000000
00000000000	10000000000000	00010000000	000000000000	0000001100000	0000000000010
00000000000	00000000000000	00000000000	000000000000	0000000000001	0000000000000
00000000000	00000001000000	01000000000	000000000000	0000000000100	0000000000000
00000000000	00000000010000	00000000000	000000000000	0000010000000	0000000000000
00000000000	00000000000000	00000000000	000000000000	0000000000000	0000010000000
00000000000	00000000000000	00000000000	000000000000	0000000000000	0000000000000
00000000000	00000000000000	00000000000	000000000000	0000000000001	0000000000000
00000000000	00000000000100	00000000000	000000000000	0000000000000	0000000000000
00000000000	00000000000100	00000000000	000000000000	0000000000000	0000000000000
00000000000	00000000000000	00000000000	000000000000	0000000000000	0000010000000
00000000000	00000000000000	00000000000	000000000100	0100000000000	0000000100000
00000000000	10000000000000	00010000000	000000000000	0000001100000	0000000000010
00000000000	00000000000000	00000000000	000000000000	0000000000000	0010000000000
00000000000	00000000000000	01000000000	000000000000	0000000000100	0000000000000
00000000000	00000000000000	00000000000	000000000000	1010100000000	0010000000000
00000000000	00000000000000	00000001000	000000000000	0000000000000	0000000000000
00000001010	00000000000001	00000000000	001100000000	0000000000000	0000000000000
00000000000	00000000000000	00000000000	000000000000	0000000000000	0010000000000
00000000000	00000000000000	00000000000	000000000000	0000000000000	0000000000000
00000000000	00000000000000	00000000000	000000000000	0000000000001	0000000000000
00000000000	10000000000000	00010000000	000000000000	0000001100000	0000000000010
00000000000	00001000000000	00100000000	000000010000	0000000001000	0000000000000
00000000000	00000000000001	00000000000	000000000000	0000000000000	0000000000000
00000000000	00000000000000	01000000000	000000000000	0000000000100	0000000000000
00000000000	00000000000100	00000000000	000000000000	0000000000000	0000000000000
00000000000	10000000000000	00010000000	000000000000	0000001100000	0000000000010
00000000000	00001000000000	00100000000	000000010000	0000000001000	0000000000000
00000000000	00000000000000	00000000000	000000000000	0000000000000	0010000000000
00000000000	00000000000000	10000000000	000000000000	0000000000000	0010000000000
00000000000	00000000000000	01000000000	000010000000	0000000000100	0000000000000
00000000000	00000000000000	00000000000	000000000000	0000000000000	0000000000000
00000000000	00000000000000	01000000000	000010000000	0000000000100	0000000000000
00000000000	00000000000000	01000000000	000010000000	0000000000100	0000000000000
00000000000	10000000000000	00010000000	000000000000	0000001100000	0000000000010
00000001010	00000000000001	00000000000	000100000000	0000000000000	0000000000000
00000000000	00000000000000	01000000000	000000000000	0000000000100	0000000000000
00000000000	00000000000000	00000000000	100000000000	0000000000000	0000001000000
