000000000	00000000001000000	00000000000000	00000000000000000000	00000000000000	00000000
000000000	00000000000000000	00000000000000	00000000000000000000	00000000010000	00000000
000000000	00000100000000001	00000000000000	00100000000001000000	00000000000000	00000010
000000000	00000000000000000	00000000000010	00001000000100000000	00000000001000	01000000
000000000	00000000000000000	00000000000000	10000000000000000000	00000000000000	10100000
000000000	00010000000000000	00000000000000	00000000000000000000	00000000000000	00000000
000000000	00000000000000000	00100000000000	00000000000100000000	00000000001000	01000000
000000000	00000000000000000	00000100000000	00000000000000001000	00000000000010	00000000
000000000	00000000000000000	00000100000000	00000000000000011000	00000000000000	00000000
000000000	00000000000000000	00000100000000	00000000000000011000	00000000000000	00000100
000000000	00000000000000000	00000000000000	00000000000000000000	00000000010000	00000000
000000000	00000000101000000	00000000000000	00000000000000000000	00000000000000	00000000
000000000	00000000001000000	00000000000000	00000000000000000000	00000000000000	00000000
000000000	00000000000000000	00000000000000	00000000000000000000	00000000010000	00000000
000010000	00000000000000000	00000000000000	00000000000000000000	00000000010000	00000000
000000000	00000000000010000	00000000000000	00000100000000000000	00000000000000	00000000
000000000	00000000000000000	00000000000000	00000001000000000000	00000000000000	00000000
000000000	00000000000000000	00000000000010	00001000000100000000	00000000001000	01000000
000000000	00000000000000000	00000100000000	00000000000000011000	00000000000000	00000000
000000000	00000000000000000	00000100000000	00000000000000011000	00000000000000	00000000
000000000	00000000000000000	00000000000000	00000000000000000000	00000000010000	00000000
000000000	00000000001000000	00000010000000	00000000000000000000	00000000000000	00000000
000000000	00000000000000000	00000100000000	00000000000000011000	00000000000100	00000000
000000010	10000000000000000	00000000000000	00000000000000000000	00000000000000	00000000
000000000	00000000000000000	00100000000000	00000000000100000000	00000000001000	01000000
000000000	00000000000000000	00000000000000	00000000000000000000	00000000010000	00000000
001000000	00000000000000000	00000000000000	00000000001000000000	00000000010000	00000000
000000000	00000000000000000	00000000000000	00000000000000000000	00000000010000	00000000
000000000	00000000000000000	00000000000000	00000000000000000000	00000000010000	00000000
000000000	00000000000000000	00000000000000	10000000000000000000	00000000000000	10100000
000000000	00000000000000000	00000100000000	00000000000000011000	00000000000000	00000000
000000000	00000000000001000	00000000000000	00000010000000000000	01000000000000	00000000
000000000	00000000000100000	00000000000000	10000000000010000000	00000000100000	00100000
000000000	00000000000000000	00000000000000	00000000000000000000	00000000010000	00000000
000000000	00000000000000000	00000100000000	00000000000000001000	00000000000010	00000000
000000000	00000000000000000	00000000000000	00000000000000000000	00000000010000	00000000
000000000	00000000000000000	00000000000000	00000000000000000000	00000000010000	00000000
000000010	10000000000000000	00000000000000	00000000000000000000	00000000000000	00000000
000000000	00000000000000000	00000000000000	00000000000000000000	00000000000000	00000000
000000000	00000000000000000	00000000000000	00000000000000000000	00000000000000	00000000
000010000	00000000000000000	00000000000000	00000000000000000000	00000000010000	00000000
000000000	00100000000100000	00000000000000	10000000000000000000	00000000100000	00100000
000000000	00000000000000000	00000000000000	00000000000000000000	00100000000000	00000000
000000000	00000000000000000	00000000000000	00000000000000000000	00000000010000	00000000
000000010	10000000000000000	00000000000000	00000000000000000000	00000000000000	00000000
000000000	00000001000000000	00000000000000	00000000000000000000	00000000000000	00000000
001000000	00000000000000000	00000000001000	00000000000000000000	00000000010000	00000000
000000000	00000100010000001	00000000000000	00100000000000000000	00000000000000	00000010
000000000	00000000000000000	00000000000000	00000000000000000000	00000000010000	00000000
000000000	00000000000000000	00000100000000	00000000000000001000	00000000000010	00000000
000000000	00000000000000000	00000000000000	10000000000000000000	00000000000000	10100000
000000000	00000110000000001	00000000000000	00100000000001000000	00000000000000	00000010
000000000	00000000000000000	00000000000000	10000000000000000000	00000000000000	10100000
000000000	00000000000000000	00000000000000	00000000000000000000	00000000000000	00000000
000000000	00000000000000000	00000000000000	00000000000000000000	00000000010000	00000000
000000000	00000000000000000	00000000000000	10000000000000000000	00000000000000	10100000
000000000	00001000000000000	00001000100000	10000000000000000000	00000000000000	10100000
000000000	00000000000010000	00000000000000	00000100000000000000	00000000000000	00000000
000000000	00000000000000000	00000000000000	10000000000000000000	00000000000000	10100000
000000000	00000000000000000	00000100000000	00000000000000011000	00000000000100	00000000
000000000	00000000000000000	00000000000000	11000000000000000000	00000000100000	00100000
000000000	00000000001000000	00000000000000	00000000000000000000	00000000000000	00000000
000000000	00000000000000000	00000100000000	00000000000000011000	00000000000000	00000000
000000000	00000000000000000	00000000010000	00000000000000000000	00001000000000	00001000
000000000	00000000001000000	00000000000000	00000000000000000000	00000000000000	00000000
010000000	00000000000000000	00000000000000	00000000000000000000	10000000000000	00000000
000000000	00000000000000000	00000000000000	00000000000000000000	00000000010000	00000000
000000000	00000000000000000	00000100000000	00000000000000011000	00000000000000	00000000
000000000	00000000000000000	00000000000000	00000000000000000000	00000000010000	00000000
000000000	00000000000000000	00000000000000	00000000000000000000	00000000000000	00000000
010000000	00000000000000000	00000000000000	00000000000000000000	10000000000000	00000000
001000000	00000000000000000	00000000000000	00000000000000000000	00000000010000	00000000
000000000	00000000000000000	00000000000000	00000000000000000000	00000000010000	00000000
000000000	01000000000000000	00000000000000	10000000000000000000	00000000000000	10100000
000100000	00000000000000000	00000000000000	00000000000000000000	00000000000000	00000000
000000000	00000000000000000	00000000000000	10000000000000000000	00000000000000	10100000
000000000	00000000001000000	00000000000000	00000000000000000000	00000000000000	00000000
000000000	00000000001000000	00000000000000	00000000000000000000	00000000000000	00000000
000000000	00000000000000000	00000000000000	00000000000000000000	00000000010000	00000000
000000000	00000000000000000	00001000100000	10000000000000000000	00000000000000	10100000
000000000	00000000000000000	00000000000000	00000000000000000000	00000000010000	00000000
000000000	00000000000000000	00000100000000	00000000000000011000	00000000000000	00000000
000000000	00000000000000000	00000000000000	00000000000000000000	00000000010000	00000000
000000000	00000000001000000	00000000000000	00000000000000000000	00000000000000	00000000
000000010	10000000000000000	00000000000000	00000000000000000000	00000000000000	00000000
000000000	00000000000000000	00100000000000	00000000000100000000	00000000001000	01000000
000000000	00000000000000000	00000000000000	00000000000000000000	00000000000000	00000000
000000000	00000000000000010	00010000000000	00000000000000000000	00000000010000	00000000
000000000	00000000000000000	00000000000000	00000000000000000000	00000000010000	00000000
000000000	00000000000000000	00000100000000	00000000000000011000	00000000000000	00000000
000100000	00000000000000000	00000000000000	00000000000000000000	00000000000000	00000000
000000000	00000000000000000	00000000000000	00000000000000000000	00000000010000	00000000
000000000	00000000000000000	00100000000000	00000000000100000000	00000000001000	01000000
000000000	00000000000000000	00000000000000	00000000000000000000	00000000010000	00000000
000000000	00000000000000000	00100000000000	00000000000100000000	00000000001000	01000000
000000000	00000000000000000	00000000000000	00000000100000000000	00000000000000	00001000
000000000	00000000000000000	00000000000000	00000000010000000000	00000000010000	00000000
000000000	00000000000000000	00000000000000	00000000000000000000	00000000010000	00000000
000000000	00000000000000000	00000000000000	00000000000000000000	00000000010000	00000000
000000000	00000000000010000	00000000000000	00000100000000000000	00000000000000	00000000
000000010	10000000000000000	00000000000000	00000000000000000000	00000000000000	00000000
000000100	00000000000000000	00000000000000	00000000000000000000	00000000010000	00000000
000000000	00000000000000000	00000000000000	00000000000000000000	00000000010000	00000000
000000000	00000000001000000	00000000000000	00000000000000000000	00000000000000	00000000
000000001	00000000000000000	00000101000000	00000000000000011000	00000010000000	00000000
000000000	00000000000000000	00000000000000	00000000000000000000	00000000010000	00000000
000000000	00000100010000001	00000000000000	00100000000000000000	00000100000000	00000010
000000000	00000000000000000	00000100000000	00000000000000011000	00000000000000	00000000
000000000	00000000000000000	00000100000000	00000000000000011000	00000000000000	00000000
000000001	00000000000000000	00000101000000	00000000000000011000	00000010000000	00000000
000001000	00000000000000000	00000000000000	10000000000000000000	00000000000000	10100000
000000000	00000000000000000	00000000000000	00000001000000000000	00000000000000	00000000
000000000	00000000000000000	00000100000000	00000000000000001000	00000000000010	00000000
000000000	00000000000000000	00000000000000	00010000000000000001	00000000000000	00000001
000000000	00000000000000000	00000000000000	00000000000000000000	00000000010000	00000000
000000000	00000000000000000	00000100000000	00000000000000011000	00000000000000	00000000
000000000	00000000000000000	00000000000000	00000000010000000000	00000000010000	00000000
000000000	00000000000000000	00000000000000	00000000000000000000	00000000010000	00000000
000000000	00000000000000000	00000000000000	00000001000000000000	00000000000000	00000000
000000000	00000000000000000	00000100000000	00000000000000011000	00000000000000	00000000
000000000	00000000000000000	00000100000000	00000000000000011000	00000000000000	00000000
000000000	00000000001000000	00000000000000	00000000000000000000	00000000000000	00000000
001000000	00000000000000000	00000000001000	00000000000000000000	00000000010000	00000000
000000000	00000000000000000	00000000000000	00010000000000000000	00000000000000	00000001
000000000	00000000000000000	00000000000000	00000000000000000000	00000000010000	00000000
100000000	00000000000010000	00000000000001	00000000000000000000	00000000000000	00000000
000000000	01000000000000000	00000000000000	10000000000000000000	00000000000000	10100000
000000000	00000000000000000	00000000010000	00000000000000000000	00001000000000	00001000
000000000	00000000000000000	00000000000100	00000010000000000000	00000000000000	00000000
000000000	00000000000000000	00000000000000	00000000000000000000	00000000010000	00000000
100000000	00000000000010000	00000000000000	00000000000000000100	00000000000000	00000000
000000000	00000000000000000	00000000000000	10000000000000000000	00000000000000	10100000
000000000	00000000000001000	10000000000000	00000010000000000000	01000000000000	00000000
000000000	00000000000000000	00000000000010	00001000000100000000	00000000001000	01000000
000000000	00000000000000000	00000000000000	00000000000000000000	00000000010000	00000000
001000000	00000000000000000	00000000000000	00000000000000000000	00000000010000	00000000
000000000	00000000000000000	00000000000000	00000000000000000000	00000001010000	00000000
000000000	00000000000000000	00000000000000	00000000000000000000	00000000010000	00000000
000000000	00000000000000000	00000000000000	00000000000000000000	00000000000000	00000000
000000000	00100000000100000	00000000000000	10000000000000000000	00000000100000	00100000
000000000	00000000001000000	00000000000000	00000000000000000000	00000000000000	00000000
000000000	00000000000000000	01000000000000	10000000000000000000	00000000100000	00100000
000000000	00000000000000000	00000100000000	00000000000000001000	00000000000010	00000000
000000000	00000000000010000	00000000000000	00000100000000000000	00000000000000	00000000
000010000	00000000000000000	00000000000000	00000000000000000000	00000000010000	00000000
000000000	00000000000000100	00000100000000	00000000000000111010	00000000000000	00000000
000000010	10000000000000000	00000000000000	00000000000000000000	00000000000000	00000000
000000000	00000000000000000	00000000000000	00010000000000000000	00010000000001	00000001
000000000	00000000000000000	00000000000000	00000000000000000000	00000000010000	00000000
000000000	00000000000000000	00000000000000	00000000000000000000	00000000010000	00010000
