010000100000000	0010000000000	00000000000000000000	00000000000000000000	000000000000000	00000001000000
000000000000000	0000000000000	00000100000000000000	00000001000000000000	000000000000000	00000000000000
000000100000000	0000000000000	00000000000000000000	00000000000000000000	000000000000000	00000001000000
000100100000000	0000000000000	00000000000000000000	00000000000000001000	000000000000000	00000000000000
001000000000000	0000000000000	00000000000000010000	00000000000000000000	000000100000000	01000000000000
000000000000100	0000000100000	00000000000000000000	00000000000000000100	000000000000000	00000000000000
000000000000000	0100000000000	00000000000000000000	00110000000000000000	000000000000000	00000000000000
001000000000000	0000000000000	00000000010000010000	00000000000000000000	000000100000000	01000000000000
000000000000000	0000000000000	00000000000000010000	00000000000001000000	000000100000000	00000000000000
000000000000000	0000000000000	01000000000000000000	00000000000100000000	100000000000000	00000000000000
000000000000000	0000000000000	00000000000000010000	00000000000000000000	000000100000000	01000000000000
000000000000000	0000000000000	00000000000000010000	00000000000000000000	000000100000000	01000000000000
000000000000100	0000000100000	00000000000000000000	00000000000000000100	000000000000000	00000000000000
010000100000000	0000000000000	00000000000000000000	00000000000000000000	000000000000000	00000001000000
000000000000000	0000000000000	01000000000000000000	00000000000100000000	100000000000000	00000000000000
000000000000000	0000000001000	00000000000000000000	00110000000000000000	000000000000000	00000000000000
000000000000000	0000000000000	00000000000000010000	00000000000000000000	000000100000000	01000000000000
000000000000000	0000000000000	00000000000000010000	00000000000000000000	000100101000000	01000000000000
000000000000100	0000000000000	00000000000000000000	00000000000000000000	000000000000000	00000000000000
000000000000000	0000000000000	00000000000000010000	00000000000000100000	000000100010000	01000000000000
000000000000000	0001000000000	00000000000000000000	00000000000000000000	000000000000000	00100000000000
000000000000000	0000000010000	00000000000000000000	00000000000000000000	000000000000000	00000000100000
000000000000000	0001000000000	00000000000000000000	00000000000000000000	001000000000000	00100000000000
000000000000100	0000000000000	00000000000000000000	00000000000000000100	000000000000000	00000000000000
000000000000000	0000000000000	00000000000000010000	00000000000000000000	000000100000000	00000000000000
000000110000000	0000000000100	00000000000000000000	00000000000000000000	000000000000000	00000001000000
010000100000000	0010000000000	00000000000000000000	00000000000000000000	000000000000000	00000001000000
000000000000000	0000000000000	00000000000000010000	00000000000000100000	000000100000000	01000000000000
000000000000000	0000000000000	00000000000000010000	00000000000000000000	000000100000000	01000000000000
000000000000000	0001000000000	00000000000000000000	00000000000000000000	000000010000000	00100000000000
000000000000000	0000000000000	00000000000000000000	00000000000000000000	000000000000000	00000000000001
000000000000000	0001000000000	00000000000000000000	00000000000000000000	000000000000000	00100000000000
010000101000000	0000000000000	00000000000000000000	00000000000000000000	000000000000000	00000001000000
000000000000000	0000000000000	00000000000000010000	00000000000000000000	000000100000000	01000000000000
000010000000000	0000000000000	10000000000000000010	00000000100000000000	010000000000000	00000010000000
000000000001000	0000000000000	00000000000000010000	00000000000000000000	000000100000000	00000000000000
000000000000000	0000000000000	00000000000000010000	00000000000000100000	000000100010000	01000000000000
000000000000000	0000000000000	00000000000000010000	00000000000000000000	000000100000000	01000000000000
000000000000000	0001000000000	00000000000000000000	00000000000000000000	001000000000000	00100000000000
000000000000000	0000000000000	00000000000000010000	00000000000000000000	000000100000000	00000000000000
000000000000000	0000000000000	00000000000000010000	00000000000000100000	000000100010000	01000000000000
000000000100000	0000000000000	00000000000000000000	00000000000000000000	000000000000000	00000000000100
000000000000000	0001000000000	00000000000000000000	00000000000000000000	000000000000000	00100000000000
000000100000000	0000000000000	00000000000000000000	00000000000000000000	000000000000000	00000001000000
000000000000000	0000001000000	00000010100000000000	00001000000000000001	000000000000010	00000000001000
000000000000000	0000001000000	00000010000000000000	00000000000000000001	000000000001010	00000000000000
000000000000000	0000000000000	00000000000000000000	00110000000000000000	000000000000000	00000000000000
000000000000000	0000000000000	00000000000000010000	00000000000000000000	000000100000000	00000000000000
000000000000000	0000000000000	01000000000000000000	00000000000100000000	100000000000000	00000000000000
000000000000100	0000000000000	00000000000000000000	00000000000000000100	000000000000000	00000000000000
000000000000000	0000000000000	00000000001001000000	00000000000000000000	000000000000000	00000000000000
000000000000000	0000000000000	00010000000000000000	00000000000000000000	000000000000000	00000000000000
000000000000000	0001000000000	00000000000000000000	00000000000000000000	000000000000000	00100000000000
000000000000000	0000000000000	00000001000000000000	10000000000000000010	000000000000000	00000000000000
000000000000000	0000000000000	00000000000000010000	00000000000000000000	000000100000000	00000000000000
000000000000000	0000000000000	00000000000000000000	00000000000000000000	000000000000000	00000000000000
000000000000000	0000000000000	00000000000000000000	00110000000000000000	000000000000000	00000000000000
000000000000000	0001000000000	00000000000000000000	00000000000000000000	000000000000000	00100000000000
000000000000000	0000000000000	00000000000000000000	00000000001000000000	000000000000000	00000000000000
000000100000000	0000000000000	00000000000000000000	00000000000000000000	000000000000000	00000001000000
000000000000000	0000000000000	00000000000000010000	00000000000000000000	000000100000000	01000000000000
000000000000000	0000000000000	00000001000000000000	10000000000000000000	000000000000000	00000000000000
000000000000000	1000000000000	00000000000100101000	00000000000010000000	000000000000000	10000000000000
010000100000000	0000000000000	00000000000000000000	00000000000000000000	000000000000000	00000001000000
000000000000100	0000000000000	00000000000000000000	00000000000000000100	000000000000000	00000000000000
000000000000000	0000000000000	00000001000000000000	10000000000000000010	000000000000000	00000000000000
010000100000000	0000000000000	00000000000000000001	00000000000000000000	000000000000000	00000001000000
000000000000000	0100000000000	00000000000000000000	00110000000000000000	000000000000000	00000000000000
001000000000000	0000000000000	00000000010000010000	00000000000000000000	000000100000000	01000000000000
000000100000000	0000000000000	00000000000000000000	00000000000000000000	000000000000000	00000001000000
000000000000000	0001000000000	00000000000000000000	00000000000000000000	000000000000000	00100000000000
000000000000100	0000000100000	00000000000000000000	00000000000000000100	000000000000000	00000000000000
000000000000000	0000000000000	00000000000000000000	00000000000000000000	000000000000000	00000000000000
000000000000000	0000000000000	00000000000000000000	01000000000000000000	000000000000000	00000000000000
000000000000000	0000000000000	00000000000000000000	00110000000000000000	000000000000000	00000000000000
000000000000000	0000000000000	00100000000001000000	00000000000000000000	000000000000000	00000000000000
000000000000000	0000000000000	00000000000000010000	00000000000000100000	000000100010000	01000000000000
000000000000000	0000000000000	00000000000000010000	00000000000000100000	000000100010000	01000000000000
000000000000100	0000000000000	00000000000000000000	00000000000000000100	000000000000000	00000000000000
000000100000000	0000000000000	00000000000000000000	00000000000000000000	000000000000000	00000001000000
000000000000100	0000000000000	00000000000000000000	00000000000000000000	000000000000000	00000000000000
000000000000100	0000000100010	00000000000000000000	00000000000000000100	000000000000000	00000000000000
000000100000000	0000000000000	00000000000000000000	00000000000000000000	000000000000000	00000001000000
000000000000000	0000000000000	00000000000000010000	00000000000000000000	000000100000000	00000000000000
000000000000000	0000000000000	00000000000000010000	00000000000000100000	000000100010000	01000000000000
000000000000000	0000000000000	00000000000000000000	00110000000000000000	000000000000000	00000000000000
000000000000100	0000000100000	00000000000000000000	00000000000000000100	000000000000000	00000000000000
000000000000000	0000000001000	00000000000000000000	00110000000000000000	000000000000000	00000000000000
000000000000000	0000000000000	00000000000000010000	00000000000000000000	000000100000000	01000000000000
000100100000000	0000000000000	00000000000000000000	00000000000000001000	000000000000000	00000000000000
000000000000000	0000000000000	00000000000000000000	01000000000000000000	000000000000000	00000000000000
000000000000100	0000000000000	00000000000000000000	00000000000000000100	000000000000000	00000000000000
000000000000000	0100000000000	00000000000000000000	00110000000000000000	000000000000000	00000000000000
000000000000100	0000000000000	00000000000000000000	00000000000000000100	000000000000000	00000000000000
000000000000000	0000000000000	00000000000000010000	00000000000000000000	000000100000000	00000000000000
000000000000000	0000000000000	00000000000000010000	00000000000000010000	000000100000000	00000000000000
000010000000000	0000000000000	10000000000000000010	00000000100000000000	010000000000000	00000010000000
000000000000000	0001000000000	00000000000000000000	00000000000000000000	000000000000000	00100000000000
000000000000000	0000000000000	00000000000000000000	00000001000000000000	000000000000000	00000000000000
000000000000000	0000000000000	00000000000000000000	01000100000000000000	000010000000000	00000000000000
001000000000000	0000000000000	00000000010000010000	00000000000000000000	000000100000000	01000000000000
000000000000000	0000000000000	00000000000000010000	00000000000000100000	000000100010000	01000000000000
000000000000000	0000000000000	00000000000000010000	00000000000000100000	000000100010000	01000000000000
000000000000100	0000000000000	00000000000000000000	00000000000000000100	000000000000000	00000000000000
000000000000000	0000000000000	00000001000000000000	10000000000000000000	000000000000000	00001000000000
000000000000000	0000000000000	00000000000000010000	00000000000000100000	000000100000000	01000000000000
000000000000000	0000000000000	00001000000000000000	00000000000000000000	000001000000101	00000000000000
000000000000001	0000000000000	00000001000000000000	10000000000000000000	000000000000000	00010000000000
000001100000000	0000010000000	00000000000000000000	00000000000000000000	000000000000000	00000001000000
000000000000000	0000000000000	00000000000001000000	00000000000000000000	000000000000000	00000000000000
000000000000000	0001000000000	00000000000000000000	00000000000000000000	000000000000000	00100000000000
000000000000000	0000000000000	00000000000000010000	00000000000000100000	000000100000000	01000000000000
000000000000100	0000000000000	00000000000000000000	00000000000000000000	000000000000000	00000000000010
000000000000010	0000000000000	00000000000000010000	00000000000000000000	000000100000000	00000000000000
000000000000000	0000000000001	00000000000000000100	00000000000000000000	000000000000000	00000000000000
000000000000000	0000000000000	00000000000000000000	00110000000000000000	000000000000000	00000000000000
000000000000000	0000000000000	00000000000000000000	00000000000000000000	000000000000000	00000000000000
000000000000100	0000000000000	00000000000000000000	00000000000000000000	000000000000000	00000000000010
000000000000000	0000000000000	00000000000000010000	00000000000000000000	000000100000000	00000000000000
000000000000100	0000000100000	00000000000000000000	00000000000000000100	000000000000000	00000000000000
000000000000000	0000100000000	01000000000000000000	00000000000100000000	100000000000000	00000000000000
000000000000000	0000000000000	00000001000000000000	10000000000000000000	000000000000000	00001000000000
000000000000000	0000000000000	00000000000000010000	00000000000000100000	000000100000000	01000000000000
000000000000000	0000000000000	00000000000000000000	00000001000000000000	000000000000000	00000000000000
000000100000000	0000000000000	00000000000000000000	00000000000000000000	000000000000000	00000001000000
000000000000000	0000000000000	00000000000010000000	00000000000000000000	000000000000000	00000000000001
000000000000000	0000000000000	00001000000000000000	00000000000000000000	000000000000001	00000000000000
000000000000000	0000000000000	00000000000000010000	00000000000000100000	000000100010000	01000000000000
000000000000000	0000000000000	00000000000000010000	00000000000000000000	000000100000000	01000000000000
000000100000000	0000000000000	00000000000000000000	00000000000000000000	000000000000000	00000001000000
000000000000100	0000000000000	00000000000000000000	00000000000000000100	000000000000000	00000000000000
000000000000000	0000000000000	00000000000000000000	01000000000000000000	000000000000000	00000000000000
000000000000000	0001000000000	00000000000000000000	00000000000000000000	000000000000000	00100000000000
000001100000000	0000010000000	00000000000000000000	00000000000000000000	000000000000000	00000001000000
100000000010000	0000000000000	00000000000000000000	00000001000000000000	000000000000000	00000000010000
000000000000000	0001000000000	00000000000000000000	00000000000000000000	000000010000000	00100000000000
000000100000000	0000000000000	00000000000000000000	00000000000000000000	000000000000000	00000001000000
000000000000000	0000000000000	00000000000000010000	00000000000000100000	000000100010000	01000000000000
000000000000000	0000000000000	00000000000000010000	00000000000000000000	000000100000000	01000100000000
000000000000000	0000000000000	00000000000000000000	00110000000000000000	000000000000000	00000000000000
000000000000100	0000000100000	00000000000000000000	00000000010000000100	000000000000000	00000000000000
000000000000100	0000000000000	00000000000000000000	00000000000000000000	000000000000000	00000000000010
000000000000000	0001000000000	00000000000000000000	00000000000000000000	000000000000000	00100000000000
001000000000000	0000000000000	00000000010000010000	00000000000000000000	000000100100000	01000000000000
000000000000000	0000000000000	00000000000000010000	00000000000000000000	000000100000000	01000000000000
010000100000000	0000000000000	00000000000000000000	00000010000000000000	000000000000000	00000001000000
000000100000000	0000000000000	00000000000000000000	00000000000000000000	000000000000000	00000001000000
000000000000000	0000000000000	00000000000000010000	00000000000000100000	000000100010000	01000000000000
000000000000010	0000000000000	00000000000000010000	00000000000000000000	000000100000000	00000000000000
000000000000000	0000000000000	00000000000000010000	00000000000000000000	000000100000000	01000100000000
