000000000000000000000000000000000	001000000000000001000000000	001000000000000000000000000000	0000000000000000000000	0000000000000000000000	00000000000000000000110
000000000000000000000000000000000	001000000000000001000000000	001000000000000000000000000000	0000000000000000000000	0000000000000000000000	00000000000000000000110
001000000000000000000000000100010	000000000000000100000010000	000000010000000000000100000000	0000000000000000000100	0000001000000000000000	00000000000000000010000
000000000000000001000001000000000	000000000000000000000100000	000000000000000000000000001000	0000000000000010000001	0000000000000000000000	00100000000000000000000
000000000000000000000001000000000	000000000000000000000000000	000000000000000000000000001000	0001000000000000000001	0000000000000000100000	00000000010000000000000
000000000000000000000001000000000	000000000000000000000000000	000010000000000000000000001000	0000000000000000000001	0000000000000000100000	00000000010000000000000
000000000000001000000000000000000	000001000000000000000000000	000000000000000000010000000000	0000000000000000000000	0000000000000000000100	00000000000000000000000
000000000000000000000010000000000	000000000000000000000000000	000000000000000000000000000000	0000000000000000000000	0000000001000000001000	00000000000000000000001
000000001000000001000001000000000	000000000000000000000100000	000000000000000000000000001000	0000000000000010000001	0000000000000000000000	00100000000000000000000
000000000000000000000000000010000	000010000000000000000000000	000000000000000000000000010000	0000000000010000000000	0000000000000000000001	00000000000000000000000
000010000000000000000000000000000	000000000000000000000000000	000000000000000000000010000000	0000000000001000000000	0000000000000000000000	00000000001000000100000
000000000000000000000000000000000	000000000000000000000000000	000000000000000000000000000100	0000000000000001000000	0000000000000000000000	00000000000000000000000
000000000000000000000000000000101	000000000000000010000000000	000000000000000000000000101000	0000000000000000000001	0000000010000000000000	00000000000000000000000
000000000000000000000000000000000	000000000000000000000000000	000000000000000000000000000000	0000000000000000000000	0000000001000000000000	00000000000000000000000
100000000100000000000000000000000	000000000001000000000000100	000000000100000000000000000000	0000010000000000000000	0000000000100000000000	00000000000010000000000
000000000000000000000000000000000	010001000000000000000000000	000000000000000100000000000010	0000000000000000000000	0000000000000000000100	00000000000000000000000
000000000000010000000000000000000	000000100000000000000000000	000000000000000000000001000000	0000000000000000000000	0000000000000100010000	10000000000000000001000
000000000000000000000000000000000	000000000000000000000000000	000000000000000000000000000000	0000000000000000000000	0000000001000000000000	00000000000000000000000
000000100000000000010000000001000	100000000000000000000000000	000000000000000000000000001000	0000000000100000000001	0000000000000000000000	00000000000000000000000
000000000000000000000000000000101	000000000000000010000000000	000000000000000000000000101000	0000000000000000000001	0000000010000000000000	00000000000000000000000
000000000000000001000001000000000	000000000000000000000100000	000000000000000000000000001000	0000000000000010000001	0000000000000000000010	00100000000000000000000
000000000000000000000000000000000	000000000000000000000000000	000000000000000000000000000000	0000000000000000000010	0000000001000000000000	00000000000000000000000
000000000000000000000000000000000	001000000000000000000001000	000000000000000000000000000000	0000000000000100000000	0010000000000000000000	00000100000000000000010
000010000000000000000000000000000	000000000000000000000000000	000000000000000000000010000000	0000000001001000000000	0000000000000000000000	00000000000000000100000
000000000000000000000000000000000	001000000000000001000000000	001000000000000000000000000000	0000000000000000000000	0000000000000000000000	00000000000000000000110
000000000000000000000000000000000	001000000000000001010000000	001000000000000000000000000000	0000000000000000000000	0000000000000000000000	00000000000000000000110
000000000000000000000001000000000	000000000000000000000000000	000000000000000000000000001000	0001000000000000000001	0000000000000000100000	00000000010000000000000
000000000000000000000010000000000	000000000000000000000000000	000000000000000000000000000000	0000000000000000000000	0000000001000000001000	00000000000000000000001
000000000000010000000000000000000	000000100000000000000000000	000000000000000000000001000000	0000000000000000000000	0000000000000000010000	00000000000000000001000
000000000000000000000001000000000	000000000000000000000000000	000000000000000000000000001000	0000000000000000000001	0000000000000000100000	00000000010000000000000
000000100000000000010000000001000	000000000000000000000000000	000000000000000000000000001000	0000000000100000000001	0000000000000000000000	00000000000000000000000
000000000000000000000000000010000	000010000000000000000000000	000000000000000000000000010000	0000000000010000000000	0000000000000000000001	00000000000000000000000
000000000000000000000001000000000	000000000000000000000000000	000000000000010000000000001000	0000000000000000000001	0000000000000000100000	00000000010000000000000
000000000000010000000000000000000	000000100000000000000000000	000000000000000000000001000000	0000000000000000000000	0000000000000000010000	00000000000000000001000
000000000000000000000000100000000	000001000000000000000000000	000000100000000000000000000000	0000000000000000000000	0000000000000000000000	00000000000000000000000
000000000000000001000001000000000	000000000000000000000100000	000000000000000000000000001000	0000000000000010000001	0000000000000000000000	00100000000000000000000
000000000000000000000001000000000	000000000000000000000000000	000000000000010000000000001000	0000000000000000000001	0000000000000000100000	00000001010000000000000
000000100000000000010000000001000	000000000000000000000000000	000000000000000000000000001000	0000000000100000000001	0000000000000000000000	00000000000000000000000
000010000000000000000000000000000	000000000000000000000000000	000000000000000000000010000000	0000000001001000000000	0000000000000000000000	00000000000000000100000
000000000000000000000000000000000	000000000010000000000000000	100000000000000000000000000000	0000000000000000000000	0100000000000000000000	00000010000000000000000
000100000000000000000000000000000	000001000000000000000000000	000000000010000000000000000000	0000000000000000000000	0000000000000000000100	00000000000000000000000
000000000000000000000000000000000	001000000000000001000000000	001000000000000000000000000000	0000000000000000000000	0000000000000000000000	00000000000000000000110
000000000000000000000000000000000	000000010010000000000000000	100000000000000000000000000000	0000000000000000000000	0100000000000000000000	00000010000000000000000
100000000100000000000000000000000	000000000001000000000000100	000000000100000000000000000000	0000010000000000000000	0000000000100000000000	00000000000010000000000
000000001000000001000001000000000	000000000000000000000100000	000000000000000000000000001000	0000000000000010000001	0000000000000000000000	00100000000000000000000
000000100000000000010100000001000	100000000000000000000000000	000000000000000000000000001000	0000000000100000000001	0000000000000000000000	00000000000000000000000
000000000000000000000000000000000	000000100000000000000000000	000000000000000000000001000000	0000000000000000000000	0000000000000000000000	00000000000000000001000
000000000000000000000000000000000	001000000000000001000000000	000000000000000000000000000000	0000000000000000000000	0000000000000000000000	00000000000000000000010
000000000000000000000000000000000	001000000000000001000000000	001000000000000000000000000000	0000000000000000000000	0000000000000000000000	00000000000000000000110
000000000000000000000001000000000	000000000000000000000000000	000000000000010000000000001000	0000000000000000000001	0000000000000000100000	00000001010000000000000
000000000000000000000001000000000	000000000000010000000000000	000000000000000000000000001000	0001000000000000000001	0000000000000000100000	00000000010000000000000
000000100000000000010000000001000	000000000000000000000000000	000000000000000000000000001000	0000000000100000000001	0000000000000000000000	00000000000000000000000
000000000000000000000000100000000	000001000000000000000000010	000000000000000000000000000000	0000000000000000000000	0000000000000000000000	00000000000000000000000
000000000000000000000000000010000	000010000000000000000000000	000000000000000000000000010000	0000000000010000000000	0000000000000000000001	00000000000000000000000
000000000000000000000001000000000	000000000000000000000000000	000000000000000000000000001000	0001000000000000000001	0000000000000000100000	00000000010000000000000
100000000100000000000000000000000	000000000001000000000000100	000000000100000000000000000000	0000010000000000000000	1000000100100000000000	00000000000010000000000
000000000000000000000000000000000	000001000000000000100000000	000000000000000000000000000000	0000000100000000000000	0000000000000000000100	00000000000000000000000
000000000000001000000000000000000	000001000000000000000000000	000000000000000000000000000000	0000000000000000000000	0000000000000000000100	00000000000000000000000
000000000000001000000000000000000	000001000000000000000000000	000000000000000000010000000000	0000000000000000000000	0000000000000000000100	00000000000000000000000
000000000000000000000000000000000	001000000000000001010000000	001000000000000000000000000000	0000000000000000000000	0000000000000000000000	00000000000000000000110
000000000000000000000001000000000	000000000000000000000000000	000000000000000000000000001000	0001000000000000000001	0000000000000000100000	00000000010000000000000
000000000000000000000000000000000	000000000000000000000000000	000000000000000000000000000000	0000000000000000000010	0000000001000000000000	00000000000000000000000
000000000000000000000000000000000	001000000000000001010000000	001000000000000000000000000000	0000000000000000000000	0000000000000000000000	00000000000000000000110
000000000000000000000000000000000	010001000000000000000000000	000000000000000100000000000000	0000000000000000000000	0000000000000000000100	00000000000000000000000
000000000000000000000000000000000	001000000000000001000000000	000000000000000000000000000000	0000000000000000000000	0000000000000000000000	00000000000000000000110
001000000000000000000000000100010	000000000000101100000010000	000000011000000000000100000000	0000000000000000000100	0000001000000000000000	00000000000000000010000
000000000001000000000000000000000	000000000000000000000000000	000000000000000000000000000000	0000000000000000000000	0000000001000000001000	00000000000000000000000
000000000000000000000000100000000	000001000000000000000000000	000000100000000000000000000000	0000000000000000000000	0000000000000000000000	00000000000000000000000
000000000000000000000000000010000	000010000100000000000000000	000000000000000000001000010000	0000000000010000000000	0000000000000000000001	00000000000000000000000
000000000000000000000000000000000	000001000000000000000000000	000000000000000000000000000000	0100000000000000000000	0000100000000000000100	00000000000000000000000
000000000000000100000010000000000	000000000000000000000000000	000000000000000000000000000000	0000000000000000000000	0000000001000000001000	00000000000000000000001
000000001000000001000001000000000	000000000000000000000100000	000000000000000000000000001000	0000000010000010000001	0000000000000000000000	00100000000000000000000
000000000000000000000000000000101	000000000000000010000000000	000000000000000000000000101000	0000000000000000000001	0000000010000000000000	00000000000000000000000
000000000000000001000001000000000	000000000000000000000100000	000000000000000000000000001000	0000000000000010000001	0000000000000000000000	00100000000000000000000
000000000000000000000000000000000	001000000000000001000000000	000000000000000000000000000000	0000000000000000000000	0000000000000000000000	00000000000000000000010
000000000000000000000000000000000	001000000000000001000000000	000000000000000000000000000000	0000000000000000000000	0000000000000000000000	00000000000000000000010
000000000000000001000001000000000	000000000000000000000100000	000000000000000000000000001000	0000000000000010000001	0000000000000000000000	00100000000000000000000
000000000000000000000000000000000	001000000000000001000000000	000000000000000000000000000000	0000000000000000000000	0000000000000000000000	00000000000000000000010
000000000000000000000000100000000	000001000000000000000000000	000000000000000000000000000000	0000000000000000000000	0000000000000000000000	00000000000000000000000
000010000000000000000000000000000	000000000000000000000000000	000000000000000000000010000000	0000000000001000000000	0000000000000000000000	00000000000000000100000
000000000000000000000001000000000	000000000000000000000000000	000000000000010000000000001000	0000000000000000000001	0000000000000000100000	00000000010000000000000
000000000000000001000001000000000	000000000000000000000100000	000000000000000000000000001000	0000000000000010000001	0000000000000000000000	00100000000000000000000
000000000000000000000001000000000	000000000000000000000000000	000000000000010000000000001000	0000000000000000000001	0000000000000000100000	00000000010000000000000
000000000000010000000000000000000	000000100000000000000000000	000000000000000000000001000000	0000000000000000000000	0000000000000000010000	00000000000000000001000
000000000000000000001000000000000	000000000000000000000000001	010000000000000000000000000000	0000000000000000100000	0000000000000011000000	00000000100000100000000
000000000000000000000000000000000	000000000000000000000000000	000000000000000000000000000100	0000000000000001000000	0000000000000000000000	00000000000000000000000
000000000000000000000001000000000	000000000000000000000000000	000000000000000000000000001000	0000000000000000000001	0000000000000000100000	00000000010000000000000
000000000000000000000001000000000	000000000000000000000000000	000000000000010000000000001000	0000000000000000000001	0000000000000000100000	00000001010000000000000
001000000000000000000000000100010	000000000000101100000010000	000000011000000000000100000000	0000000000000000000100	0000001000000000000000	00000000000000000010000
000000000000000000000000000000000	001000000000000001000000000	000000000000000000000000000000	0000000000000000000000	0000000000000000000000	00000000000000000000010
001000000000000000000000000100010	000000000000000100000010000	000000010000000000000100000000	0000000000000000000100	0000001000000000000000	00000000000000000010000
000000000000000000000000000000000	000000000000000000000000000	000000000000000000000000000000	0000000000000000000010	0000000001000000000000	00000000000000000000000
000001000000100000000000000000000	000100000000000000000000000	000000000000000000000000000001	0010000000000000000000	0000000000000000000000	01010000000000001000000
000000000000000000000010000000000	000000000000000000000000000	000000000000000000000000000000	0000000000000000000000	0000000001000000001000	00000000000000000000001
000000000000000000001000000000000	000000000000000000000000001	010000000000000000000000000000	0000000000000000100000	0000000000000010000000	00000000100000000000000
000000000000010000000000000000000	000000100000000000000000000	000000000000000000000001000000	0000000000000000000000	0000000000000000010000	00000000000000000001000
000000000000000000000000000000000	001000000000000001010000000	001000000000000000000000000000	0000000000000000000000	0000000000000000000000	00000000000000000000110
000000000000000000000001000000000	000000000000000000000000000	000000000000000000000000001000	0000000000000000000001	0001000000001000100000	00000000010000000000000
001000000000000000000000000100010	000000000000101100000010000	000000011000000000000100000000	0000000000000000000100	0000001000000000000000	00000000000000000010000
000000000000000001000001000000000	000000000000000000000100000	000000000000000000000000001000	0000000000000010000001	0000000000000000000000	00100000000000000000000
000000000000000000000001000000000	000000001000000000000000000	000000000000000000000000001000	0001000000000000000001	0000000000000000100000	00000000010000000000000
000000000000000000000001000000000	000000000000000000000000000	000000000000000000000000001000	0000000000000000000001	0000000000000000100000	00000000010000000000000
000000100000000000010000000001000	000000000000000000000000000	000000000000000000000000001000	0000000000100000000001	0000000000000000000000	00000000000000000000000
000000000000000001000001000000000	000000000000000000000100000	000000000000000000000000001000	0000000000000010000001	0000000000000000000000	00100000000000000000000
000000100000000000010000000001000	000000000000000000000000000	000000000000000000100000001000	0000000000100000000001	0000000000000000000000	00000000000000000000000
000000000000000000000001000000000	000000000000000000000000000	000000000000000000000000001000	0000000000000000000001	0000000000000000100000	00000000010000000000000
000000000000000001000001000000000	000000000000000000000100000	000000000000000000000000001000	0000000000000010000001	0000000000000000000000	00100000000000000000000
000000000000000001000001000000000	000000000000000000000100000	000000000000000000000000001000	0000000000000010000001	0000000000000000000000	00100000000000000000000
000000000000000001000001000000000	000000000000000000000100000	000000000000000000000000001000	0000000000000010000001	0000000000000000000010	00100000000000000000000
000000000000000000000000000000000	001000000000000001000000000	001000000000000000000000000000	0000000000000000000000	0000000000000000000000	00000000000000000000110
000000000000000000000000000000000	001000000000000001000000000	001000000000000000000000000000	0000000000000000000000	0000000000000000000000	00000000000000000000110
001000000000000000000000000100010	000000000000101100000010000	000000011000000000000100000000	0000000000000000000100	0000001000000000000000	00000000000000000010000
000010000000000000000000000000000	000000000000000000000000000	000000000000000000000000000000	0000100000001000010000	0000000000000000000000	00000000000101000000000
000000000000000000000000000000000	001000000000000001000000000	001000000000000000000000000000	0000000000000000000000	0000000000000000000000	00000000000000000000110
000000000000000000000000000000000	001000000000000001000000000	001100000000000000000000000000	0000000000000000000000	0000000000000000000000	00000000000000000000110
000010000000000000000000000000000	000000000000000000000000000	000000000000000000000010000000	0000000000001000000000	0000000000000000000000	00000000000000000100000
000000000000000000000001000000000	000000000000000000000000000	000000000000010000000000001000	0000000000000000000001	0000000000000000100000	00000000010000000000000
100000000100000000000000000000000	000000000001000000000000100	000000000100000000000000000000	0000010000000000000000	0000000000100000000000	00001000000010000000000
000000000000000000000001000000000	000000000000000000000000000	000000000000010000000000001000	0000000000000000000001	0000000000000000100000	00000001010000000000000
000000000000010000000000000000000	000000100000000000000000000	000000000000000000000001000000	0000000000000000000000	0000000000000000010000	00000000000000000001000
000000000000000001000001000000000	000000000000000000000100000	000000000000000000000000001000	0000000000000010000001	0000000000000000000000	00100000000000000000000
000000000000000000000000000000101	000000000000000010000000000	000000000000000000000000101000	0000001000000000000001	0000000010000000000000	00000000000000000000000
000000000000000000000000000000000	000001000000000000100000000	000000000000000000000000000000	0000000100000000000000	0000000000000000000100	00000000000000000000000
000000010000000000000000100000000	000001000000000000000000000	000000000000000000000000000000	0000000000000000000000	0000000000000000000000	00000000000000000000000
000000000000000001000001000000000	000000000000000000000100000	000000000000000000000000001000	0000000000000010000001	0000000000000000000000	00100000000000000000000
000010000000000010000000000000000	000000000000000000001000000	000000000001000000000000000000	1000000000001000000000	0000000000000000000000	00000000000000000000000
000000000000000000000000000000000	001000000000000001000000000	000000000000000000000000000000	0000000000000000001000	0000000000000000000000	00000000000000000000110
000000000000000000000000000010000	000010000000000000000000000	000000000000000000000000010000	0000000000010000000000	0000000000000000000001	00000000000000000000000
010000000000000000000000001000000	000001000000000000000000000	000000000000000000000000000000	0000000100000000000000	0000000000000000000100	00000000000000000000000
000010000000000000000000000000000	000000000000000000000000000	000000000000000000000000000000	0000100000001000010000	0000000000000000000000	00000000000001000000000
000000000000010000000000000000000	000000100000000000000000000	000000000000000000000001000000	0000000000000000000000	0000010000000000010000	00000000000000000001000
000000000000000000000000000000000	001000000000000001000000000	001000000000000000000000000000	0000000000000000000000	0000000000000000000000	00000000000000000000110
000000000000000001000001000000000	000000000000000000000100000	000000000000000000000000001000	0000000000000010000001	0000000000000000000000	00100000000000000000000
000000000000000000000000000000000	001000000000000001010000000	001000000000000000000000000000	0000000000000000000000	0000000000000000000000	00000000000000000000110
000000000000000000000000000000000	000000000000000000000000000	000000000000000000000000000100	0000000000000001000000	0000000000000000000000	00000000000000000000000
000000000000000000000001000000000	000000000000000000000000000	000000000000010000000000001000	0000000000000000000001	0000000000000000100000	00000000010000000000000
000000000000000000100000000000000	000000000000000000000000000	000001000000001011000000000000	0000000000000000000000	0000000001000000001000	00000000000000000000000
010000000000000000000000001000000	000001000000000000000000000	000000000000000000000000000000	0000000100000000000000	0000000000000000000100	00000000000000000000000
000000000000000000000000100000000	000001000000000000000000000	000000000000000000000000000000	0000000000000000000000	0000000000000000000000	00000000000000000000000
000000000000000000000000000000101	000000000000000000000000000	000000000000000000000000101000	0000000000000000000001	0000000010000000000000	00000000000000000000000
000000000000010000000000000000000	000000100000000000000000000	000000000000000000000001000000	0000000000000000000000	0000000000000000010000	00000000000000000001000
000000000000000000001000000000000	000000000000000000000000001	010000000000000000000000000000	0000000000000000100000	0000000000000010000000	00000000100000000000000
000000000000001000000000010000000	000001000000000000000000000	000000000000100000000000000000	0000000000000000000000	0000000000000000000100	00000000000000000000000
000000000000010000000000000000000	000000100000000000000000000	000000000000000000000001000000	0000000000000000000000	0000010000000000010000	00000000000000000001000
000010000000000000000000000000000	000000000000000000000000000	000000000000000000000000000000	0000100000001000010000	0000000000000000000000	00000000000001000000000
000000000000000000000000100000000	000001000000000000000000000	000000000000000000000000000000	0000000000000000000000	0000000000000000000000	00000000000000000000000
000000000000010000000000000000000	000000100000000000000000000	000000000000000000000001000000	0000000000000000000000	0000000000000000010000	00000000000000000001000
000000000000000000000001000000000	000000000000000000000000000	000000000000010000000000001000	0000000000000000000001	0000000000000000100000	00000000010000000000000
000000000000000000000001000000000	000000000000000000000000000	000000000000010000000000001000	0000000000000000000001	0000000000010000100000	00000001010000000000000
000000000010000000000000000010000	000010000000000000000000000	000000000000000000000000010000	0000000000010000000000	0000000000000000000001	00000000000000010000000
